1.177632437915136832e+00
2.183833853078962051e+00
1.016663406309748385e+00
1.774471710913340328e+00
1.319100187673218239e+00
2.149510096415748972e+00
1.581647866188104157e+00
9.357174696532598590e-01
9.849009100110879267e-01
2.237043861326347916e+00
1.333692096606416966e+00
8.969082505040717468e-01
1.166778723064564094e+00
1.359703325312178857e+00
1.290845026220472924e+00
1.152127421975535526e+00
1.057269513471800204e+00
1.702451349668664848e+00
1.007363453595358171e+00
1.112065706959150857e+00
1.939079070389839954e+00
1.135709302617379679e+00
1.059292751627873841e+00
9.854207127262527566e-01
1.101732384635753181e+00
8.720315477005061711e-01
1.021632622768919640e+00
1.056367890654746899e+00
1.041288056968755704e+00
8.858560815965887958e-01
9.327167035383072680e-01
1.051167310010178602e+00
1.204747881749047789e+00
1.623110803960384763e+00
1.038056730241134096e+00
9.933947331341207443e-01
2.230865777963475072e+00
1.233840802551081861e+00
1.129421494618105370e+00
1.010057108149369665e+00
9.583893127426228453e-01
1.284879218353706776e+00
1.095265325035784665e+00
9.772851639659658751e-01
9.523707846896477536e-01
9.358844059763339329e-01
1.125878011336059803e+00
9.710094836400229301e-01
1.000956459662430520e+00
8.893622414154690459e-01
2.037686073328648373e+00
1.155717722722189311e+00
1.082875473113850129e+00
1.162400967075399194e+00
9.809636487071169419e-01
1.081877973769749701e+00
8.859478199433384882e-01
9.345817806435980923e-01
1.702861832356041161e+00
1.039494444894469405e+00
1.150630983727175538e+00
9.081216452642011383e-01
1.227185511020660647e+00
8.862047925429449302e-01
1.737088655029296325e+00
1.762184211241934584e+00
8.110730082970035726e-01
9.239851791735447240e-01
9.891423302329204192e-01
1.012314108334290585e+00
1.028653471254460605e+00
1.101672460189440983e+00
1.301025285921387775e+00
1.325534224078438683e+00
1.168296974973183744e+00
1.195870911348221988e+00
4.184776648427167012e-01
9.025473441827963628e-01
1.058223802036426076e+00
1.100897099215899066e+00
1.130982763148230319e+00
1.709807370876891497e+00
8.571364494666733336e-01
1.314472095596342260e+00
1.104624123890559195e+00
2.541240295170670294e+00
8.958626339988433607e-01
1.149880094350058446e+00
1.116527281417472706e+00
1.724410555067983131e+00
1.094832141112919821e+00
8.867326972331773804e-01
1.154959694272609916e+00
9.391738317932485369e-01
1.433431697654073078e+00
7.045048192380748420e-01
8.500293635231171985e-01
1.047991249518254842e+00
1.217847839483024996e+00
8.326000580364065762e-01
9.746395177739763938e-01
1.063625494467831611e+00
9.971248002248519482e-01
1.152712388851966585e+00
1.177911364960545049e+00
1.608784503069415672e+00
1.255248006211993061e+00
1.047075791263594846e+00
1.707334555257863373e+00
1.300609468069781061e+00
1.639342961771116824e+00
1.477980160578640012e+00
1.039563430054373017e+00
1.015700744532183064e+00
1.043888512746985686e+00
7.612166956787020933e-01
1.147052368464674066e+00
9.670965872257741847e-01
9.961712016133537073e-01
1.234863214093051775e+00
7.620406941000301693e-01
1.159783306786173140e+00
6.566095642264191401e-01
1.037236779971930423e+00
1.212507279415936168e+00
1.231684868433102320e+00
1.405519343083194483e+00
1.102698956285471876e+00
1.127459744854571566e+00
1.086897995463351307e+00
1.081184074044193144e+00
1.100060779288002832e+00
9.493354451740626532e-01
1.130449995897145232e+00
7.535721235729327949e-01
1.447040438765227366e+00
1.122193268947002665e+00
1.011071298911426108e+00
9.310531572123929012e-01
1.032686899889780241e+00
1.080360812466595322e+00
8.559457344761856046e-01
4.226542253986781406e-01
1.216695189727093451e+00
9.947409015286727829e-01
1.016186208021624848e+00
1.115009703827679832e+00
9.602770812361712816e-01
8.792064689257232946e-01
9.181772252310349547e-01
1.427584841360934886e+00
8.282747999803655725e-01
8.885365991741788205e-01
8.705722488282930938e-01
1.791724705621297264e+00
1.155505177562336838e+00
9.917317784413856030e-01
1.508352887624504479e+00
1.106551589122791945e+00
9.110924367311188377e-01
1.038435776329083460e+00
1.312724817202131744e+00
1.943837847231232985e+00
9.276749820083955989e-01
1.056168497871973200e+00
1.183261854595438756e+00
2.338148249831370151e+00
9.103362775532660711e-01
1.053595244635640915e+00
1.011298161815472385e+00
5.663973307571790183e-01
1.170368902182880477e+00
1.165167826098790105e+00
1.167340479200802639e+00
7.114595353484874929e-01
9.311491426669584737e-01
1.405751625623702816e+00
1.260261629237166225e+00
1.135968876792251114e+00
9.060037040886710358e-01
1.049201860644291218e+00
1.450610277108869139e+00
7.454343700280169349e-01
1.137064697883634734e+00
1.390497789019676134e+00
1.809578158049862218e+00
2.244201431435064897e+00
8.352553378611610180e-01
1.019266260140423430e+00
8.888910691752387461e-01
1.278375399336266538e+00
9.829505271257761301e-01
9.746545174882176310e-01
9.091276431684786052e-01
7.006996090656598675e-01
2.039288020274469204e+00
1.804716308201715691e+00
1.043025554196119087e+00
1.162337993191176588e+00
1.001795698429565062e+00
1.883344067276501388e+00
1.026207844927742086e+00
1.075140669755263900e+00
1.099198951532124102e+00
9.029860095053875435e-01
8.602630286434789220e-01
1.468206633246302628e+00
9.120614819688636077e-01
1.109661116962950000e+00
1.100215494683924877e+00
1.701722497371852327e+00
1.163696545831316209e+00
8.987843942343461956e-01
8.895362376408429972e-01
1.017462563141312781e+00
9.996753542443178597e-01
1.130512922583443824e+00
9.812803492961884588e-01
9.794821837034077827e-01
1.216165740839106890e+00
9.928427442153558991e-01
1.088505340191663340e+00
2.199149743601364282e+00
1.208184765609562561e+00
8.633172739063061929e-01
1.080481449433660979e+00
1.755507858863947668e+00
2.156850846362371676e+00
1.069277443767786107e+00
1.068164573333358236e+00
1.178997815034872332e+00
1.075597917572701290e+00
9.570488850860288110e-01
1.030830386895050355e+00
9.195564509806345432e-01
1.409177742810786338e+00
1.696618658480457009e+00
1.103700300872074935e+00
1.034941200163574715e+00
7.695874458757782088e-01
9.124623161780311964e-01
8.749962294110531502e-01
9.839852925755948609e-01
8.591183698967109761e-01
1.817144954687468505e+00
1.428446980268175626e+00
1.347260153420110740e+00
8.932169241163203655e-01
1.115360861034292661e+00
1.130580454288583558e+00
6.183147982146189880e-01
2.214009905395524669e+00
7.596573445644217992e-01
1.004374519140543542e+00
1.211693911433058046e+00
9.883062279564236441e-01
1.211908544121513831e+00
1.135828993487414396e+00
3.110100087300780025e+00
1.295087812645165259e+00
9.763661703742159137e-01
9.720191780630867973e-01
1.099567200582957094e+00
1.678016326979521633e+00
1.131573979731913981e+00
8.180103301767205348e-01
1.073643676341027753e+00
1.131853605303050347e+00
1.058486612037318197e+00
8.162214392195135115e-01
1.225291490836118102e+00
1.848930817426010620e+00
1.177017041273749287e+00
8.691387561475837353e-01
1.367630903864022418e+00
1.022697325119080070e+00
1.360278423737527831e+00
1.186681678035176768e+00
1.383783160173749582e+00
2.485995924111829236e+00
9.899770024395578849e-01
8.809189176223460871e-01
1.111956842342805007e+00
1.029971630881291844e+00
1.022167451456041709e+00
9.281086224171526400e-01
7.692140058440669614e-01
9.888323580161088033e-01
1.012544224601253706e+00
1.025443030870441863e+00
8.949555112234880427e-01
1.112060750695512690e+00
2.354463512347333420e+00
1.079735167332204204e+00
9.142842737370940887e-01
1.247431811966013715e+00
1.199596449739730675e+00
9.407245573749797307e-01
1.091810757501054718e+00
1.015069617815406167e+00
1.023173518594143516e+00
1.239906747263557873e+00
7.194689705473247265e-01
8.237100319670188631e-01
1.026861829479951860e+00
1.065647624723295772e+00
1.177832184346249589e+00
9.667265277237991894e-01
1.100876244670992987e+00
2.315824579373849001e+00
9.182658198949463779e-01
9.950250727853878763e-01
1.499417753819769050e+00
1.096437174895329214e+00
1.083352949609233784e+00
8.585857359911712727e-01
9.860976135966236233e-01
1.108514567459221167e+00
1.814517927329054370e+00
1.072604304577679635e+00
9.831957481954386457e-01
8.653704859623791990e-01
1.139588793830583535e+00
1.212444571714082153e+00
1.182269945786977638e+00
1.296943875443093530e+00
1.005806438211276133e+00
8.690921868416660034e-01
1.103816260902903412e+00
1.110838755883521767e+00
1.129787369159609645e+00
8.210544085150339733e-01
9.915146324530651478e-01
1.072139098186401407e+00
1.006639453945066709e+00
8.763611809305085210e-01
1.155288679016395204e+00
1.108048412968061225e+00
1.265609969574825300e+00
1.077349671290853905e+00
1.133762290953012286e+00
1.131165424182872359e+00
1.057396359794921192e+00
8.708328391493653786e-01
8.119588544093235827e-01
1.099535897646626070e+00
1.001664454025714690e+00
1.109816378152417071e+00
9.354274165341748271e-01
2.063811216292233741e+00
9.808141437208106606e-01
7.671624304006172679e-01
1.091434331094766508e+00
1.412270912828884173e+00
9.629461607098696030e-01
1.241586297424014163e+00
1.137619250564550821e+00
1.069403003659157969e+00
9.749993790460989018e-01
1.100832483189548849e+00
1.037362891591969039e+00
7.343650873670131141e-01
9.268808952686303781e-01
1.169168608881526739e+00
9.558163668199076701e-01
9.304771216599625472e-01
1.014045853262720343e+00
1.014298402928818676e+00
2.749372204552709142e-01
1.098671660042582987e+00
3.737231345225620061e+00
6.409782460425613726e-01
1.145089365141224835e+00
6.008856269452872434e-01
7.582890093546518218e-01
1.060483765904959519e+00
1.156432872404296930e+00
1.181886783171816280e+00
1.777722414572517007e+00
1.539724668004247787e+00
9.427303948126405375e-01
1.727411426150361473e+00
9.456090612313895472e-01
9.979066480163953923e-01
1.326972762396834815e+00
1.257740746973440071e+00
3.029591066164329050e+00
9.828842560259138939e-01
1.308871078483971440e+00
8.966066276305425520e-01
1.220312713123084203e+00
1.212685021014071607e+00
1.351500586290485417e+00
1.873100638484032521e+00
2.178572999670354005e-01
1.041042975503282619e+00
1.140883443358235327e+00
9.550908545597008859e-01
2.202916317854113348e+00
8.896387665230420794e-01
7.660422087649967349e-01
1.078758486167754160e+00
1.020142183163598393e+00
1.040074823214953703e+00
1.083436528411244604e+00
2.017541086253489269e-01
1.006275068592465960e+00
1.107783958532411850e+00
1.006772787790268575e+00
9.315635646811617487e-01
1.103719522948138687e+00
1.019241404119380467e+00
1.208081039242471233e+00
1.173127353423868646e+00
1.095404593418411121e+00
2.959004672023749505e-01
1.036767189449448567e+00
3.169734962836096570e-01
1.034367591930761998e+00
2.633993067670159061e+00
1.410662764147948112e+00
1.110899992276818571e+00
9.349299490048897932e-01
9.972413684207402929e-01
9.691668604900451900e-01
1.058319314778909837e+00
9.284821264680255259e-01
1.004400184823642350e+00
2.242697578883480425e+00
1.349852029565417499e+00
1.031869461974096236e+00
9.103163313882778329e-01
1.218624083032083139e+00
1.787711138735494698e+00
2.005389134584099953e+00
1.073495036568386629e+00
1.100718759483990672e+00
1.046537302216960397e+00
1.022966416746251772e+00
1.005730174326425974e+00
1.135456822402443056e+00
8.971117769511278706e-01
9.483629276103469063e-01
1.063186061151267126e+00
1.234446496433626805e+00
2.160024506938002631e+00
9.091231111782603902e-01
1.021462570671096692e+00
1.015192002174130748e+00
1.027257906872371951e+00
1.510394969110524066e+00
1.187155233901807661e+00
1.042528349851482128e+00
1.093045112496869864e+00
1.137579851965775379e+00
2.142727778210230749e+00
1.005334656617197453e+00
8.644476208166711473e-01
1.107449882519857987e+00
9.750201795758087764e-01
1.281388780188074783e+00
1.134344790428991612e+00
1.082293090077288911e+00
1.922005129318856032e+00
2.238405212162093871e+00
1.228938282279333105e+00
9.814239801758182224e-01
1.024484881292363925e+00
9.128355045157263703e-01
1.295163788648320269e+00
7.759852274647142112e-01
9.928830968322613915e-01
1.147128463021116040e+00
1.346293524516278151e+00
1.257795069077245032e+00
1.090321538153491421e+00
1.017862737623595137e+00
1.043819512234017255e+00
7.427535480040834415e-01
8.586865471361850854e-01
1.673736721279319939e+00
1.372502956604172653e+00
1.316391216248072205e+00
1.046049624847942061e+00
3.943649165776766941e-01
8.793942952534391511e-01
4.316237565755611238e-01
9.668542693146188194e-01
1.301311575323989889e+00
1.216446644707652514e+00
1.025357904861415204e+00
8.673178252615685313e-01
7.376694522182966063e-01
5.270217216674945027e-01
1.742827563879817188e+00
5.971062587923388065e-01
1.052836746644034482e+00
1.161542593880567464e+00
9.341695955446462918e-01
1.060043947008392218e+00
1.143853013181357792e+00
1.067535733840767387e+00
8.750688536499016124e-01
1.126514915217370350e+00
1.372792558822868658e+00
9.652678857105285726e-01
1.037214201744555808e+00
1.207380830051544729e+00
1.023324960394711214e+00
9.514361612092566700e-01
1.173267944703420440e+00
1.734796020326325516e+00
8.513901455473567026e-01
2.383204460106183475e+00
1.014503417760602932e+00
5.476651405062249456e-01
1.299738738782389103e+00
2.218247869135393291e+00
1.389855147167110339e+00
8.695412444554820874e-01
9.962325311234595526e-01
1.280458040336327263e+00
1.091177848267046668e+00
1.128384120908068722e+00
1.190107916043633640e+00
6.206681865089833661e-01
1.399041931681879403e+00
1.313989669345063227e+00
3.953580939691720975e-01
1.145359323585807276e+00
1.354483534656299559e+00
1.104231441874926611e+00
1.901753133464899159e+00
9.648190237706165684e-01
2.015545313661228466e+00
9.348172886397133619e-01
1.029982953628104880e+00
1.026663157802735649e+00
1.031243963266466279e+00
9.704582932286949237e-01
8.793197038728854942e-01
1.054766988065696909e+00
1.180672797516090444e+00
1.201493723635564947e+00
9.838425615605860264e-01
7.301183598268735642e-01
6.424568529186772681e-01
2.555187159318791923e-01
8.302214533101182070e-01
1.062269551357268860e+00
1.261084929864377591e+00
1.077073851135852856e+00
1.445578563390842675e+00
1.009912849400254276e+00
1.110705721712053284e+00
1.635561409085081630e+00
1.048112091762029019e+00
1.074613564898450724e+00
1.148347517139481688e+00
1.523690530086550643e+00
1.035324850738024827e+00
1.241032226306838515e+00
9.516794215622793596e-01
1.127140874936841675e+00
1.020439365374963270e+00
1.096508431511111770e+00
9.784135526971337038e-01
1.193596425949470907e+00
1.063576411877710681e+00
2.164958553415762932e+00
8.932514248586156391e-01
1.101393593068944243e+00
1.081992797845213738e+00
1.568961130555798222e+00
1.158349050327437402e+00
1.181958449758218732e+00
1.423706326350892670e+00
1.282803852201700234e+00
9.306741132216412860e-01
9.055425263127955260e-01
1.026437299891950206e+00
1.183879009364664059e+00
7.874446259736451736e-01
1.124351826259805565e+00
1.086290875275047085e+00
1.113962137970107902e+00
2.058945948498826617e+00
1.031238393208478987e+00
1.145726773300046464e+00
8.085588984388160094e-01
2.650263369905370148e+00
1.733066124556093213e+00
1.116541787074140313e+00
9.304037303155492378e-01
1.964733143930706527e+00
1.026630608222143248e+00
1.827117936727029601e+00
9.327972674298887767e-01
8.896895017417836282e-01
1.246688371000928219e+00
1.705280824931216133e+00
1.007797196158844999e+00
5.626924568800065751e-01
1.014595488798095912e+00
1.433657060312786280e+00
1.082178748860121553e+00
9.897485822583373949e-01
1.138471917440192716e+00
1.507651096999096163e+00
1.075407828747106498e+00
9.364881326447606069e-01
1.113467127906756060e+00
1.061312441103550386e+00
1.085569633903258557e+00
1.303456737228685158e+00
2.606873934227627032e+00
9.068652890966765190e-01
1.064659042295224234e+00
1.085580828625086758e+00
1.004850122048507322e+00
2.234803593906586894e+00
1.183999390406156316e+00
1.740467857389392803e+00
1.036093849241808806e+00
1.067120437572737002e+00
2.135934549883564237e+00
1.045652788978641334e+00
9.859172167647874963e-01
1.141047085934748573e+00
1.104519243142271234e+00
7.136529770641498738e-01
1.264043273366698195e+00
1.190335717919570158e+00
1.109361839054847865e+00
1.246743736016573179e+00
1.013967335339421183e+00
9.699504101324615268e-01
1.073249521068749379e+00
9.345373031453488855e-01
1.462611699121709963e+00
1.387967585327732678e+00
1.061222911431935589e+00
6.825157218854731589e-01
1.037301564954674848e+00
9.303847462364974730e-01
1.059365725170462458e+00
1.259695336165236323e+00
1.056737577091780844e+00
1.897453065429665520e+00
9.568783412526616905e-01
1.046936071492543308e+00
1.150438196067715246e+00
1.032605933261086628e+00
8.355342600793135288e-01
1.027475135578877818e+00
1.050873415835259284e+00
1.018646303336244952e+00
7.615495587870069194e-01
9.347679534340035401e-01
9.979361240763167107e-01
1.768174859789974906e+00
1.196127252204956193e+00
1.232341914096445556e+00
1.308089439318291802e+00
1.069133999796437529e+00
1.207220003541876974e+00
9.208524339024857230e-01
8.293171283979982045e-01
1.837090114127177598e+00
3.824574270789035113e-01
1.147753423587418053e+00
1.076342693981073850e+00
1.477131742642324275e+00
1.088220790521007952e+00
1.056420188542626537e+00
9.986747191498397402e-01
1.211479917616749669e+00
9.730198661496878287e-01
1.148990418454298501e+00
9.692444630395032901e-01
9.728091315964932928e-01
6.952626588739978519e-01
8.368553254235061578e-01
1.005469328148842711e+00
9.393384271479238157e-01
9.999571345538580402e-01
1.094298099448658412e+00
1.180236118142085955e+00
9.516984774455671259e-01
9.859569108819496996e-01
1.029333853542272470e+00
1.122544738702350609e+00
1.044985321601154427e+00
1.455361224758285443e+00
9.981018543003766785e-01
1.157577433147367829e+00
1.056108265000491597e+00
1.248266454122901159e+00
1.214393292244750677e+00
1.128928306246183233e+00
1.153298901013229294e+00
9.012751162159070573e-01
1.147965208810467264e+00
9.760700557835523261e-01
1.138294431219644354e+00
1.913041089338242795e+00
1.067800786774853572e+00
8.394266817720047458e-01
7.869038268456238772e-01
1.336161276473946780e+00
1.545041054849983109e+00
1.198104250868160969e+00
1.005625513834287776e+00
1.182483795026566753e+00
1.111005454916087931e+00
1.703238165651190572e+00
9.615835488005571863e-01
1.166778796179960720e+00
1.012900705286168712e+00
8.205882604940435421e-01
1.066066263957523796e+00
1.130020620028767020e+00
1.054499755496141056e+00
1.121518594851014683e+00
8.651838638858295738e-01
9.172134732840629967e-01
8.861805278399775831e-01
9.380719485209063624e-01
1.055082311854079302e+00
2.437371684111636849e+00
1.154845054860292430e+00
1.143560106510367547e+00
9.182758580679276639e-01
1.045048828349156578e+00
1.028962623292953404e+00
9.163928604452903359e-01
1.050405484624433949e+00
1.343983212068712518e+00
9.604066091362303270e-01
9.667117450975648563e-01
1.456503752763810056e+00
1.191473199983090314e+00
9.676555300003523152e-01
9.544954847845324997e-01
1.875393373956145027e+00
1.945051646198153072e+00
9.641269668170334706e-01
1.089943844463864053e+00
7.605036242591803886e-01
1.128024468174661621e+00
7.599003890978984765e-01
2.460371784820025276e+00
1.144751269687182216e+00
1.036607263244599064e+00
8.781239444626119939e-01
1.111212897684608958e+00
8.383897675388207738e-01
2.637625904356980744e+00
9.401793161413866118e-01
1.069032525536311562e+00
9.303219972723456577e-01
1.852934957946895889e+00
1.037882211214156358e+00
2.011025442565167687e+00
1.006587545221238722e+00
9.785313276042951758e-01
2.060874369758221469e+00
1.069699450180658262e+00
1.221294673845448875e+00
1.150564091267950895e+00
9.406357450830165057e-01
1.705778312954303155e+00
1.026570599052502253e+00
1.050437571887345767e+00
1.125090176926931695e+00
1.006537703702723663e+00
8.594800281750275550e-01
2.169778258818247707e+00
1.221888131858762661e+00
1.225303223229552652e+00
9.816171976294636448e-01
8.737315790377422342e-01
9.590100033955903935e-01
1.050032782420022404e+00
1.040783963716618521e+00
1.468367437350775573e+00
4.942422978587802662e-01
1.337104391265511616e+00
1.416697104264792895e+00
1.207878221875931857e+00
8.971307030291160167e-01
3.018254386248695020e+00
1.101244312979171136e+00
1.372238777768288065e+00
9.536001777212941288e-01
1.084360722517716091e+00
8.052739232651375811e-01
1.141894157358030348e+00
1.218207804084424195e+00
9.913810000876845940e-01
9.343453190869341896e-01
1.072399386573852809e+00
8.451019141494605647e-01
1.119846390307861927e+00
1.083772091497055889e+00
1.646068975121984135e+00
2.083329110248536509e+00
1.040097062838296615e+00
1.146675044587460057e+00
9.434817699858211171e-01
1.183705157055189527e+00
1.092701522328805019e+00
9.916432005697597418e-01
9.290573998732594152e-01
1.286119848986334802e+00
7.394065439986204913e-01
1.445907306303108486e+00
1.908296823305413170e+00
9.894224887335898444e-01
9.425132860754790176e-01
1.038318085014318548e+00
1.140749277891718982e+00
1.071817414446972982e+00
9.654377549984115570e-01
1.108423833879033094e+00
1.103305450026934809e+00
1.174207300639489526e+00
8.227064578272111905e-01
1.767539689798372393e+00
1.089674815292822396e+00
1.188891372741795793e+00
1.115311592649448347e+00
9.680689319329942588e-01
1.118100321142842191e+00
9.938510309652420771e-01
1.090685458304349043e+00
1.924100049615549368e+00
1.019408765536392814e+00
8.439977202719538552e-01
7.912282685747575872e-01
2.384924125435392561e+00
7.213139826453818237e-01
1.349805798914224253e+00
2.114408947389705418e+00
1.294382869274157466e+00
9.889401989719895925e-01
1.168290904398585184e+00
1.121120038283868636e+00
1.663322946533937197e+00
9.469985278827818265e-01
1.030666247869720609e+00
1.047980889339324984e+00
1.001765845403289834e+00
2.454735466052781589e+00
2.019655338778266529e+00
1.142524680834863027e+00
8.116348745857326907e-01
8.743100160093187911e-01
4.627273335484399230e-01
1.129066037120412425e+00
1.064001051954898802e+00
1.184970468528995902e+00
1.091809381841147397e+00
1.852919266866983161e+00
1.021791604024072431e+00
9.401713925646544290e-01
2.171656608389842091e+00
1.090078009326444830e+00
1.119204583768721672e+00
1.090409969120729405e+00
8.566165289697686980e-01
9.951080993051691914e-01
9.239345002146335251e-01
9.981864764888609409e-01
1.167513697370136105e+00
1.048948090185126691e+00
5.599321882324401756e-01
8.578303706463032974e-01
6.023769558366875998e-01
7.166425296536073075e-01
2.412920184692841197e+00
1.701711496624269238e+00
1.204551024728476527e+00
9.605891890175310976e-01
8.647668603082658834e-01
1.009564221718619592e+00
9.632202201483874848e-01
1.192309103084511657e+00
1.038450091928858177e+00
1.117520717481248704e+00
4.961060893039526132e-01
1.386126971208833547e+00
1.108914970489277341e+00
2.326179947143826698e+00
1.119432145374222420e+00
8.737332822835240931e-01
8.970789651401372966e-01
6.163870020115289616e-01
1.197431808548389709e+00
1.771773217303432624e+00
1.050743042047250553e+00
1.192145292422671643e+00
1.356878391850544485e+00
9.051465626118950780e-01
1.170024311797394745e+00
9.403531621555301090e-01
6.395561739399114876e-01
3.748682361602147517e-01
7.765351348773915641e-01
1.832284761755146096e+00
1.126707995219931258e+00
1.063513325225207362e+00
8.641396999000108270e-01
9.938459465575630869e-01
9.158931110978189016e-01
1.096284434980974609e+00
1.131652441070276627e+00
1.296488720918783644e+00
1.349015807327250016e+00
1.500432870655135753e+00
8.873565954898373631e-01
1.037728134338375297e+00
1.114750513737139626e+00
1.119977729450690074e+00
1.301103077953042142e+00
1.863424885127787478e+00
1.129338067142701130e+00
1.229182999741399218e+00
6.657209204522139823e-01
1.019065302827622421e+00
2.024371800656178166e+00
2.084234161757124948e+00
1.113304279947499920e+00
1.864793810199105284e+00
9.245735615049448519e-01
8.989643535841020938e-01
1.002230916008769679e+00
1.648814863461392610e+00
2.287111841050714744e+00
6.577752004806828312e-01
5.839496016645631116e-01
9.135689606436210308e-01
1.138981253014522466e+00
8.956245766038914979e-01
1.129004338034749866e+00
9.411753736974434181e-01
7.204863668689335254e-01
1.243368280469225429e+00
1.853233104709721024e+00
1.168185752418843038e+00
1.633617890608185963e+00
8.223844008429976871e-01
9.854875587103857359e-01
1.043016113744537954e+00
1.047408897424198404e+00
1.154799111539552614e+00
7.531792461022314145e-01
1.131299734991809247e+00
1.248522187742717948e+00
2.788092797930164846e+00
1.143601839274672294e+00
1.032049491065696545e+00
1.800105852994769551e+00
9.317971597812776396e-01
1.031706185087408745e+00
1.382069177211914690e+00
1.153767805609141828e+00
2.493117211499562558e+00
7.750933436950753208e-01
1.080841219866344183e+00
9.691124535670391227e-01
9.354876062204240394e-01
1.105440759473839352e+00
2.026754917834662439e+00
9.575738142577040479e-01
1.153324836373281315e+00
9.695579714026910656e-01
1.107488234514332426e+00
1.142308827573772723e+00
1.187918740501588966e+00
1.282163278314278898e+00
1.005507687087582314e+00
1.211076452015500182e+00
8.808333521170448321e-01
1.082963217886829144e+00
1.408328088206856288e+00
1.058682128274016865e+00
9.546444689520530158e-01
1.232961770271039370e+00
1.192855530282355803e+00
1.867024495966838948e+00
1.621929430285677265e+00
1.018272198390465233e+00
6.442588638610025065e-01
1.143601943530293319e+00
1.037234861977552880e+00
1.211412660200770652e+00
1.183572758799131375e+00
1.124946579963220783e+00
1.090475992370400826e+00
1.904938723871030026e+00
1.041284848912380712e+00
1.038308529837411065e+00
2.578932889016309904e+00
1.802336095612145250e+00
1.129405883446741310e+00
1.688362683466331449e+00
6.946944177769723838e-01
1.443926649660018047e+00
9.294209409118108223e-01
1.184866348086928811e+00
1.933588368306509153e+00
9.184861248235139941e-01
7.777945430707934316e-01
1.109381282766192411e+00
1.001531616486181830e+00
8.386967746602806972e-01
8.703300593844200961e-01
1.293649864772892011e+00
1.681723745099250378e+00
1.154252961194456084e+00
1.052029421513398733e+00
1.084962368362824892e+00
5.135535993671784816e-01
1.171992483398320406e+00
1.309210681238581087e+00
1.111660465732495329e+00
1.496128978730623116e+00
1.102217887229298920e+00
1.093355167849145548e+00
4.837026639174239473e-01
1.717818190423165969e+00
1.066570830123146019e+00
1.251316576492179866e+00
9.448740781460789329e-01
1.078357068999239665e+00
8.674771072561567875e-01
9.785439019192654353e-01
1.486192702248716691e+00
1.141231729616232204e+00
9.719521383025684358e-01
1.096567494603490678e+00
1.135034449069217910e+00
1.091630069501689837e+00
2.420423912852945669e+00
7.688770974823032622e-01
8.792179974686564758e-01
9.581466595877822234e-01
1.137988614139565202e+00
1.017835482513430811e+00
1.090487560270358980e+00
1.032699038556835092e+00
1.022408409712747046e+00
8.908951697642792933e-01
1.632996179263618286e+00
1.327672512539497252e+00
2.016010415769059705e+00
9.761417305088815333e-01
2.292668598433648341e+00
8.950290548699509907e-01
1.103509490787751846e+00
1.024404007131638261e+00
1.260071467735888850e+00
1.193027663478482214e+00
9.190463096060129677e-01
1.187115514824901963e+00
8.625356443284324381e-01
1.521900337800085046e+00
9.627641689769812494e-01
1.066287319112656728e+00
2.426574404392119799e+00
9.231747304130042409e-01
9.917946814127193145e-01
1.025341839325580873e+00
1.004633591082644051e+00
1.676526167380488985e+00
1.144877043724095822e+00
1.660892418521343838e+00
1.101773741538008666e+00
1.159601292765101155e+00
9.702576230814792257e-01
1.051268933643838333e+00
8.592453810927349611e-01
9.878029556577538894e-01
1.326037015316109846e+00
1.152196001222525634e+00
1.564405987252019736e+00
1.131111012997940923e+00
1.164744228912192314e+00
1.198481253804197122e+00
1.029076344633430340e+00
1.862694559106125913e+00
9.605044403913648443e-01
2.002868478391016005e+00
1.027040143343594059e+00
2.123776117330237412e+00
9.810215832665336588e-01
1.281565542011804393e+00
1.322959910446363407e+00
1.105692836204189566e+00
1.198415411521547735e+00
1.042529906687777341e+00
8.644835659484232382e-01
1.166904162449378335e+00
9.147342061654591960e-01
9.387581228129219246e-01
1.015334833663625647e+00
8.023345242897659269e-01
1.215083056055232369e+00
8.511335011802443340e-01
6.752790650837799946e-01
8.929587822914973883e-01
2.461822773371660222e+00
1.015487552847316843e+00
1.024663782261113987e+00
8.664243166963153664e-01
1.077550560037309646e+00
1.101809074243356834e+00
1.053171126086740683e+00
1.220577118783984449e+00
1.241740090084926029e+00
7.655017001680416433e-01
1.091932408143057254e+00
9.646702463469883915e-01
1.012177017368640630e+00
1.012780724232972718e+00
9.224245999335161095e-01
1.019476977267032458e+00
1.056089306940521722e+00
1.095022066316956089e+00
1.079301903558710141e+00
8.091491845518347104e-01
9.671564062783357674e-01
1.136505428182248423e+00
1.045751229785848890e+00
2.892135102340104513e+00
1.561380560155789521e+00
9.917602247276362526e-01
1.014591296769017159e+00
9.763071439041228761e-01
1.119236754398174716e+00
1.217716152215377212e+00
1.024134909558667816e+00
1.431012830179985817e+00
8.803105718172782312e-01
1.226959578643686655e+00
1.111312680289667565e+00
1.133894308817897656e+00
1.178296861022835262e+00
8.550191370337231200e-01
1.283294385891784239e+00
9.528853251260822610e-01
1.105592219793357645e+00
1.058673129633953325e+00
7.703557571574407570e-01
9.960039803269885583e-01
9.999101383507515983e-01
9.976987907740100248e-01
2.306950854399628437e+00
1.650636559130034708e+00
1.077250872816582383e+00
1.118595124670937579e+00
1.978411161345580593e+00
1.421010598566691430e+00
1.310708620384393619e+00
8.970360517275373091e-01
1.061984812514612075e+00
2.299655743958628040e+00
9.707056541051619636e-01
4.318766545450438699e-01
1.994266286720393744e+00
9.241008112437706368e-01
1.103639113127214744e+00
1.257913416739368628e+00
1.529605633070650672e+00
8.584572890907556930e-01
2.090516628307435898e+00
1.118721868468115055e+00
9.314338236645748337e-01
1.381147614193542372e+00
1.275696171107634669e+00
1.182929999390804898e+00
1.181736167630198064e+00
1.094512718633763981e+00
1.085920817683414974e+00
7.780595421591577354e-01
1.080354064226200395e+00
1.414400184512970560e+00
2.121371588596606017e+00
1.209838186035410157e+00
1.012057498951957513e+00
1.140295709431950577e+00
1.144084352576941077e+00
1.176263084599409758e+00
1.144619886063040770e+00
9.886038433104260559e-01
1.062702973769790171e+00
1.903316529075452790e+00
1.231441963298139264e+00
9.043380730818691982e-01
8.422890243352251227e-01
9.777622586003840155e-01
1.419864041905796626e+00
1.072159440112647077e+00
1.012564716733365566e+00
9.289631636572722728e-01
1.211876470568428177e+00
1.625107212909522980e+00
9.894052203988156213e-01
8.947143697571746657e-01
1.031948080144647228e+00
1.153403868751653905e+00
1.140423374832977288e+00
1.313168845646364824e+00
1.190405972411181734e+00
1.012615852018168283e+00
1.188587387178970944e+00
1.230238473633613605e+00
1.108738218572406176e+00
1.112913147229302790e+00
1.053612592553620164e+00
1.042459188625560529e+00
9.880146609225949339e-01
9.655514931409781010e-01
1.094136347613920313e+00
1.801734610049355867e+00
1.029059312036051610e+00
1.176230508641520567e+00
7.857419160554993676e-01
1.760230140472417881e+00
9.648801592446772935e-01
1.105076546686121874e+00
7.431847554017593227e-01
1.352244929747183244e+00
1.101863124774907554e+00
1.040124504347250234e+00
8.100201406672165039e-01
9.723051122371787480e-01
1.029635100497608563e-01
9.090364181293547619e-01
8.918172901164056476e-01
1.198269130993558251e+00
9.335625985325222143e-01
1.054987940436642013e+00
7.355584820256390044e-01
9.514315539243091147e-01
9.772731019843029499e-01
1.001621113544867825e+00
1.746030136275248612e+00
9.244014099211839142e-01
6.393613751855212746e-01
1.054265734771803853e+00
8.951436930309953910e-01
1.149286881073737554e+00
1.048309347405247616e+00
1.912884374409281163e+00
1.099238829866086231e+00
1.097065285586834582e+00
1.129386618174728740e+00
9.897909479033376590e-01
1.161892521429711334e+00
1.002360747742900404e+00
8.232325713022961011e-01
1.102511280126447835e+00
1.263049586413807823e+00
1.090662114423315510e+00
9.332438178356197156e-01
1.062060302979147330e+00
1.282303585791701561e+00
1.153955788231385338e+00
1.046347633102957753e+00
7.985664464539872220e-01
8.256965238819543584e-01
1.172189558202344717e+00
2.027923817253411087e+00
7.716914239373603435e-01
1.112351162903238322e+00
1.118681270941998207e+00
