1.081751664873301593e+02
1.072086599847980466e+02
1.045297544086226225e+02
1.081434616057327247e+02
1.059526688429621117e+02
9.980280146791417906e+01
1.084765204764185000e+02
1.061141084412304565e+02
1.069944672070541287e+02
1.081002966913745098e+02
1.085631865242061878e+02
1.065102877802390537e+02
1.076473927020919348e+02
1.033393367091224491e+02
1.037499777772495975e+02
1.044461377251325871e+02
1.050615439871356784e+02
1.091038602908821957e+02
1.056043877965933717e+02
1.031653221881750824e+02
1.084202612136045474e+02
1.079082430441900016e+02
1.077149629149929098e+02
1.087640731086825383e+02
1.090760353511512903e+02
1.046721462965136737e+02
1.096890341068389461e+02
1.036644467778510545e+02
1.068259574563124801e+02
1.071676864874566775e+02
1.107219008388298960e+02
1.074232350058443046e+02
1.064177845500924491e+02
1.070354054614250288e+02
1.015017723433165884e+02
1.047697926332729139e+02
1.029880142896839885e+02
1.068787419284680027e+02
1.069322482694153820e+02
9.673017783461958174e+01
1.072064010584422391e+02
1.060266758000711178e+02
1.073698371454279084e+02
1.071075637911525860e+02
1.044260506971750999e+02
9.577537244037038988e+01
1.082491324121999270e+02
1.081927709371933446e+02
1.060975278741521208e+02
1.070479226076956962e+02
1.111550214586138452e+02
1.078933727467628785e+02
1.047668047835259557e+02
1.044201862780359136e+02
1.015359415621778538e+02
1.067718899681998721e+02
1.065148842525590709e+02
1.043817589597971960e+02
1.053138264791794256e+02
1.079731304963262914e+02
9.655156004891144050e+01
1.067688847272702901e+02
1.073033266828791881e+02
1.091423880160331805e+02
1.038967224779498792e+02
1.078297571758232465e+02
1.084564024119964216e+02
1.028913601453673436e+02
1.098661363042197365e+02
1.040691468242389277e+02
1.096814280545661404e+02
1.043653548182141861e+02
1.034040836645896633e+02
1.068828455185530117e+02
1.072912726311883205e+02
1.029529597996616275e+02
1.045521669849739936e+02
1.083785857769808416e+02
1.054251009719778835e+02
1.097949773815169578e+02
1.071765213511725534e+02
1.086941367089927155e+02
1.051168256428780836e+02
1.033714855128567791e+02
1.064002272665786819e+02
1.083485513050349454e+02
1.061627550430566771e+02
1.114505456742083709e+02
1.012852300684569400e+02
1.047986390835220192e+02
1.022638795988829656e+02
1.088394703661302287e+02
1.058369636246026460e+02
1.085116130713999638e+02
1.043850696749813096e+02
1.056374739468938202e+02
1.068592406302878288e+02
1.086309923157177906e+02
1.051021758774922290e+02
1.052935761998970463e+02
1.077275813390361208e+02
1.095847929217437695e+02
1.066396564453622631e+02
1.101922994315302304e+02
1.047421213133846152e+02
1.064274369880984779e+02
1.061571586754145784e+02
1.069222406830021299e+02
1.068578862912750935e+02
1.083976435663938815e+02
1.042617627917253884e+02
1.087676958046873636e+02
1.048297642224764132e+02
1.098969794467712973e+02
1.083560887991380639e+02
1.046847946250041730e+02
1.046837012175321888e+02
1.038014211909498385e+02
1.040564474255332357e+02
1.050695559194248005e+02
1.076075389972954213e+02
1.071173152610896580e+02
1.017255572834209403e+02
1.097325351508406044e+02
1.056375404287664992e+02
1.022769083575506670e+02
1.065148952646796232e+02
1.035329216602492579e+02
1.071355511848897208e+02
1.041534984287309271e+02
1.064470374250646785e+02
1.019684021809939480e+02
1.106010093409242074e+02
1.057674852749480863e+02
1.041551591466338493e+02
1.045994539142775608e+02
1.030202166975820148e+02
1.067294035959403544e+02
1.046099442931810302e+02
1.061904957960672249e+02
1.059069451863455242e+02
1.058493117404193953e+02
1.088119056652320467e+02
1.100747232738465442e+02
1.071652242463253089e+02
1.060598844631706044e+02
1.071977068808230484e+02
1.086520900091912551e+02
1.047263890791087135e+02
1.084319859441786633e+02
1.037307774160776006e+02
1.084734235581326089e+02
1.052476063868930112e+02
1.048821135979048478e+02
1.026018697444391563e+02
1.081063965799623929e+02
1.068638701531836688e+02
1.071222049734248856e+02
1.063718845806266984e+02
1.067942166432689106e+02
1.049685239852494050e+02
1.054267299899769768e+02
1.033806537211221439e+02
1.074783323978361977e+02
1.081326025590287117e+02
1.069141459299398775e+02
1.084232074415514404e+02
1.066665761577587119e+02
9.767117090839626314e+01
1.062820063902087355e+02
1.030029750484855811e+02
1.048353665037588627e+02
1.049353742620470200e+02
8.514010314692114889e+01
1.052548492610222013e+02
1.115799979662815389e+02
1.029579275810506260e+02
1.069452890364041764e+02
1.078975111377550462e+02
1.005480428791925931e+02
1.042618374980346090e+02
1.092681177986009118e+02
1.081720937474636628e+02
1.049329673924443966e+02
1.060794175882371206e+02
1.053561926941917477e+02
1.091264803846730729e+02
1.063298120190023326e+02
1.036507480154157719e+02
1.042031909328470789e+02
1.080301088758624388e+02
1.051382661702746333e+02
1.061901172934913546e+02
1.026642753011090150e+02
1.098528135911543728e+02
1.050944664279619900e+02
1.050585656897319922e+02
1.096139552302361295e+02
1.066839950502556604e+02
1.071585440095966675e+02
1.043265995266574890e+02
1.077727179819642913e+02
1.066445991362299992e+02
1.065840721573933649e+02
1.007736360442013677e+02
1.043897790129822027e+02
1.056300123649628802e+02
1.030937987605694985e+02
1.043995306211622278e+02
1.040945852377591336e+02
1.073929373621404153e+02
1.038555408310223811e+02
1.061867235989341225e+02
1.100180829346793985e+02
1.084157511418265614e+02
1.085717089373876547e+02
1.063599866676037351e+02
1.083656334786882951e+02
1.034101795410022646e+02
1.069848839614716525e+02
1.081189469881821452e+02
1.074470452681095907e+02
9.976504773389746106e+01
1.056022126841889701e+02
1.038977366927290262e+02
1.014192877067233383e+02
1.062194574332133499e+02
1.065134149403086354e+02
1.049971293901452896e+02
1.012875973713440914e+02
1.074485164008887779e+02
1.068956477592314229e+02
1.082411673226402087e+02
1.033575751622035028e+02
1.067212972867332752e+02
1.105367227742547698e+02
1.081641559431565724e+02
1.075662139990870116e+02
1.060328352479430833e+02
1.060643288172689864e+02
1.067363703746338501e+02
1.050896909746340242e+02
1.070675697981005783e+02
1.038215631231783362e+02
9.267970531350887597e+01
1.092697900366796233e+02
1.063383197908682121e+02
1.084168582978380044e+02
1.088205403186897229e+02
1.084400391607168217e+02
1.066500116591692517e+02
1.052359045517719949e+02
1.099919242523040595e+02
1.007423728890079957e+02
1.073602264831067146e+02
1.089302160018401651e+02
1.077653121928391897e+02
1.099850826240894861e+02
1.057661375153039671e+02
1.084340314378242738e+02
1.061690025106974105e+02
1.038676335337800083e+02
1.076620159935493461e+02
1.083482606463914379e+02
1.080047919007614468e+02
1.133025009769513076e+02
1.055889454847103934e+02
1.073149313475444444e+02
1.059114716738381929e+02
1.064933909934149341e+02
1.073223847950717271e+02
1.051343300211625120e+02
1.072138571424542164e+02
1.021003509571026768e+02
1.039015895263148934e+02
1.058189912430971162e+02
1.031756133981133274e+02
1.075552526814351779e+02
1.078375596357788027e+02
1.092691741221838555e+02
1.075602182911293312e+02
1.053952101681223894e+02
1.081381029524926163e+02
1.055384409037998097e+02
1.083081953287607462e+02
1.093265551132659397e+02
1.099921853185290104e+02
1.011527129605193380e+02
1.008089199116980126e+02
1.047504365862113360e+02
1.068489764600154643e+02
1.099503598038387651e+02
1.085157206588053072e+02
1.089979835317121513e+02
1.026193244190874907e+02
1.057683952633428959e+02
1.061788582308690110e+02
1.086396957738707840e+02
1.106954258437490068e+02
1.080656019935984347e+02
1.083504727166114350e+02
1.056565582342494309e+02
1.036378602906726201e+02
1.050538693765113720e+02
1.050801951015534428e+02
1.027423317000912135e+02
1.065344057089746599e+02
1.038862213783650930e+02
1.063555714132273380e+02
1.043362664241011828e+02
1.092971254477698579e+02
1.080216660051807622e+02
1.083526054292735381e+02
1.066327571892651349e+02
1.078150592376314592e+02
1.054104194381807105e+02
1.064472454895894771e+02
1.038424997476175236e+02
1.062579197461324441e+02
1.078753509878939383e+02
1.065408749097418166e+02
1.053074438619677977e+02
1.051927633793851840e+02
1.055516346031003536e+02
1.015536581409616588e+02
1.055690944228294796e+02
1.068957056746785383e+02
1.118478133766272578e+02
1.053413433112142172e+02
1.055084678887402987e+02
1.095179333833262092e+02
1.064922062335359811e+02
1.061615122889939471e+02
1.110577146244956310e+02
1.039840937225666551e+02
