1.005640311582629209e+02
9.438689863622778375e+01
1.085896700383505333e+02
1.115732194278040907e+02
9.357716076860059218e+01
9.307217101599260900e+01
1.059854145208091438e+02
1.010781579998561455e+02
9.539151370584673373e+01
1.022627500567701873e+02
1.086287848621365413e+02
1.014157199649983596e+02
1.017193294733133797e+02
1.060715984651292274e+02
9.219347504583826947e+01
9.833861049223463624e+01
9.288903732337180941e+01
1.059938930049382151e+02
1.070340140903755497e+02
8.770681281784813166e+01
1.010690008015608896e+02
1.029867395186590500e+02
9.947870805709048625e+01
1.028878011491486149e+02
1.059599001706719577e+02
9.884926057038920533e+01
1.067178685794694246e+02
9.808272444824090996e+01
1.062414392921904067e+02
1.081286381178259148e+02
1.121913781541772437e+02
9.951938410532964951e+01
9.980525233294262932e+01
1.068649263430808958e+02
9.061892170068061603e+01
8.829529021750992968e+01
8.815596282412700191e+01
9.679839925287049596e+01
9.903620800993206785e+01
1.017308582503302716e+02
1.038620459908934919e+02
9.038126507110418117e+01
9.506987742702177968e+01
1.087265139579003943e+02
9.605926954241940052e+01
1.083065611215928499e+02
1.023437309597808564e+02
1.018384232185762386e+02
1.000493889277649515e+02
9.717731255348628849e+01
1.110464496213545260e+02
1.066466853321939823e+02
1.019384841089478613e+02
9.524558135584118190e+01
9.170355327838849746e+01
1.036666730609234861e+02
1.009716269414786609e+02
9.773377498004934694e+01
9.050713359912445810e+01
9.944166087041986657e+01
8.976956030462059744e+01
1.060145952746813123e+02
1.019938050500287829e+02
1.014617317557030844e+02
9.387622750874417932e+01
1.020383214836347605e+02
1.057139108551211422e+02
8.991495954342271091e+01
1.089465086420025415e+02
8.829675490084630951e+01
1.042875604582632860e+02
9.151979612135770026e+01
9.708545168253085933e+01
1.021176822337806556e+02
1.057351239209387188e+02
1.065150147741383790e+02
9.872563109008392246e+01
1.045246088156337407e+02
1.089719811562899139e+02
1.028857699976404092e+02
1.025956110412662667e+02
1.047354198216479944e+02
9.734158034577812657e+01
9.146258370263097959e+01
9.950664373629628301e+01
1.038576694255722117e+02
9.818807833313238120e+01
1.087786583162859841e+02
1.048694869722678789e+02
1.079118212538056270e+02
8.973661413067209480e+01
1.070646709475171861e+02
9.629956042295050622e+01
1.042006152105001746e+02
8.955123541194988945e+01
9.146818194972991023e+01
1.033007546807869801e+02
1.019931879732707500e+02
9.713310426503124972e+01
9.884235254938703008e+01
1.043135846683455412e+02
1.092607962313530123e+02
1.005899964300679983e+02
1.025505462679872295e+02
1.013703986326120230e+02
1.074922770081740566e+02
9.614291159232350026e+01
1.028393386790830846e+02
9.487129970727795580e+01
9.994633186882836640e+01
9.209138472861546632e+01
1.018577165052835767e+02
9.864283562305629971e+01
1.063942713877006412e+02
1.034173136498882997e+02
9.178655877836955312e+01
9.667727086188817509e+01
9.968092831457802561e+01
9.374164228995229564e+01
9.187145734933575625e+01
1.060028352684015687e+02
9.868874757035975165e+01
9.574898834752313803e+01
1.058633845230408497e+02
1.060760760768042417e+02
9.311964015105161252e+01
1.077462775607724978e+02
8.920236594606153346e+01
1.048396686103352522e+02
9.640268667530168045e+01
1.025356176812352658e+02
1.071970815355419546e+02
1.061160531496525294e+02
9.943382840667000266e+01
1.057565634540884929e+02
9.820395946686285527e+01
8.860389178697884915e+01
1.010771124509274728e+02
8.939779732178801908e+01
1.002026010191652858e+02
9.730957739391359951e+01
9.758932753057345622e+01
1.056413992253264524e+02
1.089299857976413080e+02
1.018310236606356796e+02
9.551839704753899696e+01
9.690588164058598863e+01
1.105260212277129739e+02
9.890593197347014609e+01
1.095306303337393672e+02
9.938885048062655869e+01
1.026935299452703845e+02
1.070425228893828375e+02
9.805794374316451467e+01
9.546128172405732926e+01
1.089497686464845003e+02
9.786097403531886130e+01
9.940662916093180002e+01
1.001556180593254908e+02
1.083984471263378992e+02
9.581713952059739370e+01
9.548162672486957092e+01
9.273865005096467939e+01
9.295596944476136514e+01
1.026665136089312114e+02
1.057926253010355424e+02
1.013873533473865791e+02
9.371091470876113760e+01
1.046436283953822368e+02
1.002007920386904658e+02
1.084165412547400820e+02
9.386903519325345258e+01
9.116358401882301621e+01
1.044633160448572653e+02
9.332200563129650561e+01
1.088273276887228320e+02
9.243665027551048752e+01
1.035238182052637654e+02
1.102792793720370526e+02
1.065412250650588959e+02
1.091819254337447802e+02
1.014610427232554741e+02
1.083637299626150678e+02
9.488933427403546261e+01
1.030829394767970939e+02
1.052396621973929030e+02
1.045611821761121405e+02
1.039547012805885089e+02
8.945436571451416796e+01
1.071400893870169284e+02
1.106198749366206187e+02
1.068158449596769231e+02
1.048904743991141686e+02
1.083143011097139521e+02
1.091885862654880270e+02
9.885380696180803284e+01
9.825827788833183263e+01
1.026691656433226996e+02
1.023158379855937028e+02
1.062268782547651824e+02
9.821603576136608638e+01
9.647205012373261468e+01
9.568240858072734056e+01
9.778413395918640560e+01
1.079627749032706703e+02
9.628845444711038226e+01
1.030579623045271802e+02
1.060320193368126809e+02
9.802896820053909721e+01
1.063358416194134435e+02
1.029355835798281760e+02
9.119619527539916248e+01
1.074120079035824062e+02
1.084617810771815556e+02
1.047149144201317341e+02
1.029862109913487700e+02
1.092761396822547653e+02
9.588925856385382929e+01
1.012767492591804199e+02
9.578277553565794733e+01
1.105351088456552446e+02
1.094002731974163112e+02
1.096254444035998290e+02
8.991412492168552717e+01
9.386427715985682596e+01
1.088404776356285026e+02
9.289321066601441146e+01
1.059045412944863926e+02
9.743364126200448538e+01
9.357284968351498833e+01
1.043206148767235248e+02
1.014627101604971813e+02
9.979988828741653606e+01
1.016221191701736757e+02
1.007997701702141455e+02
1.035381202393993192e+02
1.052030128962559132e+02
1.061794064467114680e+02
1.100912042260035832e+02
9.875746514624727013e+01
1.016133158989954808e+02
1.057124060153341247e+02
9.868962109302154317e+01
9.384194331175119430e+01
9.708298879571528062e+01
1.121051399780727706e+02
9.727254723350738175e+01
1.021650947525610036e+02
1.050021839951372584e+02
1.030818078588001043e+02
9.540092596567288297e+01
9.896291401308111801e+01
1.040287902815507124e+02
8.796616867360340564e+01
9.430559724134162991e+01
1.075608787705959912e+02
1.006788437745564408e+02
1.065004755494215800e+02
9.954421892566810470e+01
1.074025625209383179e+02
1.003747640278133417e+02
1.025202782287193770e+02
1.032990774869388275e+02
1.066475825143767651e+02
1.037492272201562287e+02
1.093365108716432985e+02
9.703667007734959782e+01
9.905080947258470303e+01
1.029046667548152953e+02
1.049921742940884286e+02
1.043968503228937834e+02
9.791161075566145655e+01
1.018760479271191315e+02
1.098559269583014242e+02
9.557796062733999065e+01
1.024847606172521921e+02
1.084343763847332127e+02
9.533567660104836250e+01
1.101535032417925919e+02
9.617551713025751781e+01
1.001857619776879176e+02
9.731548307994769687e+01
1.004873436989858959e+02
9.838641125215019656e+01
1.000713180833511871e+02
1.045986970078424747e+02
1.074606270313632592e+02
8.621780512892719628e+01
1.065058059035980591e+02
9.727672915287477906e+01
1.023036262483188636e+02
1.020119486498286108e+02
9.741968090791549173e+01
1.080723627591320337e+02
8.789320200558888985e+01
1.010168539528647500e+02
1.020195493720801920e+02
9.884220658691272376e+01
1.076873254429439868e+02
9.663815988674022606e+01
9.954281450033259659e+01
9.691992438948712163e+01
9.384376923447966590e+01
1.097272170393577113e+02
1.049384164670662045e+02
1.078564798543752232e+02
1.079536334969202471e+02
9.998282731366236931e+01
9.937941979770303647e+01
9.501791938539982141e+01
1.075138401934320598e+02
1.061869233356188431e+02
1.061165721606124492e+02
9.764874143867341161e+01
9.806576746416956780e+01
9.522801111087595416e+01
1.022458562831191244e+02
1.009588572577674768e+02
9.881630834745298841e+01
1.067430558861321259e+02
9.647218720258587155e+01
9.695428142708914265e+01
9.190696999583110482e+01
9.810695962222627031e+01
8.949597303514772761e+01
1.048486324595664598e+02
9.499382186432232800e+01
1.115564480921333086e+02
9.310641914126824759e+01
9.371665706302133003e+01
1.064853841444142688e+02
1.065749491809671952e+02
8.837891590969003630e+01
1.068697213674902429e+02
9.431027223899437217e+01
