9.147194223341816155e+01
8.874289883269180734e+01
1.008069206967820151e+02
9.896832953412088330e+01
8.709366688752832886e+01
8.481167477841424329e+01
9.642453093679681331e+01
9.254449761111756345e+01
9.003567712877926965e+01
9.285577404693384551e+01
9.964503341808308789e+01
9.130571008333326688e+01
9.267792875980578060e+01
9.716235334151434699e+01
8.670516448624373140e+01
8.909729914905035741e+01
8.684206531440715082e+01
9.532698770450561199e+01
9.278301951175022566e+01
8.399351576521451079e+01
9.253098987779243600e+01
9.297273358565853130e+01
9.045529912088927915e+01
9.278952056893182032e+01
9.501374663873509974e+01
9.027807864275845873e+01
9.888740111111772535e+01
8.842087449137717670e+01
9.365687624984519744e+01
1.016400170670037113e+02
9.993045142122490176e+01
9.173642797762005330e+01
9.056985703904707918e+01
9.387857487067506668e+01
8.562635379294680149e+01
8.575906325489988546e+01
8.373851441721258482e+01
8.926389224760674779e+01
9.011029082922973998e+01
8.726475772449393276e+01
9.259004362658782838e+01
8.664900329611589314e+01
8.849209886789321899e+01
1.008613019393722965e+02
8.871011968296353700e+01
9.062679514780690226e+01
9.357771309198933807e+01
9.228752960205518718e+01
9.090372325867900827e+01
8.911338086241018175e+01
9.789735078907320087e+01
9.833212809066306193e+01
9.077331839353576015e+01
8.835874986166309952e+01
8.375148470889796215e+01
9.369822096955192592e+01
9.042158910715588149e+01
9.272185317724152753e+01
9.132701245614654795e+01
9.014568742955907510e+01
8.013318437112249626e+01
9.349233604668498288e+01
9.203208691329702162e+01
9.295477105275500662e+01
8.721456551965815152e+01
9.399982783998629543e+01
9.609805302708635111e+01
8.554938556556881224e+01
9.765354218755629745e+01
8.066529847732340386e+01
9.374781479692981634e+01
8.636173914993020162e+01
8.820473080771554919e+01
9.252441616447725892e+01
9.762146988175776130e+01
9.117315572542553070e+01
9.078462550261340880e+01
9.427784782359570670e+01
1.031014862069577873e+02
9.315879643223610174e+01
9.300607884167158090e+01
9.461300939997502724e+01
9.297505325242893548e+01
8.594140225788964926e+01
8.971783571803804591e+01
9.424653346505877494e+01
8.932725933892797343e+01
9.972611317008433218e+01
8.865935579741379513e+01
9.273859972623077397e+01
8.431060197520808686e+01
9.633546865383723912e+01
8.771626767745040354e+01
9.347265025990607512e+01
8.571317380111460693e+01
8.675811245624382195e+01
9.316222159435288575e+01
9.374258091660102821e+01
9.221160288841048214e+01
9.092843285901318495e+01
9.350485300921191367e+01
1.004984272715866354e+02
9.270046811380294116e+01
9.759926610656327739e+01
9.295081431828256768e+01
9.434745599593099996e+01
8.895409399608109879e+01
9.237652688337774975e+01
8.729286765926170233e+01
9.259701693814471923e+01
8.592696131805931259e+01
9.271306384829404124e+01
9.045621542857460895e+01
9.403658445705674751e+01
9.408486224820475741e+01
8.407958223279898391e+01
8.841264571251124949e+01
9.018784800117308009e+01
8.805780392990719463e+01
8.918579189402005625e+01
9.454589384846990185e+01
9.120949214071866606e+01
8.659111987362683749e+01
9.549325917193395696e+01
9.357224127465170227e+01
8.501466199765503973e+01
9.502528515230395101e+01
8.298193694480789873e+01
9.566012649816183000e+01
8.848591854193709594e+01
9.179462567942537987e+01
9.152038504830812826e+01
9.581120145461871118e+01
9.044352920352071123e+01
9.133334012430766791e+01
8.545905070266302062e+01
8.550944779260848350e+01
9.120769902763336745e+01
8.548728807769020932e+01
9.121243044001684552e+01
8.893852001535009322e+01
8.854035531844434104e+01
9.398100364621322456e+01
9.903659999859978313e+01
9.083535307374569356e+01
8.787031069014332729e+01
8.899859047958356939e+01
1.011771172921631745e+02
9.005149795477873909e+01
9.610411547273561439e+01
9.168762069894667377e+01
9.353570876242589804e+01
9.283290605031974962e+01
8.910876717846362283e+01
8.829180866321607368e+01
1.009253912011239862e+02
8.953481253617667335e+01
9.108157570225999677e+01
9.168945350645124392e+01
1.022094074174641065e+02
8.747474706403039590e+01
8.848113649735415720e+01
8.590649516389470364e+01
8.560676970299105903e+01
9.369376111675565255e+01
9.443284095119912536e+01
9.330993980256327802e+01
8.639070969825387181e+01
8.821258535732602013e+01
9.293344069418101583e+01
9.454192288577741010e+01
8.800838775143991199e+01
8.560317896464333387e+01
8.296092136410048568e+01
8.752819658161783423e+01
9.991443840968440782e+01
8.389750373820112372e+01
9.322299973862041611e+01
9.846405756217514238e+01
9.559086874230811759e+01
1.011148667818356159e+02
9.189238128443099640e+01
9.553427590690429838e+01
8.694613270817583839e+01
9.334144240147423943e+01
9.236236321488873102e+01
9.397280312374611810e+01
9.182383947111520683e+01
8.280331979457861280e+01
9.870339280903392876e+01
1.010224083446361902e+02
9.339571981712190052e+01
9.360659723516309327e+01
9.285829601673283662e+01
1.015733000316945578e+02
8.949847853683878895e+01
8.950789970922248528e+01
9.414251459551543633e+01
9.121499433630656029e+01
9.308062935445961728e+01
9.132484587332537274e+01
8.942756355961080317e+01
8.965624971748745509e+01
9.036733860466847545e+01
9.595025357563790180e+01
8.882601806542875522e+01
9.097281208627222782e+01
9.116168183907947764e+01
8.869758331235891546e+01
9.240731740330491562e+01
9.316773440095350622e+01
8.542709229993383246e+01
9.385621890865608918e+01
9.760930631090455734e+01
9.375728060385145568e+01
9.361448659622581658e+01
1.017425853036674113e+02
9.145236870436647791e+01
8.876494967308875061e+01
8.972600109539146729e+01
1.007399951545300922e+02
1.020469948777807616e+02
9.285069619065369295e+01
8.666819538993767935e+01
8.768145070126419682e+01
9.306824268388895405e+01
8.738641451470124366e+01
9.353960175138495003e+01
8.821940661611670009e+01
8.731804384187599055e+01
9.698794761295914668e+01
9.209105341100242015e+01
9.177964822644412379e+01
8.838384254267363360e+01
9.061083844864722892e+01
9.374083438522816891e+01
9.379878522137818209e+01
9.325892557095725977e+01
9.993923818455277797e+01
9.236348389782527590e+01
9.345010405750868188e+01
9.197207930359509476e+01
9.110814267973660208e+01
8.733089125357588500e+01
8.000365505250456977e+01
1.046886403369497032e+02
8.797716077183386574e+01
9.269051145411023640e+01
9.533716121101357999e+01
9.301067622840636773e+01
9.019178942441702418e+01
9.025684948082100334e+01
1.064623177403693859e+02
8.428324735084466113e+01
8.875303762036450905e+01
9.525754246210465226e+01
9.223728481007225355e+01
9.926427819325823521e+01
9.078410598147760879e+01
9.407288989317704875e+01
9.103684639093792441e+01
9.109196727826233086e+01
9.307247848064973539e+01
9.365028638984396991e+01
9.440342218357093884e+01
1.033355570065163249e+02
8.992657592142447243e+01
8.994469325226096146e+01
9.366721847216145136e+01
9.303782286549737535e+01
9.507406602803320084e+01
9.005752047770010904e+01
9.404513170995083726e+01
1.022720312625840364e+02
8.722158753769983264e+01
9.070317949747332875e+01
9.377764051175616089e+01
8.960065651371820650e+01
9.631520122377582993e+01
9.033595027535459110e+01
8.998503895111531392e+01
8.880873978964173432e+01
9.186842972759377801e+01
8.955192991943643221e+01
9.110206258523189149e+01
9.487744959982315152e+01
1.034622193962881056e+02
8.255399790742133348e+01
9.052720695717928834e+01
8.992744621930449966e+01
9.297509224383351523e+01
9.313914916873370942e+01
9.136682348824379574e+01
9.578073970477083776e+01
8.371446198273902439e+01
9.203249412409626018e+01
8.977193452186114087e+01
9.035749667452530787e+01
9.654755298714182743e+01
9.063014740194424235e+01
9.259364726176463023e+01
8.866953201333109291e+01
8.703767678386593332e+01
1.021579791778581807e+02
9.171555391960542636e+01
9.259522748308212670e+01
9.719125528115131374e+01
8.971714499286979105e+01
9.077910892650632491e+01
8.646289077351684682e+01
9.550231322264930611e+01
9.488193221375493636e+01
9.894894660376694162e+01
9.017835193903449920e+01
9.051910630937325664e+01
8.722389083708186774e+01
9.238708143341730761e+01
9.078831184593506975e+01
9.106693222061886672e+01
9.611916898087699224e+01
8.925622693104187988e+01
8.789943590884519153e+01
8.732605891853513924e+01
8.994201239216255317e+01
8.429034601920473335e+01
9.137822282705047883e+01
8.881687749389506337e+01
9.926045975511414099e+01
8.723300707125940789e+01
8.674693740100035200e+01
9.607598629702638959e+01
9.429115227579248426e+01
8.735909053533956126e+01
9.771328101833292124e+01
8.728787970041284439e+01
