3.802470445309248959e+01
3.749465709128597979e+01
4.096398076663339793e+01
3.487877946203261814e+01
2.118574679997673371e+01
3.856836291710392572e+01
3.520619475095197259e+01
3.519912587560907724e+01
2.742922783761706995e+01
3.840084183513850036e+01
3.974812931829493579e+01
2.592349845482142001e+01
4.029587389515487672e+01
3.615391967451647304e+01
3.922713252226046876e+01
3.884460396332816856e+01
3.565589543823862329e+01
2.696580552378825146e+01
3.555429870616568166e+01
3.598502415450814595e+01
3.653886716795785361e+01
3.902252971361500755e+01
4.156043578220708667e+01
1.667908723185164632e+01
3.511201395547286097e+01
3.409085362807478248e+01
3.219175785089066011e+01
3.488806580878434005e+01
3.540478850427669499e+01
2.643331587508936309e+01
3.524395296258358456e+01
3.716987162621000351e+01
2.779435513713190886e+01
2.028056596412231016e+01
3.390116511753397077e+01
2.771745937713945906e+01
3.692869522565840867e+01
2.854154211673477448e+01
3.074701422654708693e+01
3.914820688973666307e+01
3.399245338301823693e+01
3.997941278798220566e+01
3.385401352055550461e+01
3.737695971315521604e+01
3.278187736803585040e+01
1.575400407618135823e+01
4.103626365062355319e+01
2.757529423982337136e+01
3.940841113788710004e+01
4.009647847672845700e+01
2.837875831054143916e+01
3.841148032007342294e+01
3.478363968925674499e+01
3.886979767826213816e+01
3.895482859731686176e+01
3.686893290197542683e+01
2.959901007023653108e+01
3.127940981351014216e+01
3.754815657421200115e+01
3.544187631679125161e+01
3.887278415152270128e+01
3.252243116212756746e+01
3.827737537796872402e+01
3.572777219836932971e+01
2.181079369938985124e+01
2.086253660531899357e+01
3.619019415299526798e+01
2.947452365615294312e+01
3.347465985300767954e+01
4.162605602597997034e+01
3.258670272725751005e+01
3.723349437054091027e+01
3.633649121972545970e+01
3.346373307331167268e+01
3.219333931907127777e+01
3.631756366867281827e+01
2.457545707116175748e+01
3.577995776339093936e+01
2.198753766714185431e+01
3.255317632691694740e+01
3.512939168409545942e+01
3.791031402379277182e+01
2.669134097797821426e+01
3.462328339501706864e+01
3.437579095543343044e+01
2.832598634944497107e+01
3.600786561453410428e+01
3.308384651610321470e+01
2.134377821263271358e+01
3.451589615062268024e+01
3.784994319398732898e+01
2.848038329696259296e+01
3.603603272538374114e+01
2.081644495060615796e+01
2.726847219781013010e+01
3.890135496009801841e+01
3.656247503647316677e+01
3.598324991077264912e+01
2.806112020220657755e+01
3.704602289669262660e+01
3.994704127173111630e+01
2.885488007676125832e+01
3.810289950178067642e+01
3.773826447605538448e+01
2.897190212967074174e+01
3.830877665118916298e+01
4.048042028704539774e+01
3.466071898187740885e+01
2.673616253406014920e+01
3.601231957933153893e+01
3.904596348345154411e+01
3.757518079982410342e+01
4.056595451994375878e+01
3.912965678791366031e+01
4.047951219255703137e+01
3.898728821421041602e+01
2.268904571207610132e+01
3.622339161292816812e+01
2.480396410794255146e+01
3.953527917767694078e+01
3.732342366181691773e+01
3.387855415166479389e+01
2.511144473586324111e+01
3.680892273674596282e+01
3.705284673241701654e+01
3.846759306070077145e+01
3.524791693379848567e+01
3.698133554020122205e+01
4.241629183473008879e+01
3.662430516677876113e+01
3.633230205775439714e+01
2.180921826052694357e+01
3.648201830635214549e+01
3.576461315118666562e+01
3.749826548907599033e+01
2.715616523440700547e+01
4.021907025422140691e+01
2.024166842468000027e+01
3.605001287287933565e+01
3.540213630109479936e+01
3.550822405177768104e+01
3.906860091488878339e+01
3.599460222891526229e+01
3.825999267504077039e+01
3.505503013677591895e+01
3.488502155383392278e+01
2.951030257692967851e+01
3.654651057528834457e+01
2.088641569968557121e+01
3.217409425976574511e+01
3.359967824470664510e+01
3.314941559662960913e+01
2.524194094902909313e+01
3.300520801426160489e+01
4.162341699940358097e+01
3.716616451179627489e+01
3.579836347868161539e+01
3.005781793012560854e+01
3.877912032005428955e+01
3.837627556850605259e+01
3.596903209235802024e+01
3.239217611438561306e+01
3.028593910764260144e+01
3.995731916979249121e+01
3.412624567881836413e+01
3.624398247079916757e+01
3.581583739597626703e+01
2.693972917968290659e+01
1.307506370623119629e+01
2.568405899318447894e+01
1.712282158137977461e+01
3.709449197068037307e+01
3.929565246052259653e+01
4.026329279487187307e+01
2.845361880701903701e+01
2.747878583152182941e+01
2.014180925732577521e+01
3.165593007906149126e+01
3.352041160923526775e+01
3.579868843051979610e+01
3.525104395576817495e+01
3.103875928778912652e+01
2.593800973913671726e+01
3.372317904202636640e+01
3.190327203602227613e+01
3.596914770028772068e+01
3.003872388249302361e+01
3.869487892740880852e+01
3.447016660304460345e+01
4.017920829163025331e+01
3.940231809891251658e+01
3.274958815202317908e+01
3.054559703102849966e+01
2.840652001571125851e+01
2.630247103974799927e+01
3.520831412190508303e+01
3.801082312283736542e+01
3.763999453763125302e+01
2.816928647140679587e+01
3.469223035206281480e+01
3.231260631283004869e+01
3.486552210346926728e+01
1.879832662738720472e+01
4.209956962012364556e+01
3.872412943059723744e+01
3.555729115353559422e+01
3.410352004904880374e+01
3.047399430399430287e+01
3.555233010785592995e+01
3.513818932583730259e+01
3.468602747891662119e+01
3.611445376530314633e+01
3.731010204978628053e+01
3.448176989925003966e+01
1.783431760607772887e+01
3.756561468781703894e+01
3.241328785098222909e+01
3.859112491794783750e+01
3.373031429036615947e+01
2.765170764023571692e+01
3.479002464743051348e+01
3.870578828722563713e+01
3.669759830587779703e+01
3.874528989722483630e+01
2.237564231668583048e+01
2.723175953845582598e+01
4.020715480514711970e+01
3.856713102094315815e+01
3.785938034062445467e+01
3.751186876059031761e+01
2.177989804724154865e+01
3.836003142380394593e+01
3.071048589259556039e+01
3.196393214054841536e+01
3.171078261282100996e+01
3.454067570415481470e+01
3.480791698354627783e+01
3.316344427351284452e+01
3.863483904618503573e+01
3.157769359491302907e+01
3.217438294637118901e+01
4.113545575734674742e+01
3.831898703685652663e+01
3.410810239919603504e+01
3.971215874354581388e+01
2.634150740957603531e+01
3.260781996550768724e+01
3.729763015549127658e+01
2.532205401060103966e+01
3.774444428043658917e+01
3.428730463673143447e+01
2.272549873992840830e+01
3.093725646692927356e+01
3.450199299974136125e+01
1.536170867960540498e+01
4.204484336703333014e+01
3.591597491391885910e+01
3.342469292948849358e+01
1.916362333726925726e+01
3.109816231932004982e+01
3.646913067846134027e+01
4.066625886281045155e+01
3.601835562500230026e+01
3.318795447269253174e+01
3.542490932050317554e+01
2.633968256924352502e+01
2.868702318416749009e+01
2.011226003438737919e+01
3.005204252372480411e+01
3.851052472738101784e+01
2.169936890056495926e+01
3.662876758180876635e+01
3.224769139362282999e+01
2.439907585979044313e+01
3.617169595632937984e+01
3.850975301895741154e+01
1.472724499770946238e+01
3.269012383193430082e+01
3.785185753996938018e+01
2.309234545949530926e+01
2.513222374066267761e+01
3.796978881220147883e+01
3.511302264738898060e+01
3.407017055088275015e+01
3.573997464864560669e+01
3.783288904502041561e+01
3.453783284551096244e+01
3.421035914154204960e+01
3.943312115861912304e+01
4.005302751500948233e+01
2.049313063574845728e+01
3.486591567739759512e+01
3.458232324380185219e+01
3.985022297326308660e+01
3.998868188357064923e+01
3.938071170719590697e+01
3.307302594331517298e+01
3.984849626870855843e+01
3.667105269624013886e+01
3.389962925763949642e+01
3.435005686042046591e+01
3.344347610517088754e+01
3.671613226108031824e+01
3.731364084140743387e+01
4.294598310182590239e+01
3.770897017524104200e+01
3.888299536047809823e+01
3.713849720529930920e+01
2.318724214336504730e+01
4.068802787922229669e+01
3.742848191322452323e+01
2.907403427575252053e+01
2.957577858675252358e+01
4.128514268927865771e+01
3.328056736100445789e+01
2.494904373258468411e+01
3.998530592168732767e+01
3.631344720997540065e+01
3.124970274397356107e+01
3.334540737085681172e+01
1.847352459122746282e+01
3.636156972810285026e+01
3.902303544789364764e+01
2.809757185475279684e+01
3.620210177478867308e+01
3.691537221203936525e+01
2.371150110581359982e+01
2.201020609684521645e+01
3.737862034926641996e+01
3.893092697842417493e+01
3.258152683637644742e+01
3.803570890346459521e+01
3.683837562412878697e+01
4.052769676016287548e+01
3.791208251837742438e+01
2.009295306113114776e+01
1.969192279765147902e+01
3.787180301456740494e+01
1.851379433066824021e+01
1.884121878853034104e+01
3.648553283038538808e+01
3.776715925013092345e+01
1.869814093541068800e+01
3.651750070693576333e+01
3.809819159945651279e+01
3.948850555103210525e+01
2.027228445252521993e+01
1.722789565694428759e+01
4.059613131539727959e+01
3.847131902169902418e+01
2.316130993184190601e+01
3.526366368839234866e+01
4.134475396956690929e+01
3.130123747080036978e+01
3.853589423880516307e+01
3.208758033712346958e+01
1.517533369449832747e+01
3.606706182668359162e+01
3.307540802789790746e+01
3.273228392446383594e+01
3.700290692924666303e+01
3.469341961568994037e+01
3.955555094938144833e+01
3.319499561072576199e+01
3.853826016700021029e+01
3.771405114570144690e+01
3.366821412779245293e+01
1.451659310424681948e+01
2.813405868859037895e+01
1.852174190834875489e+01
4.083001334509059177e+01
3.397206354942103701e+01
3.024355148319506981e+01
3.605417646452038127e+01
3.516995521139974556e+01
3.878612029913401926e+01
3.705889327795949839e+01
3.278126164491992967e+01
3.543705104903789049e+01
2.371789804925404965e+01
3.463218521688244067e+01
3.919038358590926663e+01
3.894990182673708290e+01
3.468380911275558276e+01
3.958489989119656371e+01
2.682559551707696244e+01
4.036755521373279265e+01
1.884962687755908917e+01
3.786543473063653664e+01
3.415919383289110556e+01
3.412400427803133596e+01
3.965964997265383829e+01
4.097280737355609403e+01
3.090204324918945389e+01
2.780597238423693440e+01
3.899733570551905615e+01
3.779302917799838468e+01
3.516359439062730985e+01
3.030008619923283675e+01
4.178631727725448997e+01
3.969168850242441948e+01
1.724999811766993929e+01
2.795075070211524704e+01
3.600344925945383778e+01
3.746179954559341496e+01
1.308388604769612229e+01
4.194851898939887036e+01
3.860722211417299121e+01
3.116900002701853012e+01
3.694926947900707148e+01
3.888613237251769306e+01
2.881000739150922740e+01
3.167540478042297636e+01
1.862469116067907748e+01
3.417733608736003958e+01
3.953288764666409350e+01
3.946116878705235109e+01
3.840376139860866544e+01
3.675905724764406557e+01
3.030252652941304348e+01
3.185257924651310191e+01
3.838014941866642005e+01
2.690490433806502324e+01
2.338588820413799851e+01
2.527703546130224410e+01
3.679514209794239576e+01
3.581692349674678155e+01
3.758846123145334417e+01
3.826199067166202639e+01
3.076557663297674594e+01
3.743846581544097774e+01
3.712853927573379309e+01
3.882793927212061647e+01
2.787752500782669784e+01
2.812978080535891223e+01
3.129197629345561538e+01
3.918005603613859478e+01
3.689335318942322317e+01
3.809964152167339080e+01
3.699231895664916436e+01
4.016220130796658339e+01
2.333296102555123142e+01
3.641340622583357600e+01
4.169556559478775171e+01
3.057861859894225631e+01
3.847398372970469893e+01
3.571250253591207269e+01
3.493413732236403746e+01
3.868131211129995961e+01
3.610342895221037907e+01
3.935560868305079651e+01
3.656368811292485788e+01
3.661016132681294977e+01
2.780774131812194838e+01
3.740548249051766305e+01
2.557520745472438861e+01
3.600038245942654669e+01
2.939581644146105432e+01
3.934102567845862808e+01
3.840569211117731641e+01
3.959705529552195458e+01
2.741923460744359176e+01
3.924140500371689200e+01
3.554772887352776678e+01
3.434345956900940422e+01
3.786792884463488207e+01
4.079653027684095434e+01
2.972380984083439515e+01
2.555667177194988327e+01
3.051991525761233959e+01
4.038141669300642178e+01
3.606031655910873468e+01
3.476982594167652962e+01
3.324558438726849374e+01
3.834700858388224276e+01
3.769225399140859167e+01
2.240317033719916395e+01
3.771845050258497878e+01
3.484121674164519789e+01
3.732730115860244524e+01
3.247757291528257895e+01
2.911011736420872609e+01
3.808156526334310144e+01
3.841572145329485721e+01
3.171699561030998993e+01
3.901424283645536661e+01
1.761944114851920773e+01
3.957706889809698225e+01
2.848347933589965209e+01
3.829131820038779210e+01
3.946237120222468064e+01
3.852392397091166742e+01
3.556509624625911670e+01
3.740253239250419171e+01
3.996087195540275872e+01
3.372774870993674057e+01
3.684010562512895604e+01
3.640957145211827850e+01
3.840991922416309023e+01
3.031579163862485871e+01
2.684166555068936333e+01
3.907107715176479701e+01
3.639334749474157604e+01
4.029704488719841038e+01
3.351705775413588384e+01
3.111680711470958016e+01
3.404693320773579757e+01
2.211385372178842346e+01
3.971322297861855333e+01
3.486817908936207999e+01
2.131561373110258018e+01
3.582987638271943354e+01
4.129845665618352513e+01
3.114821616481311040e+01
4.236315227015064266e+01
3.450730031553787569e+01
3.564498489553277949e+01
3.553043710651642328e+01
2.489274138068244469e+01
3.744801454550505326e+01
3.483917485664386504e+01
3.725638958954527169e+01
3.687885572342160145e+01
3.471791049906916271e+01
3.885684029451429211e+01
3.098130314069540958e+01
3.764502711779643107e+01
3.986949780060894710e+01
3.582149951453387615e+01
4.124464297716659900e+01
3.617681307101001664e+01
3.120914456893270028e+01
3.981900497316920706e+01
3.039513388122006887e+01
2.968915492439284165e+01
2.915310401351812786e+01
3.251342364926614437e+01
3.946253224992730679e+01
2.418078293087947728e+01
3.031229880558560907e+01
1.424247176495894607e+01
3.267769528691000147e+01
3.139890977496480318e+01
3.340319120875894043e+01
3.717735349362713748e+01
3.461812196643796824e+01
4.087560736120838101e+01
2.734430073665575733e+01
3.646686941834136775e+01
2.597290287257814612e+01
3.042454157823776484e+01
2.945590163001490680e+01
4.144395860555720645e+01
3.412659479739821222e+01
2.406420523149989421e+01
4.076386527790881331e+01
2.989720111715160655e+01
3.263759335586996002e+01
3.375008149410631830e+01
3.564477999972598354e+01
2.454537012612465574e+01
3.441421915028485756e+01
3.961423884511459192e+01
3.867720401620600512e+01
2.005582598545024453e+01
3.728156703638427416e+01
2.848435557583341904e+01
3.269888588814141883e+01
2.505414763739173623e+01
3.976915398785824607e+01
3.815719581523922699e+01
4.054014293966751836e+01
3.436774961867503464e+01
2.487983046551503818e+01
3.490479436388896772e+01
3.911338887215912763e+01
3.858394059579376290e+01
3.292077526448071012e+01
3.840529828226760856e+01
3.861288836808225966e+01
2.203702437950082071e+01
3.722103448756242727e+01
3.277637597790645430e+01
3.834205804100417225e+01
2.022413634277484462e+01
3.470161342906086333e+01
3.558473780619488736e+01
3.738869219523022736e+01
3.467889466237063090e+01
3.892646221112091354e+01
3.617978921281968496e+01
3.661867331366727996e+01
2.654153936148190596e+01
3.622080462532575496e+01
2.566754167261618491e+01
3.067073452635721864e+01
3.802368800295139550e+01
3.738652314674450139e+01
3.683820174614338328e+01
3.005362504757050246e+01
2.459524964739923547e+01
2.646326573946402405e+01
2.028662295393174020e+01
3.284352602961302381e+01
4.031711796193447839e+01
2.618460614712658696e+01
3.864095716811928583e+01
3.659133898267651830e+01
3.344996456402947160e+01
3.543935980583050593e+01
4.342696799552908971e+01
3.663740980525006563e+01
2.194038928201561234e+01
3.753481011169709802e+01
3.275817223275193157e+01
3.812555404230527500e+01
3.533266500126768506e+01
3.934480471668070578e+01
3.093264360069417762e+01
3.786806435711813634e+01
3.488462575425123191e+01
3.194288309881932619e+01
3.317794082155286617e+01
3.828569992749330453e+01
2.521870167729127132e+01
4.069835439635844665e+01
2.292861370234885854e+01
3.945445894115459140e+01
3.615418637468881968e+01
4.237437956731240263e+01
2.337197099896845387e+01
2.585264860823972555e+01
3.884928732401359497e+01
2.400604221929680193e+01
3.680678511963318300e+01
3.740723770997538367e+01
2.871175426255465624e+01
3.164449421277712915e+01
3.169114290235495446e+01
3.926065474165619662e+01
2.493953029455953896e+01
3.787529736323313045e+01
3.074602830891657490e+01
3.774115915862497417e+01
4.081316984025868777e+01
2.597203910276584438e+01
3.287007432290823061e+01
3.777354936536424646e+01
2.694889805151565199e+01
2.122940483666059919e+01
3.706488370346372108e+01
3.746004552258015963e+01
3.822613345150507058e+01
3.616627321092232705e+01
1.632518011965814964e+01
3.292565340092210846e+01
3.425123507531956335e+01
4.043069148133105983e+01
3.815020969463284217e+01
3.659692372019701878e+01
4.140885675382656927e+01
4.141744695544385735e+01
3.899509467353092873e+01
3.692754771313568085e+01
3.868033863163695685e+01
4.000321568675202855e+01
2.967691340652367060e+01
3.303511479234967396e+01
3.845178714898874972e+01
3.835065429954484273e+01
2.694469971658408980e+01
3.764242030518784077e+01
3.689301181482439063e+01
3.862796530751648305e+01
3.812936366632981589e+01
3.645026691176138200e+01
3.544808858666124962e+01
3.824355665553282790e+01
4.143120996117091437e+01
3.868871897940683624e+01
1.575499299054730429e+01
3.822791232140508555e+01
3.692674918352502544e+01
3.869934900450591897e+01
3.828777591332588770e+01
3.735677806345304930e+01
3.380037732756916569e+01
2.700906202272482304e+01
3.124205420153512236e+01
4.029265395334117983e+01
2.881468634692319952e+01
3.982876878488610828e+01
3.783068836008933999e+01
3.518478056480555693e+01
3.251801364522169280e+01
3.404704033266497731e+01
2.754654321548688145e+01
3.758261578328514929e+01
4.137178371904050778e+01
3.292183126310239061e+01
3.877676490537582765e+01
3.486363606675766391e+01
2.085030093187033629e+01
3.473123298417760196e+01
2.394258233854467477e+01
3.696032104248141792e+01
3.395817492464289700e+01
3.520895018854109537e+01
4.001173189903857974e+01
2.632296178689097488e+01
3.327735783240058254e+01
3.763086712163666903e+01
3.919757096048700618e+01
2.263729370366407423e+01
3.097110482991629965e+01
3.559746059142585750e+01
3.498861367375937448e+01
3.836347207592444164e+01
4.161754682168315611e+01
3.827718977803158396e+01
2.222081037923948443e+01
2.930765235924770806e+01
3.219708587962909263e+01
3.611289852492772923e+01
3.447105605939481876e+01
2.650415795984262601e+01
2.085658201443837712e+01
3.854164708601628320e+01
3.358751781828010508e+01
3.711043500493128278e+01
2.490947524113695266e+01
2.861415442994253766e+01
3.570338871291201599e+01
2.277376405445441421e+01
3.747454693002013926e+01
4.090404252876805202e+01
1.819496358572655836e+01
3.775018859176960717e+01
3.677742362902550610e+01
2.488284582318109273e+01
4.139631376869500201e+01
3.263118002298224241e+01
1.999169574141895822e+01
2.180690108922341253e+01
3.245538991627984871e+01
3.780035341427389994e+01
3.646856364245378757e+01
3.049513988546913268e+01
3.722667669297659643e+01
3.787319523483851924e+01
3.694166178539498446e+01
3.483728437090661600e+01
4.044912740394453721e+01
4.254187489599988226e+01
3.938077289276461812e+01
2.420403006973296556e+01
4.173962669395091751e+01
3.591896378469712658e+01
4.010445421264104482e+01
3.604665150689129405e+01
3.358821683870528574e+01
3.344467629800022479e+01
3.916046629065942142e+01
3.860516912819850432e+01
3.840754823438679466e+01
3.852420423384403847e+01
3.635695006997242729e+01
3.901730755375068327e+01
3.735103352332856730e+01
3.452756664268385833e+01
1.985384155894973546e+01
3.728560714686091870e+01
3.767932918377787388e+01
2.453449443407101072e+01
1.639790235782745143e+01
3.524084545126353873e+01
3.405691032707601806e+01
4.025395953533935511e+01
3.874630387422024569e+01
3.835262134011321677e+01
3.896780840950746949e+01
4.133391728796939191e+01
3.905869769823826232e+01
3.651032339517969660e+01
3.693673279783418195e+01
3.242626169763251198e+01
2.317846484321786704e+01
3.737924887780154393e+01
3.020553935792866085e+01
3.100197634105980882e+01
4.022019705425823588e+01
3.970135378160110662e+01
3.692281428215527228e+01
4.012103091983726699e+01
2.635411229571386116e+01
2.069016855011487976e+01
3.143702784776449022e+01
3.916739053474758947e+01
4.000125372171080329e+01
3.589464089971254168e+01
3.723712619537054991e+01
3.629411141841289634e+01
3.840574729756446004e+01
4.045901498088527859e+01
3.214160057080604105e+01
3.977548718587173937e+01
3.144824751803834317e+01
2.661506882872339830e+01
4.014884854081940802e+01
2.428883271200535887e+01
3.968519219933170206e+01
3.672942314016865595e+01
3.161900589199993306e+01
3.679754641875646826e+01
3.657865304323789957e+01
3.321792535281905856e+01
3.799240255399946875e+01
3.505245117904102869e+01
3.766551357405175793e+01
3.853426638245582581e+01
2.463233137725949362e+01
2.773041085453733956e+01
3.628571692324302234e+01
3.470722465349896169e+01
2.479998503590967829e+01
3.581941050444260810e+01
3.528690553980894862e+01
3.947887873739013287e+01
3.125455786726369567e+01
3.352947125803328987e+01
3.093090441578900140e+01
3.195903538047212322e+01
2.837359558248093094e+01
3.379714296481432712e+01
3.942304247427265551e+01
3.028684826092858628e+01
3.372370980280150832e+01
3.917735050202417568e+01
2.167590233433221414e+01
2.611057768933343226e+01
4.057586197596643274e+01
3.931437332985257882e+01
2.971076888879640876e+01
4.105884639599142361e+01
3.854467640949948049e+01
3.670941760644267760e+01
3.777616696178179723e+01
4.023954715189223919e+01
3.893423561145453959e+01
2.792382815276364028e+01
2.919417805463471893e+01
3.695037198390694755e+01
3.833551168576492785e+01
2.661032303603235150e+01
3.643243412640836709e+01
2.744646808035624730e+01
4.035513552616794186e+01
3.554744646620221005e+01
3.772074197876369084e+01
2.563418200515499024e+01
3.830173848673562986e+01
2.808946376784120247e+01
1.908958159448063441e+01
2.628722639507216741e+01
3.404896660535820985e+01
4.018805121161816629e+01
3.445408608276422768e+01
3.518250553460881491e+01
3.541737250644381874e+01
2.410999998938489952e+01
3.811587864881528276e+01
2.424017680952973208e+01
3.137209110591027539e+01
4.036388603256980900e+01
3.616407800929667360e+01
2.993063422794615747e+01
3.638646130328334038e+01
2.247616129704971044e+01
3.785562553769327110e+01
3.525671229928251904e+01
3.862976337747998912e+01
2.262602988457737041e+01
3.682436037776839299e+01
3.642147397819143606e+01
3.345564655757079464e+01
3.609986602637705744e+01
3.630929046644843794e+01
3.858790763525894363e+01
3.108593257287941469e+01
3.615979753046146072e+01
3.264170000329650634e+01
3.790194500680982514e+01
3.866572387247803988e+01
3.411187827206811818e+01
3.893881174003688272e+01
3.208930370415469469e+01
3.807761580271474600e+01
3.305973017938209324e+01
2.998108145360625088e+01
3.079228707811798671e+01
3.607679108975946747e+01
3.552881523556668242e+01
3.894059551008070486e+01
4.203702911164703693e+01
3.979456190805588278e+01
2.750575074303124978e+01
3.959552057895592014e+01
2.407786813597700970e+01
4.037474169413356151e+01
2.533895947044045371e+01
3.998823628442647049e+01
2.441050960084643151e+01
3.020270431350202500e+01
1.937223330106135677e+01
3.325704759460399629e+01
4.038250954123553527e+01
3.850378205698065415e+01
3.372601384807317260e+01
4.244611361593899090e+01
3.971119023199760534e+01
3.659876937905673344e+01
2.244428707978608273e+01
3.410886044827553576e+01
3.630064317421599185e+01
3.844334560557596348e+01
3.554975560474114360e+01
2.921139979352652105e+01
3.880459892546812029e+01
3.946471965106407254e+01
3.706575096289876825e+01
3.522185129022906125e+01
4.048806348197137339e+01
3.645093371310118613e+01
4.153677192346753344e+01
3.916570981450290390e+01
3.820214580869910748e+01
2.909360559033279259e+01
1.890334892492912289e+01
3.741720372541556827e+01
3.696338834175647037e+01
1.988289632421932751e+01
3.365479570568793832e+01
3.861844112529362860e+01
3.875964397038205789e+01
3.499821309440552852e+01
3.704318540296157636e+01
3.384005054753414754e+01
3.741195443834122614e+01
4.126904680155398353e+01
3.492344320060038854e+01
4.045215113248058714e+01
2.876450252721030409e+01
3.908516177761279664e+01
2.595396389282218408e+01
3.350917628576474527e+01
3.658047065601693504e+01
3.669613847228893633e+01
3.248317011259999276e+01
3.202502341580242984e+01
2.811281556009960170e+01
3.253603928120616473e+01
1.791174077849970558e+01
3.888953861405830281e+01
3.957853256551214827e+01
2.346135261315371423e+01
3.785595840570664450e+01
3.325457922016719436e+01
2.641988350936073715e+01
3.686026193433576026e+01
3.979761989576982018e+01
3.678689485060797892e+01
2.458232701084937943e+01
3.791978753735833152e+01
3.673641160609174250e+01
3.634065444487156071e+01
3.010615579246079676e+01
3.792822917235685765e+01
3.635139128654309815e+01
3.670857563057486317e+01
2.764666942802771743e+01
2.270689203551929225e+01
3.484203864037186094e+01
3.587066105084128509e+01
2.617841433280586472e+01
3.263465602518451192e+01
3.607111552787764452e+01
3.565686681746232267e+01
3.440971823277646280e+01
3.711364059694314932e+01
2.663127116347649093e+01
3.276136803810316422e+01
3.700513283280220378e+01
3.534546934666544615e+01
3.974375868427215863e+01
3.422171748598309193e+01
4.104785549527395716e+01
3.756473270373972184e+01
2.681545784938024113e+01
3.622269493300910881e+01
2.512931417732766093e+01
2.693248276896972371e+01
3.407437405538613717e+01
3.267527934340778017e+01
3.929917226579323142e+01
3.330665825843715311e+01
2.907040649808064714e+01
4.142131925049466190e+01
2.767569787456805841e+01
3.062711268625851702e+01
3.701132732737968922e+01
3.480826483605646615e+01
4.171469885232162511e+01
3.699813649973066987e+01
2.028000188500049816e+01
