3.067293286603866065e+01
3.457745246882468138e+01
4.093449501515311084e+01
4.071615099302469787e+01
3.813518513136743593e+01
3.892146508710117558e+01
3.790868842476146483e+01
4.094955264477327006e+01
3.542183727865153742e+01
3.827924254602051235e+01
3.560182534727361769e+01
3.811223126209602441e+01
3.655624232551392083e+01
2.578084023789961776e+01
3.939606417259081184e+01
2.518090120318717240e+01
3.894253685142304988e+01
3.359048260169120681e+01
3.745772530629832886e+01
3.758187183582469260e+01
3.476709296656783010e+01
2.409939902404186896e+01
3.403662421764975932e+01
3.358749463534591229e+01
4.042528588579396853e+01
3.790652221865249061e+01
3.972834367581410220e+01
3.161266429271801925e+01
3.748529931553716210e+01
3.643471956404611944e+01
3.710472658652999201e+01
3.397213715230963516e+01
3.792117666086294037e+01
3.768046959517079131e+01
3.664016238641072221e+01
3.864671607311069579e+01
2.705324058703827106e+01
3.309151834395840552e+01
3.802747216852310430e+01
3.956190972494976421e+01
4.125504311773017463e+01
3.856019494291579264e+01
3.852118576570997988e+01
3.229496302336963964e+01
4.554612109439708689e+01
3.575077338254574499e+01
3.911468501453853008e+01
3.803160786377911506e+01
3.401241606465130474e+01
3.518860780634824437e+01
3.654613186610806963e+01
3.916280900918491881e+01
2.230196510922230502e+01
2.918183619677215646e+01
3.490668549763523032e+01
3.522931918640895788e+01
3.896288974556622264e+01
3.503873322878477126e+01
3.988844987497453332e+01
4.053762672059606587e+01
2.273895401462386445e+01
3.982244311763246003e+01
3.889401462839560253e+01
4.011771542652033418e+01
3.199742794861876050e+01
3.628738220346750154e+01
3.685606551698946021e+01
4.069352097924214462e+01
2.954078440735674960e+01
2.863841286765681460e+01
4.041475422098280745e+01
2.088475543561011705e+01
3.950427862097530607e+01
3.872126795067907779e+01
3.876316225346904787e+01
3.989999484586374479e+01
3.305097963506489123e+01
2.869977432763901959e+01
3.567645306055612053e+01
4.016917273412794742e+01
2.798911157316124942e+01
3.828861740674122416e+01
3.635453594294843072e+01
3.152823408195252242e+01
4.110729457184051228e+01
3.702224982530996300e+01
3.710410687557779852e+01
2.845578611885110121e+01
3.819164976535147105e+01
4.082516045675109240e+01
3.752211247013919149e+01
3.268071332747506830e+01
3.944658728345076781e+01
3.071129916048888120e+01
3.544356598042109141e+01
3.586529798118850465e+01
3.608998854570996428e+01
3.870751666631957733e+01
3.713851659057593224e+01
2.388675375184406846e+01
4.068335543174853086e+01
3.787087847867814361e+01
3.905940559179899196e+01
3.610821606571262521e+01
3.143817155141987385e+01
2.470656512345191302e+01
3.886315938235908618e+01
3.794991761653444229e+01
3.553232117711674931e+01
3.895130764252871813e+01
2.356584396744647236e+01
4.054337747017554250e+01
3.726009961963593753e+01
3.841342556007755604e+01
4.052398228874229602e+01
3.763207498708865728e+01
3.347756754184844397e+01
3.478435949461110255e+01
3.378484243371806173e+01
3.955411925813695007e+01
3.851941519989074436e+01
3.830982006480036972e+01
3.367830329558046998e+01
3.904326175645191910e+01
3.514536275122926412e+01
3.577512561322653539e+01
3.810344056062179163e+01
3.795527219415271247e+01
4.093674899190470740e+01
3.660814967543164045e+01
3.997476870910931979e+01
3.724518785340384852e+01
4.087356836302052443e+01
3.681855170995649473e+01
3.498031805799190863e+01
3.249026680768805875e+01
3.615053856989653980e+01
3.592241690148620847e+01
3.070649039600775154e+01
3.418842875452587293e+01
4.007099226615180498e+01
2.736925002610055202e+01
3.830322907652237774e+01
3.823465857407500579e+01
2.365671776738664178e+01
2.610414778220408039e+01
3.501811666505904697e+01
3.813986303027432712e+01
3.704739657733807690e+01
3.506663901243720005e+01
3.758989209315964075e+01
3.781726967694998365e+01
3.970620071829551279e+01
3.677975070635990562e+01
3.748878139857411895e+01
3.003536883018317027e+01
4.052983676802010393e+01
3.972200859108022541e+01
3.427019113184201871e+01
3.209007690220710884e+01
3.708271863407427560e+01
3.792678502527508044e+01
3.680375826466690370e+01
4.070383171723334925e+01
3.779643161374457350e+01
3.738775706702958956e+01
2.977420590226143915e+01
3.652754884390326851e+01
3.316323716287100609e+01
3.340121995179828929e+01
3.490922699757803116e+01
2.957614379026184181e+01
3.360111162141718211e+01
2.725738164781182959e+01
3.532666611587694661e+01
3.199866340324507519e+01
3.544798948522126381e+01
3.940519550061932819e+01
3.957591459083847951e+01
3.640064275620317602e+01
2.930394562244331880e+01
3.848038330490421544e+01
3.720770676953993927e+01
2.668281874357044359e+01
3.729235058599966379e+01
3.203104511920613362e+01
3.233998487197985838e+01
3.437433842800952988e+01
3.595162350613244229e+01
4.013527272879952079e+01
3.625143231109942832e+01
2.792638603178742329e+01
3.597243246339400713e+01
3.560078564565805692e+01
3.566241846160657758e+01
3.295883900701331726e+01
3.866664034581527432e+01
3.177355726274720027e+01
3.692207555528735696e+01
2.947664813469476641e+01
3.445113509967185195e+01
3.947621253929366958e+01
3.748087824150101710e+01
4.216975671356052402e+01
3.676643239607726343e+01
3.499404122997628264e+01
3.833910195159726442e+01
3.550267246519193520e+01
3.478644663809162552e+01
2.457987533210635078e+01
3.712540768793743240e+01
3.769800099466118581e+01
3.934247536438204662e+01
4.187857357738721475e+01
3.496701599454561205e+01
3.557419266420514958e+01
3.548269308931363497e+01
3.434036871668683943e+01
4.358100432055284301e+01
3.229585044898620794e+01
4.174676197976192782e+01
3.509130790686592860e+01
3.668138819602992839e+01
3.881792368523084491e+01
3.729969541888998208e+01
3.460645438614923108e+01
3.538311470414635096e+01
2.193847253999569347e+01
3.915159683011927427e+01
2.321206148283065929e+01
3.787209219034939878e+01
3.666562771976906276e+01
3.726874814775421640e+01
3.588134574964352197e+01
3.645080638802883755e+01
2.160850554539097601e+01
2.826433230246385619e+01
3.481083171945898158e+01
3.631637492855050198e+01
4.029602062417836095e+01
3.705527264360535611e+01
3.784740821245980413e+01
3.946202066856803015e+01
3.710048819185107760e+01
3.966819638563002570e+01
3.479429633852386416e+01
3.769433690761790245e+01
3.523238240294467971e+01
3.352534464743658305e+01
3.819198174643801735e+01
3.722609985243268227e+01
3.593179486903420639e+01
3.852788959525683055e+01
3.786748497710727435e+01
3.232629377511825908e+01
3.259599922280428785e+01
3.780539342236317424e+01
3.916083863584420044e+01
3.803091542994884122e+01
3.410591751261792837e+01
3.875651554805939014e+01
3.200564965583232890e+01
3.675597712259428107e+01
3.775569776907683917e+01
4.104367176671423323e+01
3.936398856866710361e+01
3.725870982482649652e+01
3.780303299750271151e+01
3.793012816249930808e+01
2.742500283431620645e+01
3.224971005823513792e+01
2.357255408726837587e+01
3.480407472873123709e+01
4.052039439202320636e+01
3.355779678896643503e+01
3.979410610065208687e+01
3.394655972022344770e+01
2.502703851842769467e+01
2.925582965505201827e+01
3.692152862532017821e+01
3.423082528931639956e+01
3.408645733865616023e+01
3.954139648576547472e+01
2.889795147875497605e+01
3.776615428178831735e+01
3.988323291735162002e+01
3.734167289595739447e+01
3.415101881152224905e+01
3.719721515532439327e+01
3.887560626754898863e+01
3.621050442936736857e+01
1.969438086300924340e+01
2.239690496611355641e+01
3.634810938533454561e+01
3.614233265267704809e+01
3.584208883701151649e+01
3.881667274381533161e+01
4.016668617153110432e+01
3.656376730639561146e+01
2.309098618200617281e+01
2.183193654574827036e+01
3.233440141600690509e+01
3.862906045832298219e+01
2.823632322033174802e+01
3.824367819368058008e+01
3.828487219491509563e+01
3.778013976069257041e+01
3.825172711549663518e+01
3.647037428891686517e+01
4.013805963912985675e+01
3.397544940314193695e+01
3.355424580016885017e+01
4.007706006867389448e+01
4.187561283539636037e+01
3.755436340136693474e+01
3.507140317290398457e+01
3.564379187841208818e+01
4.209669564415787590e+01
3.628459687063796224e+01
3.969089019401828722e+01
3.782854116154778978e+01
3.419354249340872087e+01
4.079399625492645498e+01
3.722449125560990524e+01
3.738711955762318695e+01
3.908500504931404151e+01
3.926405927516666594e+01
3.524772179718375043e+01
3.620378583760568603e+01
3.965583295463854085e+01
3.852478960851351530e+01
3.567617669642561395e+01
3.195093278897137523e+01
3.942322313796729816e+01
2.957182271725828215e+01
3.344214295677029014e+01
3.730268144765810234e+01
3.493482092486070201e+01
3.470766108429054242e+01
3.733424060026256086e+01
3.538358420556527761e+01
2.503308781742131472e+01
3.744475077098906723e+01
2.743055307401074217e+01
3.547123118943542863e+01
4.031263507333490281e+01
3.676927330777613889e+01
3.872991879639661050e+01
3.895106234956961089e+01
3.377782072228650634e+01
3.747455945322782611e+01
3.682896887794836260e+01
3.953769322799997354e+01
3.645309519793244846e+01
3.770086804322033203e+01
3.690982828591720022e+01
3.442294277181469653e+01
2.796862408780481601e+01
2.047300893115405884e+01
3.708213049526995064e+01
3.693360558841148134e+01
3.312140973187414517e+01
2.773475601593188244e+01
3.925939961519166133e+01
3.944531567806195937e+01
4.050782547449872339e+01
3.888845626562788738e+01
3.353116899125515715e+01
3.776224212534446423e+01
3.467335403980415975e+01
3.941698180805362028e+01
3.829439498143162268e+01
4.213511935896975302e+01
3.788906330741581741e+01
3.744059686033394740e+01
4.015187757072931163e+01
3.430590606884624094e+01
2.674516620336979500e+01
3.709099033143934321e+01
3.449731932834114190e+01
2.076468751933684587e+01
3.604003738823181635e+01
3.750638501198574914e+01
3.914531522345031789e+01
4.019832253828980129e+01
3.198097922345592536e+01
3.371148200871252953e+01
3.901683142323895481e+01
2.218977636528952146e+01
3.994438403381808200e+01
3.062496779623902299e+01
3.950761098977309160e+01
2.721161787828119571e+01
3.475018859963820717e+01
3.868628113600227181e+01
3.198885923776343887e+01
2.625695036789818815e+01
3.290299628515973041e+01
3.547666232985327639e+01
3.790880406384516021e+01
3.479747905009703857e+01
3.388803056282738879e+01
3.664064089885346931e+01
1.889331224059114334e+01
4.067180157554532371e+01
3.216827411693905248e+01
4.155259567384708674e+01
3.891039215308605037e+01
3.946885611218075240e+01
3.099592904790793213e+01
3.006429582419652036e+01
4.197874673449918248e+01
3.900755629845053818e+01
3.673360312767554348e+01
3.769834565490421596e+01
4.029034616191997031e+01
3.978612015380038258e+01
3.144201339184731125e+01
3.567915193117198669e+01
4.013902956493223684e+01
3.634541107069934895e+01
3.843016407560176617e+01
3.862582904309502396e+01
3.526898624290704021e+01
3.635654565183320130e+01
3.742836998628102663e+01
3.271214005161802874e+01
3.490613498599609699e+01
3.413739418029838646e+01
3.878634029655906801e+01
2.537446438051042463e+01
2.857476714526591266e+01
3.963513861671991378e+01
3.453153596966728855e+01
3.629958869010308575e+01
3.817411275901864087e+01
4.008897324007014618e+01
3.705089466626977668e+01
3.852723960583359286e+01
3.486269724155344818e+01
4.063567380001186535e+01
3.614873052171074619e+01
3.764846741443503220e+01
4.150697786443465276e+01
3.819079239527420100e+01
3.779728275183403952e+01
3.913899910660705217e+01
3.625931334037287712e+01
3.847076853948070152e+01
2.850129550801824152e+01
3.732908819359962393e+01
3.131261634345155542e+01
3.337435790484804699e+01
3.425824818200636912e+01
3.665455756715350333e+01
3.446114080130654855e+01
3.845124884278806832e+01
3.465359521941347509e+01
3.886660561298761252e+01
3.955663851148510446e+01
3.439545375005443617e+01
3.431816581436152092e+01
3.710976682159856210e+01
3.643779370369929183e+01
4.017595009559398278e+01
4.203426935760924010e+01
3.401546961667597202e+01
3.509995035795417095e+01
3.821553232276042422e+01
3.900047447024756764e+01
3.987061983884626670e+01
3.851322471212954213e+01
2.978860084957653953e+01
1.885577778174842933e+01
3.832671384257499625e+01
3.178211474199571285e+01
3.383105589038539307e+01
3.480779331867540094e+01
4.237981394172931005e+01
3.699782779406417177e+01
3.826669389453127934e+01
3.655354222493751593e+01
3.987890428992280789e+01
3.912383320588435254e+01
2.335867161616341647e+01
3.663339961188496829e+01
3.368173935871259772e+01
3.692891702581547264e+01
3.820670079077073211e+01
3.558845459888674156e+01
2.835626169032800803e+01
3.244467686676141227e+01
3.588966399640610661e+01
3.988345960147417202e+01
3.264945043608544495e+01
3.967246415863598230e+01
3.493286983534679990e+01
3.470994215368097713e+01
3.674753785061530920e+01
4.078975773616956246e+01
3.596293230328706159e+01
3.915992616670484949e+01
2.155800570442815101e+01
3.934640160253201913e+01
2.069049283172568110e+01
3.840575212781632786e+01
3.716667110404439711e+01
3.867629477757103729e+01
3.023887745205230004e+01
3.464935937315204484e+01
3.737545111552752530e+01
4.210507451096484743e+01
3.197255433203935837e+01
4.013539216388212338e+01
4.030101278601306802e+01
4.050512893631471911e+01
3.954521957531322585e+01
3.875100377106060989e+01
3.950033508514938063e+01
3.490074797948398100e+01
3.734636680691382082e+01
3.389839491400137916e+01
3.855497242027472993e+01
3.775506237346549909e+01
2.739171875175749804e+01
3.866923175185713291e+01
3.435112702654730299e+01
3.254809433961882803e+01
4.070774758344042965e+01
4.211606155530084550e+01
3.830553918567248672e+01
3.894623249105297447e+01
3.912738486881679023e+01
3.849595314984989614e+01
4.010176489247281495e+01
3.664728320229708203e+01
3.769859769014474438e+01
3.837100233122406934e+01
3.345039827437779678e+01
4.020645267803325140e+01
3.069675695044164243e+01
3.941235398203924234e+01
2.335109189762534143e+01
3.673611588612480716e+01
3.805857576542060627e+01
4.036010286259357827e+01
3.697441568031366188e+01
3.795874750699409361e+01
3.962491618409337235e+01
4.092771884517343750e+01
3.760012493488883933e+01
4.188089694322818701e+01
4.117650742887711601e+01
3.871048211575848086e+01
3.693867205815388388e+01
4.041914985676964278e+01
4.050477709048705321e+01
3.493825006778716613e+01
4.149425350120662870e+01
3.735033609454531245e+01
3.754805677655142659e+01
3.775324635216594515e+01
3.186071824976051658e+01
3.595708533764892678e+01
3.694251703776822637e+01
3.811197647849957093e+01
3.316134459536747414e+01
2.114764133907190669e+01
3.828116165986298824e+01
3.085663600341238322e+01
3.818658354852048120e+01
3.129342446350815266e+01
3.769249900261668529e+01
3.902790939941121451e+01
3.936827082233359221e+01
3.709876655163925818e+01
3.848448245620915742e+01
3.492929557031548882e+01
3.679486158086468350e+01
4.070272718976200821e+01
3.581144872400173540e+01
3.214824614990161677e+01
3.806536067892299968e+01
3.840624705713764797e+01
3.711173076074634025e+01
3.859805685900958849e+01
4.039288705705416049e+01
4.046543524259387681e+01
3.919765281331653739e+01
3.295477898877904721e+01
3.703312935169213915e+01
2.231376597395252404e+01
3.489615042330456163e+01
3.411105675124439074e+01
4.201508545652456661e+01
3.736458586043256958e+01
3.215484800785914388e+01
4.066407756390709238e+01
2.835843476605261415e+01
3.520512471814574695e+01
3.902152681041626892e+01
3.806825355222128593e+01
3.660784624390291242e+01
3.847831262994144907e+01
3.744032265427428996e+01
3.864216625547841488e+01
3.493795807461718539e+01
3.130648850037319875e+01
3.863081745123497512e+01
4.000366317388331794e+01
4.196053108747768334e+01
3.060193842215047511e+01
3.203309828554443328e+01
3.475358266001379803e+01
2.798979975116832364e+01
3.734527453126543861e+01
2.897608041556307867e+01
3.277364753943161446e+01
3.979305016224605396e+01
3.444134024941291727e+01
3.794894080675921799e+01
4.090066672142373960e+01
4.061536687253081368e+01
3.954400449412108998e+01
3.949860444180171726e+01
4.191704035650128901e+01
3.822550731858607520e+01
4.056572934630627003e+01
3.778430537457274596e+01
4.168794576454423861e+01
3.408420379799191124e+01
3.859438200398246721e+01
3.241953688178590198e+01
4.053651906379444370e+01
3.304876841628404804e+01
3.996330531294977106e+01
3.775403454793382707e+01
3.462051626363478363e+01
3.895635062172980412e+01
3.958499899618040985e+01
3.773810997457340477e+01
3.146164922754202209e+01
3.859754780870471791e+01
4.054257231855979171e+01
4.173343088590290506e+01
3.689620183023772171e+01
4.095939231030356353e+01
4.004718603201062166e+01
3.795509141562121869e+01
3.620068283619606575e+01
2.311448882804094396e+01
3.386095927904123926e+01
3.193094273919712833e+01
2.106359501888971408e+01
3.535947085036398363e+01
3.813296834444931704e+01
3.820149900113204922e+01
3.844651812529287582e+01
4.003258129089834938e+01
4.041866909002366981e+01
4.296520871667042485e+01
3.554593191994572976e+01
3.611877886382135472e+01
2.688729570509016753e+01
3.589899758503835159e+01
2.685080676864940941e+01
3.714996338711910084e+01
3.822121834695780507e+01
3.713237650059249262e+01
3.745766102466950542e+01
3.403604364886034972e+01
3.841999296513763085e+01
2.639933323095662487e+01
3.990666735712194679e+01
3.289927451334001773e+01
4.055498193665341944e+01
3.779602912662834058e+01
3.426495620212515547e+01
3.922343018158922945e+01
2.627451471348788203e+01
3.478501238601423751e+01
3.327624445998056757e+01
3.913024929448245359e+01
2.489185465799860708e+01
3.784970224161620678e+01
3.737434585710944646e+01
3.773984920271266219e+01
3.530479397894990967e+01
4.061058121605633175e+01
3.875601921914958581e+01
3.578183430788105568e+01
2.811115938645623302e+01
3.183526488534151611e+01
3.818331292922263742e+01
3.397668209208501366e+01
4.034736152400265752e+01
4.087399558181857628e+01
3.647215037295396201e+01
3.584900886764620509e+01
3.821644026613888911e+01
3.349814672360528789e+01
3.711609807569380592e+01
3.610471464851812584e+01
3.794721235680614768e+01
3.435845605899678645e+01
3.681800962404252431e+01
1.749842112207754852e+01
3.144039808969722216e+01
2.940765465260839662e+01
3.249921932589388973e+01
2.925595788549471976e+01
3.762776329298385036e+01
3.543187322850638310e+01
3.280513717093900539e+01
4.016278106935865821e+01
3.659955202433803834e+01
3.950851281579792129e+01
3.652199341945259903e+01
3.508298083588127980e+01
3.663646857990230643e+01
3.209607504297046887e+01
3.438109420257808324e+01
3.866257103538290352e+01
3.842154237090891655e+01
3.836969234580450916e+01
3.365003439751562553e+01
3.469112860915338814e+01
3.820111125476336866e+01
3.803799223204632796e+01
3.781557581279322733e+01
3.757013101123347099e+01
3.959383960437215677e+01
3.574825500796670497e+01
3.811059474836875438e+01
3.242864673158856448e+01
3.960611479450957972e+01
3.909282199392254142e+01
2.715232044087909458e+01
3.837016613865949921e+01
3.773296846656820236e+01
3.265584182049413897e+01
3.702283402022445102e+01
3.130267341804094272e+01
3.132956993336206253e+01
3.841352534619155534e+01
3.516197682780460809e+01
3.089351640377763175e+01
3.618289195232712530e+01
3.884791086578514552e+01
3.800790326970138011e+01
2.475080212666363977e+01
3.555621079917978733e+01
3.298474159394607597e+01
4.146678083569350548e+01
4.168692664440834506e+01
3.390881243194326089e+01
3.619538420532802547e+01
3.197404102567243811e+01
3.234331109053087516e+01
2.785854778217278493e+01
3.846810018650405993e+01
3.843952001374487537e+01
3.715366250360914790e+01
3.424435793722953747e+01
3.791003888500298302e+01
4.021949590827533427e+01
3.864336175529888351e+01
3.744852920191766543e+01
3.783339109482562890e+01
3.817249287524507650e+01
3.759217800795346420e+01
2.957402202425742033e+01
2.544756817621867029e+01
3.650231824825853977e+01
3.471259932451718555e+01
3.553816302202650235e+01
4.055476018371391689e+01
3.859939098785860523e+01
2.834750687176793349e+01
3.977833623845394584e+01
3.935636135343850128e+01
3.909087291451999846e+01
2.750902085612923997e+01
3.813792794723786983e+01
3.699735801627408449e+01
3.870032883929584955e+01
3.774191892462255282e+01
2.927266313459011471e+01
4.039026174663823809e+01
3.690406233737386543e+01
2.987006220192310124e+01
3.723018714934006113e+01
3.766255268364837860e+01
3.334336633914851689e+01
3.118763778469350001e+01
3.264744548391092849e+01
3.791083426352399499e+01
2.787136259896330159e+01
2.622314196061117642e+01
3.910827690900021736e+01
3.990542937897154019e+01
3.608852104912854486e+01
3.923147526540771679e+01
4.054473793554907246e+01
3.610471901403229111e+01
3.746845199410939387e+01
4.095134158959292137e+01
3.409862057445752725e+01
4.069368179082566428e+01
3.501566645342542472e+01
3.866428849591959960e+01
3.522206208870188959e+01
3.509755031605794073e+01
3.006118056018485518e+01
3.205070692578134839e+01
3.557828136058923718e+01
4.169580555325484994e+01
3.885637268302875214e+01
3.504710715324512194e+01
3.466049780809816383e+01
3.696345225139276636e+01
3.479046013453702102e+01
2.237824376112986258e+01
3.886020142915654674e+01
4.024772649906565647e+01
3.680533650953366021e+01
3.887607278335283922e+01
2.647892231373700511e+01
3.727225532800522245e+01
4.039594639276359089e+01
3.813765210879839884e+01
4.050464432945202731e+01
3.988567354385018859e+01
3.866159100349497635e+01
3.792777415442549227e+01
3.899016868618979714e+01
3.107911506350940201e+01
4.031538048606537217e+01
4.006257938756288439e+01
3.137178841002262430e+01
3.935067210856354336e+01
3.990915575747501975e+01
4.074859705583603642e+01
3.965576526276146296e+01
2.815786085901993374e+01
4.023740791391195160e+01
3.493582727428716339e+01
4.016413111378638945e+01
3.225185414055625444e+01
3.851337438198116558e+01
3.478327939939899238e+01
3.850749900517421764e+01
3.796917173135863521e+01
3.744285542589060611e+01
3.221397503022283360e+01
3.815132214743109529e+01
3.882388956635126220e+01
3.797228562899834969e+01
3.660909769533633806e+01
3.429023679835771077e+01
3.731132406713885530e+01
3.142801207449152656e+01
3.664385944842123877e+01
3.513006192816533257e+01
2.188544335045573774e+01
4.276851336473953324e+01
3.703417964451777067e+01
3.246287345768201504e+01
4.068703442612568466e+01
4.225622217853864271e+01
3.844882308822361949e+01
3.975863243706083949e+01
3.748080954023010491e+01
2.972296004690746329e+01
3.873852622207223817e+01
3.270805386908770629e+01
3.452467143103287839e+01
3.663985188891648193e+01
3.459871729392625639e+01
4.092419399068777608e+01
4.029357188621280272e+01
3.732940659216373547e+01
3.862589758816081797e+01
3.568765646999854368e+01
3.261670207051691506e+01
3.976402840639266145e+01
2.142062759846493591e+01
3.108841069014665592e+01
3.532379889210434953e+01
3.863767906843406053e+01
3.582022423971139347e+01
2.873559682560463102e+01
3.818338862486971408e+01
4.038322926278930680e+01
3.871076432673862655e+01
3.874612368037938381e+01
3.651911597786330788e+01
3.846230099076079512e+01
3.646532801121058753e+01
3.760672972455705576e+01
3.939855347085993742e+01
3.072709536816355325e+01
2.386597429205178145e+01
3.560937012353948461e+01
3.905641578113880996e+01
3.681516440501093257e+01
3.501221812091501562e+01
3.684666112130290827e+01
3.700953109443921107e+01
3.436722419066916245e+01
2.678013848598086355e+01
3.453737752205586986e+01
3.629318810991345856e+01
3.682232603507198831e+01
3.648777458576312682e+01
3.913302000370821077e+01
3.706114587329938104e+01
3.722853428055636726e+01
3.725201414501515274e+01
3.640203061026118547e+01
3.957121484705878345e+01
3.980697628350505113e+01
3.731129630999524949e+01
4.164441637055362833e+01
3.321757287756152266e+01
3.811181296725752077e+01
3.359499962278271568e+01
3.698148841430919731e+01
3.629962290912875744e+01
4.005379695313634159e+01
3.981336375397674487e+01
3.877620253286095675e+01
2.999494612264787108e+01
3.902576009175851368e+01
3.922532422026612409e+01
2.440396181135961484e+01
3.575989475248843519e+01
3.037614134895895646e+01
2.973159821940423342e+01
3.797038201404751590e+01
3.681488540506187945e+01
4.105918641517025947e+01
3.259991327324549104e+01
3.717390516578125670e+01
3.829517753797360058e+01
3.870673084089143146e+01
2.322822250376189857e+01
3.469229855964464804e+01
2.984330171754102778e+01
3.715877925595267328e+01
4.058586254263921944e+01
3.454626213935556933e+01
3.791745352885886433e+01
3.792187578145927773e+01
3.686309937420565319e+01
3.733379840247272341e+01
3.490056550184456796e+01
3.875648351289955684e+01
3.550619513864624111e+01
3.781344714985362998e+01
3.643019706464156826e+01
3.811200499540269959e+01
4.185505687442049094e+01
3.635710491289203361e+01
3.399215222823612947e+01
3.886296078464677350e+01
2.932097283163086487e+01
4.056660054742705768e+01
4.202713055370843165e+01
4.018430445481329372e+01
3.649141853971473637e+01
3.749566699077140441e+01
3.863184094792939050e+01
3.655717999730208589e+01
3.970204527643170422e+01
3.479223588694690505e+01
3.019654578090769093e+01
2.567318079270163977e+01
3.861355588395650784e+01
3.785950781616291749e+01
3.983681156720915340e+01
4.037716294238359893e+01
4.135186820518006101e+01
3.494262953809719363e+01
3.739112396504279445e+01
3.280648319643310629e+01
3.255505371378986723e+01
3.677917746732337179e+01
3.462453190739577735e+01
3.970548674543656631e+01
3.970060375739674896e+01
3.422007526397103305e+01
3.860938787479104661e+01
3.903110062744435282e+01
3.692484672717039729e+01
3.368788609724126104e+01
3.302758309273126258e+01
3.512606750145526036e+01
3.524592604325769685e+01
3.749444828901139459e+01
3.218785508977721577e+01
3.921710158922080325e+01
2.840119619984211496e+01
2.391100565725677640e+01
4.011942342232198655e+01
3.681188862378781579e+01
2.712883799156286457e+01
3.667482565853497789e+01
3.665350880687928736e+01
3.711777301225224335e+01
3.711418480284572752e+01
4.024430387478695792e+01
3.193852983823608582e+01
3.073988961470801939e+01
