2.113362143156897943e+01
2.387955599006610896e+01
2.864526722664916036e+01
2.476503674182394477e+01
1.886651434474187283e+01
2.259291203849517515e+01
2.488241744514452947e+01
2.577246840238118253e+01
1.916715600957261501e+01
2.555879593292216256e+01
2.532614203713479029e+01
2.097636623427991509e+01
2.638875152051287998e+01
1.544538493529714707e+01
2.784191000863055621e+01
1.960553040743136322e+01
2.451914249817923874e+01
1.449735266830113112e+01
2.454919626099644248e+01
2.190660706390463375e+01
2.287200093637145670e+01
2.045235428233744557e+01
2.283923411408666837e+01
1.391413585802759734e+01
2.139854520989103293e+01
1.984966079874186207e+01
2.421855400643809730e+01
1.759099811496156462e+01
2.519914084541784405e+01
2.080525302452997849e+01
2.352607799576322734e+01
2.240478312971890062e+01
2.223492241234812283e+01
1.709114158301070319e+01
2.472162413524679891e+01
1.765513007794216804e+01
1.979307862965449516e+01
1.736219560352787283e+01
2.255424432221776598e+01
2.515991533173657757e+01
2.553159995434737084e+01
2.977140458541424906e+01
1.878890062702430441e+01
2.234837345463751035e+01
2.670545981922606416e+01
1.532167437469640880e+01
2.738853972960393435e+01
1.672304265665011158e+01
2.507725305497163504e+01
2.408501968486974931e+01
2.021952496026859336e+01
2.546918220929365617e+01
1.560634586349143049e+01
2.137604437506917776e+01
2.479241581543861273e+01
2.300525576695583752e+01
2.395902230521060972e+01
2.045677727194997786e+01
3.051872707075840907e+01
2.545875712504910382e+01
1.556243658764134175e+01
2.376265342617192289e+01
2.761084778853232535e+01
2.492938081292298236e+01
1.501450216179430974e+01
1.967225833136578217e+01
2.633029124084407258e+01
2.752471104824897097e+01
1.937587628904098480e+01
2.407363186399749821e+01
2.474834521642827312e+01
1.393771297296043343e+01
2.384481575431460243e+01
2.419516381108411451e+01
2.192934777795320755e+01
2.615780153301897570e+01
1.640559991220436586e+01
1.901910594606747651e+01
1.689926171076573169e+01
2.370209612891618889e+01
1.926604218225274678e+01
2.073162170065523568e+01
1.926684537554087839e+01
2.039538760220829161e+01
2.544040789592205343e+01
1.629629101758242271e+01
2.433888677822159252e+01
1.728404989051740159e+01
1.873210509018142744e+01
2.628073868112261735e+01
2.444352224090359371e+01
1.854542571975059673e+01
2.203979779629245073e+01
1.464741569640028729e+01
1.615563285937964011e+01
2.508043101589099422e+01
2.286401522315160051e+01
2.402289172221045632e+01
1.970832517783347981e+01
1.421674976714945693e+01
2.715326825519277776e+01
2.158402385512808763e+01
2.617534408855824424e+01
2.494000437878372622e+01
1.855840375713079382e+01
2.062279374682732680e+01
2.948827082941634359e+01
2.331543236534551866e+01
1.851146041651894691e+01
2.688204502789351125e+01
2.106580948357535021e+01
2.685096734752952230e+01
2.593697604841918292e+01
2.723675242535816921e+01
2.793832256570078343e+01
2.484438268560888119e+01
1.554198923757975415e+01
2.340922170241411493e+01
1.648649674310649971e+01
2.593626568774984520e+01
2.185825817689786987e+01
2.375461768721601885e+01
1.573286084249110495e+01
2.461263217196033892e+01
2.319729958887886667e+01
2.663319133596606747e+01
2.462905585516368134e+01
2.468191396248544578e+01
3.200957820883499494e+01
2.371294316562703486e+01
2.298758531371728608e+01
1.705126043108597145e+01
2.604260373161737618e+01
2.294988761449267756e+01
2.464180739129325204e+01
1.621722394985036431e+01
2.736871025035388172e+01
1.577735921929497565e+01
1.696856185665713923e+01
2.222350123143754175e+01
2.446865313306356882e+01
2.157532330678932553e+01
2.835181148182584110e+01
2.591893594633556575e+01
1.719186341727372636e+01
1.702127849480452326e+01
1.910675906466178731e+01
2.520975027558612425e+01
1.868630860816992367e+01
1.797814023707530140e+01
2.232146248567437041e+01
1.845773516464369379e+01
2.129888570774244272e+01
1.820413491367423475e+01
3.342314809084189164e+01
2.040552930173688750e+01
2.549091343538309928e+01
2.785729498420432648e+01
2.747404392437227116e+01
2.292853682535816873e+01
2.325620719729059616e+01
2.241721624665015256e+01
1.652960854174435212e+01
3.313256224660840843e+01
2.428550213213526732e+01
2.451654345542863211e+01
1.876155404816724115e+01
1.741687058088051998e+01
7.292151984849302160e+00
1.847760791844851269e+01
1.488001347871551161e+01
2.225470978974795244e+01
2.448670402480692943e+01
1.873296446725838038e+01
1.620134454649059208e+01
1.710834653628612756e+01
1.669059186394434846e+01
2.265529816185418355e+01
2.441609483996931829e+01
1.996052787263150918e+01
1.995451669229699476e+01
2.200611763204237192e+01
2.010643348887939652e+01
2.138225591858991237e+01
2.240157180126219671e+01
2.082591638488523600e+01
1.802834902927748928e+01
2.394841018965010804e+01
2.246228711669630229e+01
2.472640837499625377e+01
3.055671244499647443e+01
8.863327328127995841e+00
2.024484750852309034e+01
1.969674888652006928e+01
1.528385511931866070e+01
2.155371212149181304e+01
2.244557567084595107e+01
2.180285932421863038e+01
1.988443455205570132e+01
1.915448574165795392e+01
2.148853927819427767e+01
2.766794638500677195e+01
1.665678566386668891e+01
3.759297692408227221e+01
2.440138207339193599e+01
2.349687702461580940e+01
2.482820205123546842e+01
2.001990047148173346e+01
2.378549204197618039e+01
1.876025745077411599e+01
2.353624982322522641e+01
2.396808891992817436e+01
2.610482594873359474e+01
2.604601347386532950e+01
1.401969305130884358e+01
2.392634060045983446e+01
2.151955205925477443e+01
2.425674304757753319e+01
3.242433352646964551e+01
1.764885163796592948e+01
2.478148160558758306e+01
2.407444277130337795e+01
1.931076282623744333e+01
2.744830024600958751e+01
1.961259100782965348e+01
1.861142359735226748e+01
2.448222357799487270e+01
1.903971200220190596e+01
2.145821947666785334e+01
1.903348284459958251e+01
1.887509497729214658e+01
2.490827479114448195e+01
2.118046541830183926e+01
2.046656501677968976e+01
2.157067853532465662e+01
1.584779243714416630e+01
2.095997501806457564e+01
2.203552387454340789e+01
2.310212042855613035e+01
2.379407572652091929e+01
2.105901838558437333e+01
2.693896276382866262e+01
2.482701645559496484e+01
2.334615169620678543e+01
2.748229595050417018e+01
1.404029443208808203e+01
2.717818712693999572e+01
2.307609561893424654e+01
1.368725847165183218e+01
2.467755249070219747e+01
1.961395895866492367e+01
1.789741696672912141e+01
1.821274701480639280e+01
2.287460090481814134e+01
1.195140538666949048e+01
2.616884580781214353e+01
2.461670484485262733e+01
2.492028977014277302e+01
1.320772282039598089e+01
1.736901892827312821e+01
2.612882142783653805e+01
2.435359140651168275e+01
2.458579104416298122e+01
2.066233871987622095e+01
2.817426674376011775e+01
2.097510653994407548e+01
1.945202441740207533e+01
1.675370088660462997e+01
1.745900129662691214e+01
2.094749241287630426e+01
1.524681097706600141e+01
1.404331224749941676e+01
1.903483869618672841e+01
2.222664077630495072e+01
1.835254576398988036e+01
2.678832527048791334e+01
1.326904909670537691e+01
1.498468573133770754e+01
2.115463910724642460e+01
1.705091455916199905e+01
1.692479283600249929e+01
3.123840197350325809e+01
2.451399616369105061e+01
2.111725105588609352e+01
2.395769290375237404e+01
3.039883312317404318e+01
2.546468648250692723e+01
2.039992458338212344e+01
2.716912381175589886e+01
2.782841506590544256e+01
1.463022016320112684e+01
1.581692573002236202e+01
1.669728366524079632e+01
2.466907788108069610e+01
2.520935105081677108e+01
2.544513994377247457e+01
2.017663524107392092e+01
2.660686908868124689e+01
2.462403466465985957e+01
1.398791359146960644e+01
1.746342559665343330e+01
2.173674392356838325e+01
2.520828409981627516e+01
1.805422020574571818e+01
3.239075417835863391e+01
2.539583537119342793e+01
2.599662004548175886e+01
2.447578233131731551e+01
1.606815409461836097e+01
2.870421491252003676e+01
2.258951084016680610e+01
1.976735433128097341e+01
1.941018184233527322e+01
2.812024809439929385e+01
2.192037349918780720e+01
2.055810640299721825e+01
2.227579273310753294e+01
2.628361365538273375e+01
2.456908317388791119e+01
2.332831027465100959e+01
1.766185141680049497e+01
2.314859182146837924e+01
2.744062280612583749e+01
2.077211976848026254e+01
2.600968044021926318e+01
2.537589768254526845e+01
2.406850412157144703e+01
1.666706119956869259e+01
2.431172572216554428e+01
2.534189709750386754e+01
2.210661235580457173e+01
1.959149804759030289e+01
2.082875830753825497e+01
2.696784686118867924e+01
2.185370030466264879e+01
1.392190123260980883e+01
1.763472752947725652e+01
2.037855752459680048e+01
1.543320500977648102e+01
1.628090601205432364e+01
1.889084409315450941e+01
1.733136093007265188e+01
1.702534064441302419e+01
1.955139109559364030e+01
2.557727616016167715e+01
2.662089913372624395e+01
1.724278836888913702e+01
1.580551913842008993e+01
2.945324899784230510e+01
2.396667615789295880e+01
1.420522715611652842e+01
2.328959230361956401e+01
2.702653451787434591e+01
2.288718018610843075e+01
2.518367070425795617e+01
2.131295296440709564e+01
1.246147104265904737e+01
1.851271652112794897e+01
1.567013755175146805e+01
2.145313831604961408e+01
2.434356854379874591e+01
2.133201452086467498e+01
2.147923437428839222e+01
2.419782778108366728e+01
2.564060849934616826e+01
2.630693941134693148e+01
2.485879195423195043e+01
1.291881995232287217e+01
2.206737485396550724e+01
1.142811034676587312e+01
2.751219791736361131e+01
2.234753035141689992e+01
2.442147436201518929e+01
2.274610504167343805e+01
1.965958018169806820e+01
2.572946635627820555e+01
2.266798177422291261e+01
1.327263123065259975e+01
2.330852585973435964e+01
1.645077232782072230e+01
1.552658590014809015e+01
2.505353188892938832e+01
2.554001029019523017e+01
2.458117225192429700e+01
2.725135483417717097e+01
1.675535698182130417e+01
2.419496837409451828e+01
1.610814092284513066e+01
1.787459418993077875e+01
2.392624115298623977e+01
2.032523222620075387e+01
2.666464279240185675e+01
2.298816726979750058e+01
2.154069784386168251e+01
2.294271738910832426e+01
2.334395299487524511e+01
2.011827879731315960e+01
2.149903600799678571e+01
1.934849756675632548e+01
1.623586284173335059e+01
2.163490065755826564e+01
1.320495040673758425e+01
2.119885951518440237e+01
1.162040923690066307e+01
2.605324189841944005e+01
1.135081628785215457e+01
3.063935355811264927e+01
2.675817134998442981e+01
2.307499098363775403e+01
2.093315028228072094e+01
2.546810908706346410e+01
2.015704682108127699e+01
1.705036294471920755e+01
1.678500516242188922e+01
2.449344794998074448e+01
2.730944731834829042e+01
2.670416861765383842e+01
2.168076160174570788e+01
2.028939694002552230e+01
1.951583964652819247e+01
2.177579466718258416e+01
2.545539788349066512e+01
1.993736999442499069e+01
1.729624817756512556e+01
1.713170833581208541e+01
2.504202640410995073e+01
2.250472183161490491e+01
2.337157926467707370e+01
2.003546059492862597e+01
2.258764079743080799e+01
2.067774757931549345e+01
2.141980360184434318e+01
2.608826953452257413e+01
1.489940373445286781e+01
1.697396054418042510e+01
2.169781650568988596e+01
2.807538169865930655e+01
2.423390308325917175e+01
2.519710690371453055e+01
2.283484215970181808e+01
2.777291022521434272e+01
1.846228610493443156e+01
2.501183505806520913e+01
2.889596513251994025e+01
2.269787671562075104e+01
2.488365300876436947e+01
2.695591394141121100e+01
1.986646025524650483e+01
2.572269054166268631e+01
1.960474775056324503e+01
2.575375242883449189e+01
2.170357101546763090e+01
2.386782483731654736e+01
1.383979997545233331e+01
2.344188307730457055e+01
1.777436429135786611e+01
2.505430458800675098e+01
1.847316331418827318e+01
2.567282126616067828e+01
2.868103997348988088e+01
2.328128602836999761e+01
2.005970485674606607e+01
2.735495748920122949e+01
2.431134486761745350e+01
2.523979027347393611e+01
2.902059206951318870e+01
2.518929705023765564e+01
1.836152826124864390e+01
2.281785386411210581e+01
2.298163543104326578e+01
2.624131448240098408e+01
2.458126506694007674e+01
2.037480022912860633e+01
1.350923229528792113e+01
2.590297720624883482e+01
2.220449478520561470e+01
1.342798230889225231e+01
2.425579816194781912e+01
2.346376447498959195e+01
2.365536212321757858e+01
2.070032270646581551e+01
1.998235471410886888e+01
2.805321562445477213e+01
2.840303740360484497e+01
1.555332618115460619e+01
2.493987532830474407e+01
1.311452425835263469e+01
2.697733397977818726e+01
2.304287253643455813e+01
2.414439793382481270e+01
2.290139839966090562e+01
2.313204613826324874e+01
2.286639631725344657e+01
2.222552693377484090e+01
2.388435643713156509e+01
2.373304069865726262e+01
1.712447818520307763e+01
2.069347346557451672e+01
2.381488376686854025e+01
2.380047370530221684e+01
1.909774656756089328e+01
2.746306521694163649e+01
1.381294049146902836e+01
3.084379300835168536e+01
1.502648962566060753e+01
2.173298882868829196e+01
2.198546674847602844e+01
1.573593714962912671e+01
2.470199923801629538e+01
2.139906613563153570e+01
1.677606714791161480e+01
2.979297996820038819e+01
2.465510122707956242e+01
2.397423731985658790e+01
2.873216135810167771e+01
2.433091419946850564e+01
2.571446150474243453e+01
2.380412017677065961e+01
1.735581754752606898e+01
2.386577804274994818e+01
2.328540881346053837e+01
2.305195233884817796e+01
2.158484681287888662e+01
2.575726631313267490e+01
2.036602218771460215e+01
2.378736617326056901e+01
2.262842738920777563e+01
2.248323504843882503e+01
2.538726036077571635e+01
2.978754274135339841e+01
2.597688849054404514e+01
2.222150811295185591e+01
2.786164672437733714e+01
2.362404226063370416e+01
2.294814684705407970e+01
2.096804006949271226e+01
2.331079192729172078e+01
2.560272803863282931e+01
2.078888385928217275e+01
2.206574788015417354e+01
1.065504096219367725e+01
2.174387194639337650e+01
1.095224331767752979e+01
2.142523132124678042e+01
2.583007404190299994e+01
2.470155114818899733e+01
2.512672240567011883e+01
2.048550062704317654e+01
2.956724002421146480e+01
2.236808859036140262e+01
2.091356148981716601e+01
2.398379853568097175e+01
2.917500502471089874e+01
2.226874841689014417e+01
1.807767955579868868e+01
2.760785211957577445e+01
2.200873953309377740e+01
2.096546538080712807e+01
2.496001848269371948e+01
1.913729675536346875e+01
2.139015751247621111e+01
2.256633472466769419e+01
2.384670327437056159e+01
2.115673627123103984e+01
1.747689934964120084e+01
2.214473828036125269e+01
1.802510117237144982e+01
1.145164415607489161e+01
1.956139809007656183e+01
2.369757047239238190e+01
2.455917781880228645e+01
2.342150405736932228e+01
2.270406394216916368e+01
2.139441125276553990e+01
2.413915277739884502e+01
2.693019646561757341e+01
2.437867788833813165e+01
2.198650071919649918e+01
2.473097828360829098e+01
2.893234368598703199e+01
1.674864295620967880e+01
1.911980936196473024e+01
2.570925055259596803e+01
2.627869319637092005e+01
1.581696110781413012e+01
2.384472331127496503e+01
1.825488736217815244e+01
2.570741689359859095e+01
2.358276153565740785e+01
2.454657317690103469e+01
1.951800646685888552e+01
1.343012946417885090e+01
1.783840963469766194e+01
1.892392600776970468e+01
2.358928823258557372e+01
2.279014179753129454e+01
1.750719110076219209e+01
3.249630129041344162e+01
2.418109504375258467e+01
1.916595554527061651e+01
1.929160830707582974e+01
1.990166345681294402e+01
1.800781069828136083e+01
2.287573296740443851e+01
2.591955571369727096e+01
2.186373366277353014e+01
2.537292152535010459e+01
2.092626198510167868e+01
2.182855337385189998e+01
2.411286501965113516e+01
3.033882509068687483e+01
2.193385041914399736e+01
1.211923906871742851e+01
2.394916906606818330e+01
2.664673392744836278e+01
2.490095012311232381e+01
1.916861149616832449e+01
2.302364665789060183e+01
2.315279249607151613e+01
1.958363896321327502e+01
2.456218898859676258e+01
2.455159678983084959e+01
2.535082668311024534e+01
2.618378194534119174e+01
2.130977243201436266e+01
2.612441741387442917e+01
1.992379795859391578e+01
2.634221238850450320e+01
2.355561434519816544e+01
2.734306966200961142e+01
1.705793701750252822e+01
1.741840352129192127e+01
2.212248763104941673e+01
1.790925669186663072e+01
2.345109969551878848e+01
2.692473807484462966e+01
2.121715267783630665e+01
1.663427329504235885e+01
2.285406835558283589e+01
2.579740675593545518e+01
1.872369776445455969e+01
2.259440111117263328e+01
2.313067036154496847e+01
2.587348559497594636e+01
2.667564535473618292e+01
1.827998443719970822e+01
2.437877389167186948e+01
2.575765227641102229e+01
2.116514056958559920e+01
1.691393644231023075e+01
1.849692623601435315e+01
2.352080622432243473e+01
2.337193657456487372e+01
1.730271798253941640e+01
1.473075030194615032e+01
1.998027664826254579e+01
2.582179854585654866e+01
2.653292069844405887e+01
2.706159624163181121e+01
2.207183519831382412e+01
3.305617541129892345e+01
2.559798448051687814e+01
2.673048284361333771e+01
1.890802916648960519e+01
2.346251894576106878e+01
2.354549480559337482e+01
2.122813960760518981e+01
1.253308714241764044e+01
2.202137418001136027e+01
2.162817468485458861e+01
1.732447016569111042e+01
2.554302237154018940e+01
2.248698975514657405e+01
2.680808769390456447e+01
2.252100886419268022e+01
2.609850842540341986e+01
2.343877886910953023e+01
2.367073886524332593e+01
2.712204265633825528e+01
1.976614239454829658e+01
1.512070886954830584e+01
2.270577292792116708e+01
2.442085573645886853e+01
1.876840942509711496e+01
3.016419273014008695e+01
2.354482955561362445e+01
1.900270408829792501e+01
1.869389633513806004e+01
2.349927785934502111e+01
2.687028844279758388e+01
1.952663267493033317e+01
2.369726897894006967e+01
2.562091560703073156e+01
2.345645537080079635e+01
1.646183357160441219e+01
3.311657799457130125e+01
2.225888794992301101e+01
2.411978519521709430e+01
2.660814702857767600e+01
1.939983146826867255e+01
2.345926084673360634e+01
2.420205773828518048e+01
1.624137596325977384e+01
2.356513204781672144e+01
1.703754234192359363e+01
2.058533962944088103e+01
1.270138068965273170e+01
2.033480637650726308e+01
2.306440985046907599e+01
1.314364976795128115e+01
1.934550371559539528e+01
2.502124856486178928e+01
2.522526646004651596e+01
1.693545396798121416e+01
1.865898968579948303e+01
1.925886807503468034e+01
2.466439132172592252e+01
2.451499708736761818e+01
2.662504593633224914e+01
2.124228012718872094e+01
1.515140652754316619e+01
1.581799495979027270e+01
2.278929556782084376e+01
2.440572070109747571e+01
2.379473157938044992e+01
1.401140753928870453e+01
1.631168825162125913e+01
2.664173913745060318e+01
2.193406698327384419e+01
2.444789745692837712e+01
1.911371998349563128e+01
2.093592811162524825e+01
1.970720807393260898e+01
1.936121204221221248e+01
2.520447616467643570e+01
2.718795082262187179e+01
1.676094639379092044e+01
2.069376879497425037e+01
2.488760630414895658e+01
2.034371084014777509e+01
2.459151774743209273e+01
2.097375597954928850e+01
1.241445082392093191e+01
1.380096215274062388e+01
2.229283178509837526e+01
2.053683823587918411e+01
1.888457214658540906e+01
2.104165857704845166e+01
2.442583611596523596e+01
2.275966660129819985e+01
1.886566159478162774e+01
1.876109711663557889e+01
2.600958341522531114e+01
3.495237625131059644e+01
2.925909795481772946e+01
1.257403595346917591e+01
2.557111309383651943e+01
1.836828444982626607e+01
2.474654858819197756e+01
1.878085806592963536e+01
2.309288934962858519e+01
2.422049515719639956e+01
2.607672937432102245e+01
2.109239342734806399e+01
2.235688292242512887e+01
2.553096195914433153e+01
2.111032865266881586e+01
2.535620075528628092e+01
2.569337965247749977e+01
2.438889865479310615e+01
1.838997454004939058e+01
2.162636560501188043e+01
2.060349267252636807e+01
1.455767061952317043e+01
1.408060622463847267e+01
2.278325300303587042e+01
2.411990004446771252e+01
2.729377245568897692e+01
2.117125231764688209e+01
2.888285375433643409e+01
2.629070024676520489e+01
2.757485328061674323e+01
2.195026600603485534e+01
2.490484490979908827e+01
2.430764655844129862e+01
2.209650798864883825e+01
1.946097927397996941e+01
2.005629833251109773e+01
2.409442867856822446e+01
2.026756941897533792e+01
2.290157562678474790e+01
2.632206260089469296e+01
2.144228491171000783e+01
2.612709696966894413e+01
1.482260690617709109e+01
1.199379916408202895e+01
2.300183765825801885e+01
2.140934124821149709e+01
2.189695909879531754e+01
2.529578897963524753e+01
2.667296679458184983e+01
2.384952435662226833e+01
2.677992328177608172e+01
2.712240620168915584e+01
2.073326543016139922e+01
2.639151418322932230e+01
2.384748118925373461e+01
1.753168795686183401e+01
2.736486840913064356e+01
1.617665934300992703e+01
2.824132977043500858e+01
2.411499566851061260e+01
1.967609510315705634e+01
1.940042011141598266e+01
2.131768136752499387e+01
2.114886349190150483e+01
2.691938005464233541e+01
2.066155659857362892e+01
2.346388903344579901e+01
2.328049843947831832e+01
1.833100944196525717e+01
1.880311637002416347e+01
1.579239951485883608e+01
2.368372587573350785e+01
2.178413605953779353e+01
2.703214788582637595e+01
2.511563478460763932e+01
2.098400961189153691e+01
1.781875654721524782e+01
2.479882765078272655e+01
2.207890401908023037e+01
2.444070762045348388e+01
2.237713371201304824e+01
2.297002040028142744e+01
2.482415681122445861e+01
2.236686354540254840e+01
1.833546028360806446e+01
2.685006661220292656e+01
1.931035343969281826e+01
2.037508444361823123e+01
2.801119519976547068e+01
2.675718604651006771e+01
2.365817533018398677e+01
2.836049711320659839e+01
2.140722541567539849e+01
2.455507010185417016e+01
2.362433030749812346e+01
2.783415114632820320e+01
2.352272537006403397e+01
2.165541015547065129e+01
1.836418078189278091e+01
2.161562184071300052e+01
2.526113154030893071e+01
2.024358856828227715e+01
2.231310345674946305e+01
2.073933605160495119e+01
2.702795424890203435e+01
2.033449762539811445e+01
2.525193789284793766e+01
1.763707165500082752e+01
2.476858673905274699e+01
1.629009463536654678e+01
1.636049711639874715e+01
1.537603534913525571e+01
1.700466186209361297e+01
3.628265310911098140e+01
2.289934531273883778e+01
2.173380637622521050e+01
2.478084944581577886e+01
1.975433325319543343e+01
2.540411413563276710e+01
1.930670678042413968e+01
2.231746275059067486e+01
2.420390648549289025e+01
2.502896582582841134e+01
1.886480774274944494e+01
1.830770364047849341e+01
1.840450888424172859e+01
2.234690341291421589e+01
2.550218027589595238e+01
2.581008078000678907e+01
1.986399601906737544e+01
2.187437661082008589e+01
2.147882031752999055e+01
1.731564315249233488e+01
2.521660157386297385e+01
1.748489883930125899e+01
1.876037400569280678e+01
1.722010493299963230e+01
2.385457529060983006e+01
2.048693194382726546e+01
2.277263619264538974e+01
2.673853241703440986e+01
2.468974405162596142e+01
2.686433969283833534e+01
2.258213325047662323e+01
2.453448665066949985e+01
2.313484749487369285e+01
2.062244251659243233e+01
2.405474585395763398e+01
2.549008074701458426e+01
2.058620140078377858e+01
1.958852351033123540e+01
2.556768732815936218e+01
2.747136972283515988e+01
1.696417677904119614e+01
2.471163864786511155e+01
1.979036242660671263e+01
2.242013218542291852e+01
1.438871638140495790e+01
2.110146726130640360e+01
1.614944929576585508e+01
2.123299513005688155e+01
1.764031953306266942e+01
1.868268330813241107e+01
2.671722682476258370e+01
2.503709879140518169e+01
2.477352630873896544e+01
2.716317322564692560e+01
2.563295762551010881e+01
2.404269126111274346e+01
1.899981429656990528e+01
2.193733468612428439e+01
2.594009011978506507e+01
2.391477370560497206e+01
2.475181367888439965e+01
2.018756699661026488e+01
2.763193026954012410e+01
2.582053550432259925e+01
2.825568182165413589e+01
2.423147298759705492e+01
2.713170587504156828e+01
1.921820614428589025e+01
2.627720205012661481e+01
2.683134013817052477e+01
1.528576061529259178e+01
1.520530209023960388e+01
1.035422439170856634e+01
2.013975053134173265e+01
2.579958424691927732e+01
1.356641652144984178e+01
2.121160327527138989e+01
1.879659947704667999e+01
2.691923812659445758e+01
2.436697161030156522e+01
2.189689203461047029e+01
1.777882152045592079e+01
2.306346368315768558e+01
2.302023423883137454e+01
2.411060411725143027e+01
2.772138160282056774e+01
2.011789617781722939e+01
2.612060937391231974e+01
1.976275947158879731e+01
2.289194557558942833e+01
2.206738496429086283e+01
2.444877233807415351e+01
2.283356072077609156e+01
1.736581985288971097e+01
2.090172094228279676e+01
2.047056236437218502e+01
1.761653507650584061e+01
2.447257568910963954e+01
2.932319970434159728e+01
1.789944323483366162e+01
2.515577408464828224e+01
1.851685256065756136e+01
2.338907136506933782e+01
3.461890694090980958e+01
2.737795069318364227e+01
2.369595030481272246e+01
1.892938357265856908e+01
2.475162754493756978e+01
2.126119516102155771e+01
2.569048267413358744e+01
1.997480087273894966e+01
1.886894723857351508e+01
1.993312381779161768e+01
2.556765722434441201e+01
1.426056571486759594e+01
1.934575472642915628e+01
2.884183349436444743e+01
2.645726239860373852e+01
1.829064412226508907e+01
2.352044870129095600e+01
2.149835584919587816e+01
2.103172539174705946e+01
1.879709560026263304e+01
1.950642875389511843e+01
2.130637709228190602e+01
2.372647843302243942e+01
2.227274246206700070e+01
2.446412967083298895e+01
2.736422251838959951e+01
2.491152267857114921e+01
2.312695010263796647e+01
2.262274726208644893e+01
1.870950610190704566e+01
2.318469578674202225e+01
1.940406891411811685e+01
1.764232423140926542e+01
2.045710207545312542e+01
1.760330808185043239e+01
2.080740751183167703e+01
2.494899933359803867e+01
1.618328240768637016e+01
2.124118316650140414e+01
1.928918957521300470e+01
2.010671647927119565e+01
2.381787202890032162e+01
2.314509209449535021e+01
2.785632115441246626e+01
2.235595979837432168e+01
1.293713833209705122e+01
