3.975900220517182504e+01
3.582552999985886544e+01
3.837095337448948129e+01
4.437174511227336637e+01
4.490582577420873633e+01
4.175254282827424390e+01
4.234593594479303391e+01
4.470753696915245001e+01
2.889782124896361282e+01
3.465890625935874425e+01
4.314556721426603758e+01
3.962985228581039365e+01
4.383376783783501196e+01
4.447128256707444649e+01
4.151028056529918331e+01
2.598082518177290368e+01
3.887172988805846074e+01
3.650373143977326862e+01
2.925984513987623714e+01
4.371290982775192901e+01
4.211310892735663458e+01
3.930359965291592061e+01
4.168931308413746706e+01
2.587937814820789129e+01
3.491876878355047609e+01
3.708168315469878706e+01
4.500342385470121798e+01
4.348622048548822505e+01
3.418783074874903605e+01
4.286576026310287801e+01
3.941000735698037971e+01
2.508165087425919637e+01
4.333820936314188543e+01
3.726102282249495090e+01
3.984522660691054341e+01
3.582013501982913795e+01
3.881734737399482782e+01
3.696515277741622896e+01
4.402583879675015055e+01
4.415750414649299671e+01
4.172888903533092275e+01
3.957759356963084940e+01
3.231952679701203834e+01
4.428620158639153459e+01
2.568303332208442669e+01
3.712459732861695016e+01
4.221312357544159966e+01
4.337110440429299985e+01
4.238118241876527748e+01
4.138955839843389128e+01
4.373681436537361122e+01
3.461992979029712814e+01
4.331057262156877385e+01
4.466015739646395843e+01
4.530232711557042791e+01
4.336535492398128611e+01
4.108647537258568150e+01
3.143648775263313766e+01
4.101752452736664623e+01
4.164157163016986374e+01
4.031600110846670049e+01
2.683782763972450880e+01
3.356539801299625481e+01
3.350555901925484648e+01
4.413075897543475179e+01
3.561144529045349572e+01
4.047618079676676928e+01
4.358486900717416290e+01
3.465509269646804569e+01
3.422072319025182452e+01
4.637225000329143398e+01
3.925891016209253337e+01
4.160336076011835615e+01
4.557577693158656018e+01
4.217784621587323102e+01
3.448490727093532371e+01
4.101448989600309858e+01
2.609669702198698715e+01
4.120364726455596127e+01
3.451733887618524221e+01
3.769416423085177570e+01
4.201532954025869770e+01
3.659439465421439763e+01
2.960607880144694448e+01
3.521928338921240709e+01
4.408371977050407509e+01
4.363146372282072605e+01
2.521745206426830066e+01
4.074739246524170966e+01
2.514139850667589116e+01
4.219900630625060245e+01
3.793630088369051379e+01
4.215776134779279261e+01
3.813086755622779123e+01
4.163731377111552945e+01
3.833877933051290654e+01
2.199208255599338813e+01
4.518941607235288416e+01
2.959185919136103848e+01
3.529812649958240200e+01
4.475851334170802431e+01
2.518605145995635297e+01
4.005506521122421759e+01
3.557521365801564883e+01
3.123556121544476127e+01
3.500874528087357618e+01
4.095908660785068633e+01
4.146597038389611356e+01
4.266117643679615412e+01
4.132359233567423473e+01
4.189377056788725895e+01
3.645635808255746468e+01
3.132925697056242598e+01
3.976136210158426820e+01
4.139928178494722033e+01
4.246050148292688675e+01
4.508640464772247469e+01
4.329497449375865870e+01
3.956707349257452933e+01
3.157166698562501495e+01
3.418413471879929233e+01
4.034183668116531862e+01
4.243110576319401162e+01
4.392195663908527337e+01
4.477035504747944117e+01
4.123932620302678487e+01
4.311590225861208125e+01
2.560916955942677831e+01
3.184370904508763900e+01
4.367023743997992113e+01
4.529245077561337496e+01
3.987476229143686624e+01
4.419117186900520267e+01
4.059524637194249408e+01
3.061179028136251645e+01
3.276178662306798373e+01
3.255012648255124930e+01
3.888417724716459389e+01
4.531614932469730661e+01
4.273337439511200841e+01
4.250688849325620566e+01
3.980590377687954629e+01
3.641662851918732002e+01
4.135265037142904987e+01
4.527421089490004391e+01
4.150801522897021556e+01
4.422546136465975053e+01
4.115394730240490873e+01
2.755035799540559083e+01
3.903412170604009646e+01
3.850562187379235723e+01
2.872107566270318912e+01
4.353422139184583983e+01
3.631079767746786757e+01
2.676304981797704130e+01
3.910943385011459128e+01
3.857966322527610004e+01
3.980357834016314911e+01
2.364744253579539546e+01
3.275994961128102290e+01
2.908997931555159511e+01
2.585440564297451971e+01
4.126270251434342384e+01
3.687839318832310198e+01
4.032972790382661543e+01
4.471228268796508587e+01
3.826623515874901216e+01
3.907354366266378065e+01
3.943371061063763960e+01
2.956306583249923037e+01
4.083876389914816230e+01
3.971945492028653746e+01
3.258577149690944452e+01
3.501421507289617097e+01
4.259384627641588850e+01
4.026912484584254059e+01
2.097389974862304385e+01
3.767194443215655042e+01
3.224049400926494968e+01
4.529153876590340388e+01
4.553375801978462789e+01
4.270734018212569083e+01
3.955409457596174150e+01
3.460122275342045839e+01
4.366250947174435737e+01
4.375043374860640455e+01
3.648547904722892810e+01
3.395738211303654452e+01
2.314040038262334775e+01
3.050916396061328939e+01
4.569923269496236884e+01
4.047730590960885877e+01
4.263428253975316551e+01
3.695470880452293727e+01
3.195619641147693102e+01
2.331632861550455971e+01
4.390207017313624505e+01
2.608358564375281219e+01
4.049902071153083938e+01
4.306988597882188685e+01
3.573564806193670762e+01
4.301433006593949671e+01
3.039401175106617359e+01
3.873534028834313858e+01
2.656742036125340078e+01
4.285419398919977141e+01
3.630034634791644521e+01
4.373355193296806220e+01
3.370751782517658057e+01
4.051844345658633273e+01
3.808742335318017069e+01
4.881518532543650224e+01
3.714849226519052650e+01
4.556968607036921526e+01
4.200738474648586873e+01
4.107442812124887865e+01
3.685135360292368034e+01
4.318964627478430174e+01
2.957887042983017878e+01
3.889250018609107684e+01
4.049343089788111882e+01
3.326320286470242138e+01
3.063720150301308465e+01
3.854167115917825015e+01
3.359363819565316334e+01
2.784010631677591618e+01
3.829675617895432538e+01
3.691518829641181298e+01
2.566642507059489020e+01
3.971752049985772715e+01
3.655233642313167763e+01
4.482417904514290541e+01
3.947138997759505941e+01
4.275205051228336828e+01
3.076433641734224977e+01
4.512358808467681115e+01
3.163573238943884292e+01
3.414405680283068278e+01
4.290549305713538075e+01
4.102014129889859362e+01
4.256050977599669949e+01
4.605367248813466574e+01
3.827178837777268683e+01
4.670250099544191613e+01
3.703937285470299656e+01
3.370719468495239823e+01
4.024991440782846297e+01
3.576366851279193781e+01
2.872769332467967374e+01
4.169616612877556605e+01
1.852860242738188745e+01
3.921424591137428450e+01
4.172342535751451464e+01
4.148569786948303317e+01
4.650502269486389650e+01
4.222265572565616765e+01
2.668263171664928635e+01
4.062518140262324096e+01
4.414152039617452061e+01
2.542094199195934934e+01
3.913263350926359863e+01
4.246077374185379938e+01
3.818638336720174919e+01
4.116441558007121415e+01
3.150853382961989979e+01
3.356416938488561641e+01
4.090674511190712082e+01
2.123384495075195488e+01
3.780759525197436233e+01
4.015128364536997907e+01
4.386274703894511617e+01
3.912551930667174105e+01
3.970930851937973927e+01
4.168794508536334575e+01
3.846287368982359567e+01
2.869887906072413841e+01
4.738823664606851338e+01
3.751627296979504678e+01
4.221733271858372660e+01
4.107025063630699435e+01
4.337508277610094609e+01
3.438049299285487592e+01
4.354544124155655282e+01
3.788141586435938990e+01
3.868211162709953754e+01
4.091365567763538991e+01
4.277428752921595390e+01
4.095433370951879226e+01
4.350554542154809923e+01
4.407364634350009425e+01
4.354832860510019543e+01
4.704200728424955003e+01
3.969121600574392517e+01
4.215505754947662354e+01
4.088895746546931775e+01
3.246586721760890981e+01
4.339772598745405929e+01
4.162909595814213048e+01
4.476637774598587782e+01
3.346967878527898677e+01
4.061357973405260680e+01
3.935311273131409848e+01
3.203089089836939962e+01
4.134567577157369556e+01
4.263476716260788635e+01
4.137692827406567631e+01
3.935262818515139571e+01
4.460641503132263352e+01
3.192447733004303601e+01
3.121794092634020146e+01
4.069095644150653612e+01
4.213072540634500029e+01
3.425857794395696487e+01
4.301305968837268523e+01
2.629982673375234015e+01
3.528631832388260392e+01
3.934706122047043664e+01
3.770413878809238639e+01
3.034401204068251445e+01
3.581675406903585923e+01
3.787736565003407918e+01
3.377239812488066661e+01
4.326590311114150467e+01
4.339762131196044237e+01
4.245762690170631970e+01
3.256512452909225885e+01
2.741196379671753647e+01
3.243305975688745235e+01
3.994694444001561351e+01
4.341177747728038128e+01
3.625881002235202999e+01
3.186135010794587430e+01
4.126180589562392953e+01
3.047140527553934675e+01
4.284108593298120837e+01
3.949672862923446814e+01
4.352219289139468827e+01
3.866940958298842190e+01
4.420171713324734952e+01
4.108889375234952013e+01
3.371436896081483070e+01
3.517125387380261259e+01
4.499905567193212619e+01
3.153233715934757697e+01
3.455002859593069786e+01
4.419654816439454947e+01
3.294122166310635436e+01
2.735292861704612122e+01
4.321886691392654001e+01
4.374906990539194140e+01
3.882766202078460083e+01
3.255277578652960102e+01
2.921992812409187934e+01
4.362595531880909050e+01
3.724845275942450940e+01
2.872653021653815131e+01
4.063773962892894076e+01
4.107541819304713471e+01
4.388360539700450857e+01
3.249254763817558000e+01
4.182638800875319873e+01
3.788547080937642164e+01
3.560310660089382395e+01
4.179704063625285215e+01
3.739500550736617157e+01
4.007176898735345816e+01
3.938726141643483913e+01
4.332582457009071675e+01
3.601386515375184416e+01
4.496296407662816819e+01
3.823953941594971440e+01
4.034987511072937139e+01
3.460508363874796345e+01
3.943261804539199744e+01
2.679699145934500493e+01
4.299777959713233599e+01
4.144343566576508664e+01
4.388373147973967292e+01
4.354953226197039129e+01
4.060133544785795578e+01
3.036492426783600607e+01
4.059458370462204613e+01
4.083954228963753508e+01
4.196947708926816745e+01
4.256907402178813982e+01
3.649346892681881371e+01
3.698794771472338994e+01
4.201487455502523716e+01
3.095811801092519033e+01
3.309993561696667541e+01
4.192889358623229157e+01
3.067497006905163559e+01
4.262993682947012530e+01
4.252004995514707986e+01
4.286992713420054457e+01
3.735697979767724064e+01
3.343796878442405074e+01
4.280151690244197482e+01
4.168231784460162714e+01
3.333496584721130773e+01
3.714621201771856818e+01
4.218642275162500965e+01
3.104308599469685248e+01
3.087124353634117568e+01
2.459600158551237925e+01
4.375538163744445797e+01
2.015676445983173792e+01
2.485265146198421959e+01
2.319628194729165216e+01
3.554647417318071234e+01
2.060676941872298684e+01
4.457800412927940670e+01
3.809815571728450578e+01
2.890460356656867802e+01
3.647492427887446098e+01
3.994594327517540222e+01
3.368684854929728090e+01
4.418931352668361967e+01
2.936514523064736082e+01
4.577041703816687601e+01
3.906382469626793608e+01
3.467151213374802410e+01
4.195356485631206311e+01
3.980935815084587404e+01
4.285967311275602754e+01
4.051631586144704755e+01
3.990860269136197047e+01
3.648950374326427948e+01
2.778300909764624294e+01
3.995301850908624175e+01
4.433075696284776512e+01
3.404428200481390832e+01
4.702118919651643836e+01
2.941962870771270389e+01
2.868080953955471557e+01
4.361036146289766435e+01
2.616694927027802819e+01
4.269449584722125479e+01
2.370232331188860897e+01
4.650989507487003749e+01
3.470626152882410054e+01
3.894656844432204679e+01
4.103333050423603368e+01
4.201447634928726416e+01
3.628206691602812128e+01
4.373644106069950510e+01
3.746692817647381446e+01
4.320726959177977733e+01
4.358599365293139272e+01
3.299969343536614730e+01
2.409641606979208461e+01
3.008786923597247309e+01
3.171310940425995994e+01
4.112238105984315695e+01
4.349057390381603483e+01
2.711416896665044973e+01
4.474949563235411176e+01
4.375252692090688811e+01
3.264347942130114433e+01
3.930802469079059591e+01
3.000771387858633688e+01
4.519033254675119338e+01
3.974462040781330785e+01
4.147340568931105764e+01
3.598316006527708311e+01
3.263142995287900305e+01
3.806019299501108577e+01
3.123695274772602559e+01
4.138405152766367934e+01
4.274938388512317999e+01
4.153324675510521047e+01
2.855298604710911192e+01
4.241494758904475049e+01
4.571065144351284459e+01
4.168454659644132931e+01
4.054236502162586930e+01
4.022265926741137321e+01
4.077894829798846388e+01
3.613487483610963125e+01
3.399216479085686160e+01
2.786839453479458939e+01
3.241160659532700095e+01
3.800219337160986299e+01
4.561175108464411210e+01
3.027500753489622198e+01
3.132875895766344598e+01
3.947509059812476551e+01
1.838243399977874759e+01
4.033891402521911829e+01
3.527245171685697755e+01
1.996276385799171038e+01
3.855405855364818279e+01
3.515845283067444882e+01
3.926598581504507024e+01
3.493072781972986007e+01
4.461839235308218576e+01
2.194943899257217268e+01
4.216801045484358923e+01
3.452582248563718537e+01
3.973302709731725457e+01
4.433179121364270259e+01
4.377936648727894209e+01
3.161343089741269807e+01
4.280303488646296017e+01
3.692325513458738584e+01
3.907520133896235848e+01
3.683900096062326668e+01
3.384347643435198449e+01
4.143256968415395392e+01
4.208763272115642451e+01
4.246696202818638710e+01
4.177373148116878099e+01
3.876794573054849025e+01
2.418271909915682016e+01
3.739758067919869688e+01
3.873751623328119109e+01
2.375399885580341675e+01
4.823332005053988070e+01
3.183936248855753348e+01
4.315157653228474999e+01
3.909856323293237779e+01
3.596398040006096153e+01
3.207449874539400980e+01
4.721437329478604283e+01
1.898737677126148071e+01
3.232844768581848882e+01
3.236880212108997767e+01
4.391004979741586567e+01
2.611166634882661342e+01
4.125796493239933938e+01
4.060993606695021185e+01
4.307723274154297854e+01
2.840290866526189717e+01
3.925328916315734773e+01
2.213374210498740524e+01
4.710369048466776576e+01
3.668209585998103250e+01
2.949302409367986400e+01
4.432303572704296357e+01
1.976791647218778181e+01
3.712990321165467122e+01
3.671181842792938710e+01
4.206867124682570136e+01
3.158545374012503615e+01
2.234227793136409801e+01
3.888521222074110995e+01
2.224985419398415587e+01
2.805939780351686252e+01
2.608122119539105199e+01
3.874874085607570606e+01
3.830045363280770232e+01
4.243731291124029070e+01
3.922571863311090112e+01
4.333969285047248832e+01
4.198049188538877274e+01
4.247913571654206066e+01
3.974241558638009053e+01
2.243587066119152951e+01
3.919650375495220374e+01
3.652912602636001083e+01
4.108681719334903448e+01
4.151793657993600561e+01
2.853483871252301540e+01
3.665116737791449708e+01
3.521403487915932828e+01
3.452788485362060555e+01
4.733335620577972946e+01
4.537383979870111972e+01
3.959785749073779471e+01
4.509926994111385312e+01
4.576271060651892952e+01
2.375890406692894885e+01
3.064593652099987864e+01
4.285178247969535903e+01
4.186302747132062763e+01
4.036223833459188626e+01
3.953437781531830808e+01
3.967696833741975837e+01
3.941473429052695820e+01
4.270808979980360931e+01
3.622840490677330649e+01
3.204841307231826164e+01
3.708337709089197887e+01
3.017052438856959640e+01
3.188176455263710452e+01
3.539783646291655828e+01
4.246627910864545186e+01
3.603995915700142660e+01
4.110642887552221225e+01
1.888307504061580033e+01
4.255824344264756576e+01
3.619049168593383570e+01
2.093874344917604446e+01
4.126961525015705234e+01
3.364849861815209664e+01
3.236327435086817417e+01
4.211640524413242304e+01
3.862145301022759725e+01
4.160278142288704117e+01
2.860858396056628550e+01
3.085946712729716168e+01
3.949433592842309082e+01
3.122674626345657956e+01
3.299735467130392408e+01
4.008353707284638290e+01
4.062733041557005009e+01
3.728305316880138065e+01
3.878003166194068996e+01
3.565241817578767325e+01
3.929111167929484338e+01
3.917874229278894660e+01
4.288111044666638350e+01
4.203936755087616461e+01
4.268659527095059047e+01
2.197821262824868072e+01
2.878318530351820570e+01
4.469560626190904884e+01
2.975832607801204333e+01
4.009070222814603568e+01
3.749258875741352171e+01
4.278332051907506894e+01
2.148122250317561566e+01
3.325396606935919408e+01
2.417887000636299177e+01
3.262059948900745354e+01
4.390148303340418323e+01
3.493757915847634621e+01
3.547223634698210049e+01
2.608866736168252842e+01
3.922453948346623775e+01
4.138663225626573450e+01
4.577416099123161075e+01
4.340384977693819479e+01
4.340854205663102050e+01
4.233716398061770292e+01
2.332323971077768476e+01
3.971891529483906425e+01
3.990610572531802802e+01
4.384213013678315463e+01
3.713555947116034162e+01
3.720549663111786742e+01
3.689179090257048443e+01
3.000757998973503859e+01
4.152977147398858904e+01
3.355421139345024528e+01
4.706080879738228617e+01
3.109070443415274454e+01
3.999297244180225164e+01
2.671360148814502011e+01
3.491841918106067055e+01
3.436611944137483476e+01
4.114733728043960781e+01
3.977680602715616232e+01
4.259285401306649277e+01
3.526794971357418262e+01
2.792670229929770898e+01
3.452195646682910279e+01
4.177377106709079158e+01
4.173176102922766262e+01
4.167295078222829829e+01
3.710433478900665705e+01
2.606273863457813178e+01
3.980137708069312907e+01
2.773918362789087766e+01
2.645815325231597015e+01
4.105458554322093079e+01
4.158740835687448367e+01
4.219647731262632107e+01
3.951090878799612938e+01
2.951509021938365862e+01
1.838962790316337959e+01
3.890240428911255322e+01
4.107516720215014772e+01
4.341830467214786182e+01
3.756978306173980542e+01
4.125802201435010375e+01
4.121280428928451300e+01
2.993791859421041934e+01
3.670363420271577581e+01
3.967806376215934705e+01
4.303610226750695489e+01
4.365553749986428755e+01
4.067431713572286611e+01
2.538328305189937950e+01
3.886512086692542312e+01
3.334182985840660507e+01
3.520128043407392227e+01
4.435159857516432425e+01
4.525143687131524217e+01
3.204063732582147850e+01
2.685777881260466060e+01
4.038532811399399947e+01
3.948251267086745742e+01
3.334708882930136298e+01
3.548704200484106508e+01
4.560993749195664293e+01
3.030505712574297661e+01
4.341636150921269888e+01
3.074008381838845594e+01
4.177618640395674277e+01
4.204413198981836786e+01
2.816514277241208219e+01
3.996677542674039785e+01
3.160175682255143670e+01
4.255227521944432567e+01
4.054715132145526724e+01
3.103682644830213633e+01
4.144678951291837876e+01
3.976537120527643765e+01
3.215785909513316199e+01
3.965403733385277718e+01
3.528138086817922670e+01
3.367849220280492517e+01
4.413779780198924385e+01
4.113710245063560222e+01
4.039068633497673488e+01
3.510975159256264533e+01
4.244567374429508533e+01
3.035471636486990477e+01
4.366237795897180263e+01
4.303132611392724272e+01
3.558815589991554162e+01
2.948616027615644697e+01
3.645133493492717491e+01
4.394804931318525121e+01
4.606655118199321919e+01
4.629539077700000860e+01
2.362082015907410337e+01
4.455659657320638445e+01
3.643188969702860902e+01
4.104163842731946232e+01
4.057038917153081314e+01
3.367268115945226725e+01
3.723609985927544130e+01
2.983237381079921846e+01
3.840845372672021085e+01
3.109424686104026492e+01
3.666866184393278871e+01
2.150258632563557626e+01
2.928011347323205982e+01
3.204250780730643555e+01
4.581631816814977753e+01
3.661087600988606994e+01
3.175700388581875089e+01
4.498638809902189450e+01
2.827289141855998977e+01
3.076250028081781451e+01
3.460817923274549202e+01
3.406949562308239621e+01
4.302673003673017149e+01
3.546303602167875368e+01
1.952955695302417993e+01
4.046183268811264355e+01
3.926424661960074047e+01
2.440459382254453402e+01
2.370002114422286255e+01
4.265239224253636507e+01
3.531056233528781263e+01
3.497123101434119974e+01
3.301949384462501058e+01
3.905912000481540503e+01
4.114595792608351843e+01
4.095502497238366146e+01
4.160147847709256297e+01
3.887226946529585092e+01
3.919484029094664379e+01
3.255103910828318448e+01
4.074045630351807290e+01
3.825204286927079522e+01
3.137697377597371329e+01
3.060867499113261658e+01
3.956401550205591633e+01
3.162081837627289005e+01
3.759711393074627495e+01
3.707577275011119866e+01
3.064176946433142135e+01
3.911006673609856676e+01
2.741685116633508912e+01
3.398986506214414760e+01
2.873841010990387446e+01
3.883901692779794246e+01
4.070112050620421229e+01
4.156166364611571851e+01
3.936668955080687482e+01
3.748394520751105574e+01
2.097158126912303899e+01
3.434074848007769276e+01
2.518818110395686816e+01
3.692356708667280429e+01
3.596164570756704393e+01
2.937771749849950709e+01
3.712965257143196851e+01
3.866883220827833156e+01
4.060875076087120306e+01
4.228777877479294034e+01
3.088195437350288941e+01
3.931983231593279982e+01
4.132213903931823040e+01
4.102896940950775218e+01
3.858669023860012004e+01
3.334377276311160188e+01
4.199062594460217923e+01
4.183928100238539116e+01
2.134231868930513443e+01
3.042734609379304800e+01
4.168813299785817605e+01
3.414670646546220922e+01
3.707938215063504828e+01
4.257513308298862853e+01
4.032417501989502284e+01
3.596179276804039660e+01
3.899522373198282565e+01
4.365761642946530685e+01
4.567323372525350322e+01
3.538173205049970704e+01
4.246918756040063414e+01
3.810616395660419187e+01
2.567421394618156683e+01
3.651286213571625439e+01
3.278591888189220072e+01
3.511113294550437303e+01
3.430172515145265066e+01
2.586301687902266266e+01
3.678027390629866744e+01
2.351911143920865044e+01
3.946154745023409305e+01
4.052222933534599036e+01
3.990691066523267949e+01
3.633783108234727166e+01
3.194990748540796588e+01
4.185864353743848199e+01
3.763125811025599887e+01
2.919169743181598164e+01
3.261150672654769522e+01
3.828332567699600020e+01
3.080968509284075907e+01
4.205657733882209470e+01
3.433139921628077929e+01
3.383575518754008016e+01
4.165119424888236210e+01
3.706775643005825316e+01
4.597221683841584650e+01
2.971920345268651076e+01
3.281057740985328053e+01
3.622867064874986909e+01
4.148199021545323717e+01
2.551509306188857096e+01
4.434640589227067409e+01
3.952326793015056694e+01
3.704805815373674704e+01
4.120539479342886580e+01
3.336892891985581855e+01
4.272235022136981542e+01
4.256694707273244660e+01
2.949114980704725397e+01
4.050097724476425043e+01
3.932350309224280949e+01
3.931607428536449333e+01
2.353541611251395693e+01
4.152802307708690677e+01
4.094015243669750248e+01
4.095325445637057982e+01
2.608064234243629897e+01
2.582639213983375370e+01
2.494823112871029736e+01
4.384427996429101171e+01
4.088579196197436261e+01
4.421045242763361927e+01
4.432344923667436376e+01
3.421061203755823499e+01
3.656551307666920536e+01
4.132319410559725270e+01
3.286651072447055810e+01
4.295557631255507403e+01
3.813247305170001056e+01
4.382349543117418023e+01
4.504125661734450148e+01
4.137658671926099885e+01
4.110471619345960903e+01
4.328083915685233762e+01
3.744006848105467355e+01
3.280860623509565244e+01
4.302300250488813305e+01
2.731608950202376107e+01
3.991747637688428085e+01
3.143554467662046648e+01
4.580279994434756929e+01
3.951721328632844887e+01
4.310639474857257625e+01
2.104531972100882697e+01
3.663469490619024782e+01
4.072213692944792740e+01
3.576397312073746093e+01
4.162973269208608684e+01
3.712546418656860681e+01
3.933985215597468255e+01
3.863907904665593662e+01
2.312247524570913271e+01
4.157574679379058580e+01
4.174505910674373155e+01
3.942149003048111666e+01
4.245552807108069970e+01
3.596925053671069605e+01
3.922729341198306230e+01
4.221845781931889974e+01
3.982352431506702573e+01
2.370185369430202016e+01
2.780875551644856003e+01
4.268605036364279925e+01
4.442805004342518771e+01
3.610191639268895614e+01
3.991636965847728646e+01
2.410723204663520036e+01
4.155406322644607542e+01
4.236236329211427432e+01
1.805489776843916871e+01
4.141022966917913806e+01
3.586959755279407602e+01
4.024603585523776417e+01
3.921593657880201533e+01
3.980146732984787405e+01
3.292321934592951749e+01
3.708602296475088878e+01
3.151855838220111750e+01
4.696741323240257060e+01
4.228330589204517054e+01
3.910536880104026380e+01
4.053831712985196134e+01
4.212820201684790078e+01
3.593371519153983229e+01
4.216226376377769469e+01
3.972465651568406741e+01
4.017338697258645652e+01
3.288559706791220805e+01
3.256273523002568027e+01
3.450024835007562274e+01
3.708644063799831514e+01
4.410857537894597868e+01
4.035259629928334846e+01
4.396860783944393347e+01
3.894948699636714196e+01
4.178210178017913989e+01
3.223826804341036478e+01
2.727482163440836516e+01
2.512868871204744892e+01
4.214070321058127888e+01
3.614179460615059725e+01
3.011572982727175685e+01
4.158992187551694286e+01
3.802448692634971650e+01
4.179614072402652170e+01
3.323257668244384178e+01
2.661824178930842422e+01
4.048824092432825239e+01
4.205563478755264128e+01
3.362470620163608714e+01
4.134258764691026045e+01
3.481270381703664185e+01
4.173157347828307451e+01
3.961842758277438037e+01
3.121308288792155139e+01
4.411071132202305023e+01
3.487734841602672731e+01
4.257044516889640562e+01
3.462631878418640241e+01
3.364391339770948264e+01
3.782466643756897184e+01
3.842465057277014040e+01
4.114950998136551163e+01
4.420427510483001043e+01
3.365167957780384711e+01
4.201916764020705131e+01
2.636788212199403603e+01
3.608036366732183353e+01
3.385401120307398060e+01
4.142694259521448430e+01
2.827969369874356786e+01
4.500629248168959862e+01
3.342046393777015112e+01
3.236617881823854503e+01
3.561316402806545511e+01
3.613645523850626518e+01
3.027766914307588308e+01
4.349574028621829314e+01
4.203866792183862344e+01
2.314612292993937714e+01
3.001433039076662723e+01
3.510755002378809309e+01
4.018028549060295518e+01
2.899120612512982831e+01
3.519582105898978597e+01
3.587846514987389668e+01
3.987368820845061634e+01
3.378649387563547180e+01
3.357800411877006042e+01
3.022575983902265762e+01
4.233508757055431460e+01
3.460240383848736911e+01
3.822077212886627251e+01
3.759793005373575880e+01
3.194934176868445164e+01
3.838278196057756730e+01
3.485566003215719633e+01
4.303669977211954745e+01
4.190333660466872345e+01
4.403054786156756961e+01
3.846367138608096070e+01
4.022271365927856124e+01
3.853036979168388143e+01
3.964843161494293611e+01
4.252099370803519918e+01
4.032827194502847590e+01
4.321724239762502151e+01
4.299618933215500505e+01
3.470911399751129522e+01
3.365285257317803058e+01
4.361279385475435788e+01
4.013650311682090432e+01
2.430053881184496234e+01
3.301610800979769067e+01
4.539564784190537949e+01
3.656838947608180490e+01
4.227813758332320049e+01
3.728379458830420390e+01
3.019998892369491017e+01
3.558239513825495237e+01
4.293652762777686860e+01
4.269925410969995028e+01
4.120852097278774551e+01
4.116913303408292535e+01
4.113852920993851114e+01
4.099250234364390622e+01
4.321018492092382246e+01
3.911982996202502250e+01
4.285261724259343197e+01
3.194761267373270641e+01
4.069343267891010640e+01
2.899680408014572919e+01
3.311207391717026383e+01
3.992237037383016229e+01
4.292427670830177533e+01
3.353224530521005420e+01
2.739046482264500781e+01
2.990831757099977395e+01
2.533630226929374629e+01
3.937406240222585296e+01
3.242948569165299944e+01
4.004010987737820670e+01
4.171349487160191671e+01
4.594485418957965095e+01
4.157633698458718641e+01
2.828319865777523745e+01
4.313158410674322596e+01
2.590301542017612135e+01
3.548098415126799665e+01
3.995875005754712816e+01
4.075689694304170274e+01
3.849798983318505918e+01
3.636870458804079220e+01
3.806212506721121969e+01
3.482448773551779198e+01
3.810933130522622747e+01
3.045732327524942562e+01
4.189344529433361686e+01
4.281272585592707003e+01
4.053474379615290246e+01
3.996286233117466224e+01
3.785939135869117678e+01
4.194644463027712078e+01
4.401857806811488416e+01
3.733547100716560152e+01
3.707696645790272072e+01
4.252767825214275632e+01
3.864656226937682248e+01
3.953880259459918989e+01
4.058261885589892159e+01
3.669754563686441884e+01
4.097194375699967850e+01
2.191029380126433068e+01
4.238746152905383724e+01
3.999411198983538895e+01
4.632177535347705088e+01
3.917442490248838283e+01
3.268403851663438076e+01
2.918136882985850633e+01
4.311725306173231331e+01
4.026180090437723180e+01
3.401490214876871221e+01
3.729434784672798742e+01
4.251745998341091592e+01
4.077150814129849010e+01
2.762490452183569900e+01
4.197183489691604308e+01
3.954956431497763703e+01
2.448624816792633041e+01
4.267832529633948013e+01
3.777410826231852070e+01
4.250524939200093399e+01
4.095257037821704671e+01
3.338800172599414395e+01
4.178449922402461425e+01
3.113237540803142522e+01
4.426091523885619949e+01
4.143738397864094480e+01
3.435983963786262052e+01
4.104098031485434461e+01
4.514382376747675352e+01
3.678291518361952939e+01
4.164982792118725996e+01
4.199892576860420945e+01
3.327514462150482188e+01
3.121313236963630899e+01
4.045219311586963329e+01
3.631952062496269917e+01
3.657100640111105605e+01
4.076723431215153681e+01
4.166895626093258898e+01
1.780875132140284478e+01
4.286539302007331287e+01
3.644300880576624735e+01
4.269210394006548626e+01
4.157119337759121436e+01
3.357339302344982457e+01
4.189556180253209305e+01
4.004576191990145873e+01
3.295075967223873903e+01
4.161509364113734932e+01
3.100654934218662007e+01
2.576442736711832637e+01
3.450286470920947579e+01
3.895152850325244032e+01
4.073166945350445189e+01
4.125643744366396959e+01
3.963759422032508439e+01
3.457172818583408969e+01
4.521154361438400571e+01
4.181927421166546566e+01
4.067309120077468521e+01
3.154991237083152811e+01
3.717513113392211466e+01
2.417891339802875450e+01
2.621703191599746674e+01
4.454120242347990200e+01
3.738187477977970730e+01
2.835856061659999838e+01
3.656529480186399894e+01
2.995976857521054981e+01
3.324556134646088168e+01
2.697517496244300972e+01
3.891921809670662924e+01
3.088434794160685115e+01
2.668417837206024146e+01
2.460496927625668562e+01
3.966785391478470046e+01
4.428670415389548509e+01
3.432017234674166417e+01
2.613868982187270262e+01
3.119635924710036790e+01
2.596911861499150476e+01
1.819827931418050682e+01
3.334081086623679369e+01
3.784945815740817920e+01
3.029595962047564939e+01
3.808344122367759610e+01
3.928839353731375184e+01
4.431784468673744470e+01
2.288302505381143703e+01
3.747227266944996416e+01
2.527632917475850505e+01
2.884404741742811495e+01
4.205451789499223025e+01
4.297855387355807011e+01
4.149949088047082313e+01
3.732669134517171017e+01
4.241509082699396771e+01
4.332886514762411423e+01
2.198153794889557844e+01
4.028164177546740632e+01
3.907630699898901128e+01
4.003258399701569203e+01
4.486320244966119475e+01
3.646697702741000313e+01
3.893359662419391043e+01
2.731140491966367279e+01
3.686516930211340082e+01
3.642713813198329120e+01
4.438151756087557231e+01
3.730176768865700865e+01
4.096919825648066649e+01
2.178718732969977268e+01
2.430336165952138927e+01
3.673949006398340345e+01
3.816748015744553157e+01
3.986699665167985529e+01
4.171473946747737926e+01
3.701091049183713011e+01
3.996872017178872483e+01
3.636229118393330140e+01
4.271176943355816036e+01
4.114702050626451069e+01
3.931855005392766600e+01
3.859731470731117753e+01
4.145757625112295841e+01
4.189326321536844233e+01
3.716808402361255759e+01
4.080865824766809169e+01
4.349697313058708659e+01
3.799439855989175641e+01
3.806842962119302598e+01
4.617552214622175910e+01
3.888652099677474183e+01
4.225507751944744683e+01
4.278355422731351609e+01
4.234464791626653124e+01
4.019310912773339339e+01
2.928386706050330091e+01
3.818155651525481176e+01
3.150979456100741416e+01
4.177642835445529812e+01
3.726112505433523125e+01
2.558062694734758935e+01
3.803472265369570948e+01
4.363296100340767936e+01
2.680981962518556472e+01
3.974376096197552499e+01
3.564762353580860577e+01
3.755942680572483283e+01
3.197157571071123527e+01
2.393447613562628362e+01
4.298258541800258570e+01
3.178297525110489374e+01
4.249338321462430201e+01
3.747067357728941062e+01
3.575405030439395659e+01
2.928002952924012092e+01
3.842813096733817702e+01
3.649057179354097968e+01
2.893587205763554238e+01
4.148039238333571177e+01
3.603275121024327632e+01
3.792553026892087331e+01
4.224464985761049718e+01
4.152637602640564296e+01
4.271706689712237903e+01
3.554071899253328581e+01
4.082905186903644790e+01
4.206609567906251357e+01
4.447346127338141741e+01
3.671150460204418664e+01
4.151765947540601331e+01
3.789785513943201778e+01
3.892757094177332533e+01
4.131119322498413027e+01
3.421904360186649541e+01
4.441248677122687383e+01
3.591842265507438015e+01
4.285641257240004620e+01
4.149759427851254401e+01
3.825256087775170499e+01
2.967302333545310589e+01
4.113468269358063623e+01
4.186283864110860264e+01
4.119313988326811682e+01
3.642986528905812094e+01
3.525732337131072569e+01
4.399247198812317095e+01
3.268458429827774836e+01
3.408569686222534045e+01
3.943778493932180851e+01
4.599910454263221027e+01
3.927392513828702647e+01
3.864681242946887352e+01
4.041838950173582390e+01
4.380707837890262368e+01
4.153249192645590426e+01
4.283527316422638620e+01
3.076696218233225721e+01
3.843651724670014147e+01
4.508278696284149589e+01
2.239868501936904011e+01
4.084261716375447548e+01
3.826504414923751796e+01
3.816220040607301911e+01
3.662316085447822900e+01
3.485368138351420697e+01
4.166270741604544980e+01
4.435886941917694060e+01
3.742282857578901911e+01
4.456483316073382639e+01
4.183054033483323053e+01
3.112039845402162896e+01
2.944740410238960493e+01
2.258201455870548813e+01
4.026929380386659574e+01
4.457511243538589696e+01
4.412398212570192158e+01
4.115729141770952992e+01
4.508055526690252179e+01
3.440856025336456270e+01
2.769585757952282989e+01
2.869043417086433223e+01
4.088296802572779853e+01
3.473090021560366125e+01
4.486601966555112142e+01
3.256199656247627416e+01
4.010121495553953253e+01
4.680249635355271209e+01
3.085781864048314205e+01
2.999011889551326959e+01
3.673465007121520642e+01
3.923567771784650660e+01
3.710548273134271824e+01
4.539116731340294564e+01
3.641637986180412412e+01
4.371798903946400117e+01
4.142704160867518226e+01
3.812549760506706065e+01
3.792612350047534875e+01
4.183117550836823995e+01
2.889107478912299598e+01
4.265510811080204689e+01
4.352746825850847756e+01
4.066300111065710610e+01
4.203215930393689348e+01
3.107556784027802266e+01
4.147289070990434112e+01
2.487095061408625796e+01
3.973763534927418561e+01
4.096907146401566990e+01
4.182494076895992663e+01
3.331222553177885715e+01
3.266694370408405490e+01
3.328675357840492666e+01
3.057402537539131870e+01
4.046746101016902486e+01
2.022877738542026904e+01
4.027143427391614239e+01
4.003917139663983704e+01
4.056378585074243404e+01
3.408320123615330743e+01
3.394944006133072634e+01
3.443236905982857365e+01
4.276446271413611555e+01
4.067159521287948820e+01
2.919433103366629823e+01
2.844977215915420743e+01
4.171212482832708446e+01
4.051310175558914750e+01
2.264483898347562985e+01
4.223027555662544330e+01
4.402032162784242786e+01
4.216209140870318350e+01
3.215239214002102841e+01
3.582558334931538724e+01
4.253575868264223914e+01
3.891332581632732968e+01
4.381015763942129126e+01
3.038602394872110324e+01
4.136489838084550996e+01
3.782706648335777544e+01
4.519719576089903512e+01
4.145707149443143180e+01
4.290990056746815640e+01
2.712671352097756738e+01
3.344126675062530296e+01
2.257467956157407230e+01
4.231966049906158389e+01
4.095915142782438778e+01
4.074795474550320762e+01
4.148629019696815590e+01
4.241382618719237740e+01
4.282803281908906001e+01
3.732370191576755047e+01
2.579694948927892995e+01
3.872343180232709159e+01
4.466275083034238236e+01
3.900587704377432630e+01
4.258028368674668229e+01
3.508286638859689788e+01
4.231366946825934150e+01
3.273464846636059633e+01
4.107776798090466031e+01
3.301488136318829447e+01
4.113579841007148019e+01
3.915538176147266825e+01
3.128322738378044932e+01
4.336592309618189489e+01
2.324306629100839316e+01
3.573114348678114993e+01
4.152691549409662741e+01
2.994872621218613773e+01
3.291618071777699583e+01
3.583301747800505410e+01
2.287055789797839367e+01
3.851106108272179540e+01
3.533468605143533381e+01
4.127563560599743653e+01
4.358688873641848005e+01
3.922661473690801870e+01
3.399195932214445293e+01
3.107389340828461499e+01
3.524751565382533158e+01
4.130435240401340735e+01
3.466816277037931826e+01
4.091426951094906173e+01
4.174845889074192939e+01
3.492138225892589531e+01
4.146296151882947356e+01
4.332255670923342450e+01
3.734494412974818545e+01
4.108247733675893443e+01
3.883259371977553798e+01
4.414207095284201898e+01
4.307832320632249434e+01
3.851509384935063451e+01
4.229339694181005171e+01
3.481895720750370771e+01
3.895902979466924165e+01
4.004608279196891374e+01
4.270543382178903613e+01
3.263895070497090245e+01
4.309665726268752906e+01
4.512262819415450821e+01
4.288506753819741846e+01
4.225631897932220227e+01
4.015052420680302703e+01
2.256409675315363828e+01
3.928645599258280896e+01
4.346724270733788842e+01
4.287907038858704567e+01
3.546919676689210377e+01
3.575877987615096032e+01
3.611314385803607507e+01
2.414201491174011949e+01
3.945587126848542425e+01
4.499880663701409844e+01
3.747868638248047546e+01
3.011428765269896601e+01
4.145003579215224221e+01
4.058218223152488235e+01
4.068445793022237922e+01
3.701874915269663546e+01
2.865872176911475933e+01
4.151180214455501982e+01
4.091599923923070747e+01
4.270354307666816140e+01
3.654629932626663447e+01
4.084647747496924808e+01
4.248037455865581080e+01
4.447224227372187499e+01
4.582489479464678084e+01
4.336637897614074433e+01
3.104657908185015458e+01
4.277207608173901576e+01
3.861931338450565221e+01
4.560091507129936872e+01
3.517179589534308803e+01
3.932382441910639415e+01
3.939827264037200649e+01
4.170390048313110043e+01
4.097672988227134283e+01
4.173781570289681042e+01
4.207118339547635344e+01
4.086722713916918792e+01
3.714779681447494397e+01
3.212419543556361390e+01
4.481369629604230909e+01
4.660833792357292538e+01
2.989831319372646234e+01
3.290789315022519901e+01
4.187524658688927559e+01
4.563072821966754589e+01
4.180449036502017890e+01
4.230675611814650239e+01
3.158103959795140980e+01
4.095426020988620053e+01
3.300544661779155575e+01
3.865378658245332133e+01
4.176822524393411840e+01
3.643723604579319186e+01
2.523789181894022704e+01
4.482303033072729903e+01
4.136911774645544426e+01
4.009875452978955224e+01
4.248860978490055373e+01
4.272309873015036885e+01
3.715284602855047780e+01
2.084136565876836755e+01
3.771898542934864196e+01
2.827979982818456861e+01
3.671401479898101172e+01
3.518189747861199379e+01
2.589493120922566760e+01
4.407911435845304027e+01
3.767924439290998606e+01
4.625238060693119024e+01
3.582018314746215992e+01
4.197425579477791757e+01
3.675809921288934135e+01
4.297831740519358590e+01
3.702397878168046219e+01
3.682905021473483487e+01
2.764940254867273595e+01
4.021206757667685139e+01
4.350414931424523246e+01
3.672940587930374789e+01
2.595382072905240278e+01
3.359489643393141023e+01
4.510587498158475483e+01
3.963238168735005473e+01
3.215326336832723086e+01
3.614728176557120065e+01
2.952713496378152769e+01
4.102508701377361433e+01
4.229659010462312807e+01
4.224908616971654851e+01
4.226941633313008850e+01
4.722925816841311075e+01
3.041760576390685955e+01
2.992932133835450870e+01
3.824528320811011639e+01
3.272796713441523764e+01
3.924220442348676130e+01
4.398214899979480208e+01
4.068891323206484145e+01
3.488852373745539381e+01
3.441421348142652192e+01
2.787720765483261331e+01
2.413940667840513754e+01
3.873545000351408873e+01
3.391881196838234303e+01
2.696964082819293296e+01
4.206134601096079706e+01
3.641314447039675173e+01
3.790017281060028864e+01
4.285522053627767747e+01
3.550662698612140389e+01
4.028927801256001118e+01
4.080475854150282800e+01
4.061146952235850449e+01
3.382245076429618535e+01
3.360465276635924425e+01
4.141988968332655929e+01
4.373639764059351620e+01
4.196301251994405845e+01
4.116361335324983628e+01
4.049263240849570167e+01
3.512438115544623685e+01
4.079838899528757423e+01
2.817913188988512374e+01
4.327552678570984313e+01
4.554500744700825265e+01
4.240981118985921938e+01
3.842296774341578924e+01
3.462632566989988447e+01
4.481296996551581202e+01
3.912441444089382259e+01
2.897877236489582486e+01
3.180427852310840109e+01
3.176422569629597348e+01
2.383672095074428654e+01
3.888519615022846665e+01
3.021875337198121869e+01
4.020356754909003882e+01
4.239367307319749756e+01
2.941135804936795139e+01
4.532628076178620802e+01
4.114033087601016803e+01
4.016902222636282715e+01
4.700336436777546822e+01
3.941947016431720385e+01
3.260901978363369835e+01
3.357068832930844593e+01
3.074704999452901433e+01
4.417639340969523687e+01
3.430850930616717420e+01
4.236610396944805501e+01
3.740144607631882678e+01
2.237094951432125001e+01
4.557167795583931991e+01
4.150130621152277399e+01
3.685188651939716209e+01
4.520667115678273973e+01
3.429494992302100798e+01
2.262351440829281302e+01
4.013805513550536830e+01
4.223869989000925074e+01
3.489496045614114195e+01
4.117416587802204475e+01
4.131174714354077082e+01
4.083421074140845519e+01
3.499611381686131040e+01
4.204691325330009732e+01
4.115731086597966026e+01
4.322888588266904719e+01
4.345435648893091241e+01
3.792803271987972380e+01
4.242813511988153152e+01
4.141515787401095849e+01
4.344419468265555651e+01
4.247311316932638903e+01
3.478678771776251466e+01
2.661804808030212754e+01
3.032935209196917370e+01
4.316517192565246575e+01
3.229884468878146464e+01
2.362447685682543508e+01
3.110006680539195756e+01
3.226061380578644133e+01
4.305242040832944639e+01
2.771610605013598061e+01
2.460919956083666804e+01
3.849187714538344096e+01
3.988132346443610743e+01
4.020414265913657914e+01
4.123664185889411726e+01
4.068275660778036240e+01
3.946219584928510926e+01
3.981255144869486173e+01
4.058248114003778539e+01
3.440807916489121254e+01
3.513704148420143980e+01
4.292840864655315869e+01
3.862553399133317100e+01
3.799750802587635690e+01
3.334370941219359707e+01
2.617880255469430395e+01
3.182891498130671337e+01
3.996405964756872464e+01
4.076812858422204044e+01
2.253482076763236464e+01
3.782571359796456534e+01
4.245160037092249894e+01
4.403833968399858634e+01
2.882344768722780515e+01
4.110979347262266970e+01
4.220907088711519606e+01
4.135796519594438792e+01
4.227438896168397520e+01
4.022953421350764813e+01
4.308904010631201231e+01
3.292547687842543525e+01
3.328434477546642256e+01
2.485236210543306612e+01
3.304142314423643256e+01
2.381102289414868522e+01
4.538541277260384277e+01
2.705739189036274794e+01
3.167398486773494781e+01
3.987389766243901335e+01
2.286225215805889377e+01
4.261059811656171803e+01
4.055677196440702659e+01
4.695750349136826429e+01
4.049741617637653945e+01
4.473830376122698738e+01
4.163691850096443403e+01
3.672651224467072240e+01
4.275214529065492286e+01
4.283926755430722721e+01
3.248512279062476438e+01
4.228347931071596122e+01
3.418564642828540201e+01
3.682621633580880172e+01
3.279439952202660891e+01
3.594952375360495722e+01
4.377859132015856858e+01
3.949148390074707748e+01
3.233641019594682575e+01
3.135696620097195009e+01
3.597570873328847796e+01
2.907283501801091319e+01
3.677822586668707316e+01
3.980753502098306740e+01
3.312413329636827797e+01
3.343707168572294108e+01
4.502800516636207817e+01
4.341764375207984017e+01
2.922028293851578695e+01
3.618217287828462503e+01
3.272196991892919016e+01
3.967804395077121171e+01
4.372232988465129466e+01
3.455756374575433654e+01
3.778047658766981698e+01
4.280531783940399038e+01
3.888650936808082292e+01
2.701882206537339925e+01
4.108934501079049539e+01
3.574123175399746088e+01
3.923700592585272062e+01
3.415288794756007462e+01
3.381585717852181006e+01
3.317920114257798758e+01
3.678388912859398374e+01
3.527808885584653353e+01
2.254823952242664831e+01
3.280884013956028866e+01
3.356932668015174670e+01
3.767645063140604833e+01
3.534511221174073370e+01
3.300294020141598139e+01
4.120879605556442726e+01
4.210728154340461771e+01
4.233027033106793624e+01
3.338770750637101514e+01
3.453179641678245559e+01
2.656760705914041054e+01
2.814923004802614059e+01
2.852930785456721097e+01
3.899983981539934064e+01
3.448265689825139191e+01
4.413115641346858808e+01
3.288522406091259853e+01
4.223830526423390097e+01
3.380620296488572052e+01
3.403331283067497992e+01
2.069737342334423147e+01
4.232535779270509124e+01
4.071597739507501501e+01
3.947761283099132612e+01
2.843305244153351197e+01
3.539847185370242499e+01
2.863318786546341954e+01
3.615836880464937053e+01
3.697812951975303264e+01
3.669786204870241164e+01
4.337948261415532869e+01
4.240637148481415153e+01
2.285074058077921677e+01
4.410401845896335971e+01
4.032471959405999939e+01
3.948319520775599045e+01
3.872206407122843785e+01
4.301031177171064002e+01
4.239732585071396898e+01
4.180000747184548970e+01
3.809053314241221955e+01
3.298818195927547237e+01
4.114114167580832060e+01
4.366061607141806888e+01
3.971839259037769665e+01
4.251125798674032552e+01
3.357166682948099634e+01
3.845688981373067605e+01
4.371233598204335635e+01
2.817560420171691504e+01
4.013116113376421623e+01
3.056083651888619812e+01
3.387386087847180249e+01
2.009252229944528878e+01
4.179306105065374055e+01
4.185371749272810860e+01
3.962760514725815142e+01
4.163947577548749734e+01
4.276412019958876698e+01
4.001532039884114766e+01
4.170850838250023429e+01
2.688779185677316264e+01
3.661570466930406553e+01
4.287910527368225644e+01
3.272772443169343148e+01
4.164025960716143260e+01
3.261467676410878624e+01
3.673736492168344370e+01
4.063317300429498147e+01
3.279324551087186990e+01
3.629471987318380144e+01
3.898406903396392664e+01
4.429412475121308290e+01
4.181496695365378002e+01
4.688200665953004886e+01
2.081438137323680593e+01
4.127592966176889178e+01
2.812247921570692810e+01
4.062555468640085365e+01
4.271945386145613099e+01
4.063592807864389300e+01
4.193515683878229794e+01
2.306473833447707378e+01
3.485019055149867029e+01
3.335825215011361422e+01
3.585263389187141314e+01
4.512778220701925846e+01
4.023746776343858045e+01
3.705520717876114389e+01
3.642821232639070672e+01
3.889118737786790803e+01
3.756866389554146934e+01
3.651733037858906528e+01
4.229022732516839511e+01
3.136004822121726221e+01
3.083227427234195517e+01
2.377041715812725897e+01
3.513175489878890545e+01
4.194090594975861563e+01
4.529248783202490358e+01
3.171263377031501207e+01
2.160446232885453099e+01
3.313579925584463837e+01
3.852296957695814683e+01
4.606561424026060791e+01
4.266786201586007365e+01
3.893770815830419707e+01
3.103715953214166845e+01
3.574149348498797707e+01
4.345234305142211895e+01
3.294375435370888283e+01
3.228201819362431735e+01
3.986860253264193688e+01
4.438499053083237555e+01
2.856272725660939926e+01
2.682913802343733778e+01
2.907440760106083744e+01
4.263367674265555252e+01
3.282612396912141151e+01
3.800168307756993613e+01
4.337953751895389587e+01
2.862110140172168471e+01
3.142766061208822492e+01
4.215583209287036226e+01
4.081200512140878800e+01
4.625576287934524800e+01
4.022023709992108564e+01
4.556729611963650939e+01
3.701018212596611079e+01
3.567271907743972292e+01
3.053598187871725145e+01
4.077034838909101211e+01
4.490184283770672380e+01
2.669654167413782986e+01
3.581550862823370807e+01
2.956557873418979909e+01
3.988828592525921835e+01
4.044091074828422450e+01
4.231624878575019721e+01
3.540253922445188550e+01
4.012086345079672611e+01
3.164171694739960117e+01
4.015577118922405475e+01
4.192947956234744566e+01
3.659513599732921563e+01
3.193504606939480439e+01
4.544823725606956799e+01
4.300555993009893996e+01
4.232574708144156261e+01
2.611517141646880447e+01
4.149922824560469081e+01
3.624019935851109153e+01
2.465182406708996155e+01
3.245830883435790781e+01
4.124396005405201038e+01
4.364822777924221242e+01
3.046446074783974822e+01
4.031010838389003226e+01
4.234599485256896401e+01
3.077082366537530334e+01
3.551130117312802525e+01
4.535031386840306311e+01
3.834976074592818662e+01
2.762061497394723020e+01
3.843419016748801198e+01
2.916698480434495977e+01
2.499706356045436451e+01
4.116491096480713452e+01
2.408257045881403968e+01
4.290990896009304123e+01
4.260123705995989951e+01
3.483616775970826751e+01
4.052909579890967962e+01
4.273868573367959556e+01
4.035228102560555641e+01
3.957484960077952962e+01
4.487638684060171101e+01
3.874795872336960656e+01
4.060289215416547393e+01
4.245692049900834064e+01
2.369182762327474734e+01
4.093031304404072301e+01
3.325188177024344327e+01
4.251856165252240771e+01
2.941789855421668420e+01
3.272985607985616241e+01
4.135753111974491247e+01
2.687730511734158867e+01
3.686587234295502924e+01
3.504308499255613185e+01
4.294117365915639795e+01
4.139920075355929185e+01
3.146544980093447919e+01
4.317509676504283078e+01
4.515549422308008332e+01
3.360309573558821938e+01
4.260392267843320013e+01
4.522881262806286884e+01
3.460621932882143881e+01
4.125478803018221896e+01
3.173286210905255089e+01
3.836383604009946424e+01
4.177369359211333233e+01
4.556571463191255589e+01
3.959644939328613589e+01
4.177394428824779737e+01
3.528178297420038945e+01
4.134216739311374766e+01
2.919257163328163074e+01
3.739060911511180052e+01
3.608985457511315076e+01
3.191779926335207307e+01
3.984277781228361448e+01
3.511167151975159584e+01
3.057917952463023425e+01
3.813300802107035992e+01
2.915561762218451847e+01
4.192695249769852239e+01
3.886057614353802592e+01
4.163632092803808860e+01
4.056921382244377838e+01
4.315516334513697672e+01
4.098077561557203552e+01
3.858039818838997093e+01
3.800485047783860182e+01
3.393236664078845877e+01
4.256410318926901937e+01
3.470344605286344120e+01
4.090918150021083477e+01
3.082387377742421819e+01
3.347054185014221872e+01
4.559683668008088375e+01
3.806856421334515517e+01
3.709738394313126264e+01
3.850389185065579056e+01
3.607999662072709413e+01
2.730666714355890434e+01
4.088714819382054344e+01
2.898398631313691354e+01
3.863307156024461619e+01
3.904064331727750670e+01
4.385913082061618695e+01
3.770146432699579009e+01
3.971352504053847099e+01
3.609577946660100878e+01
4.303182283162188781e+01
3.703093465357044067e+01
3.886891497054783429e+01
4.221082331068051730e+01
4.337493207195017675e+01
4.100952104883607063e+01
4.383157338394691038e+01
4.059838985617082585e+01
3.937859005118646394e+01
2.037425736973423795e+01
2.163557677126095413e+01
3.549687275175142531e+01
4.342194482903800434e+01
4.248449735882186928e+01
4.358565276694876900e+01
3.300747553339981266e+01
4.207507658281055996e+01
2.804210858327327571e+01
3.960428395701928395e+01
4.328815890312885983e+01
2.604237318731019712e+01
3.597361996016128671e+01
2.329165405041874237e+01
3.920009906602950167e+01
3.765466176499329976e+01
4.022404428895372064e+01
4.264110424959942236e+01
4.755996579453103124e+01
4.415503296772889286e+01
3.729021157945904008e+01
3.431579299965122942e+01
3.964091993899199196e+01
4.125801485540843316e+01
3.054868029385390926e+01
3.426423539698916443e+01
4.268561069200141134e+01
4.527594999916101415e+01
3.867725091800354420e+01
4.040388853757521304e+01
4.213798583736836179e+01
4.376295282602524850e+01
3.931259465594925473e+01
4.147453235490511503e+01
3.479253150843264564e+01
4.136357134603264285e+01
4.003344944620480561e+01
4.360991655644660625e+01
2.350808609208234401e+01
2.276879125666303594e+01
4.164814965239595779e+01
4.235931039033550149e+01
4.139240493812505406e+01
3.486492677923082795e+01
4.561544317929240577e+01
3.667124941681299077e+01
4.092752014057185050e+01
3.280449077272393765e+01
4.487339581647674436e+01
3.625641519615430752e+01
4.125731416644066485e+01
3.673984371293948925e+01
2.861406386303644211e+01
3.445337894249527722e+01
4.423569531165154700e+01
4.333816636982101755e+01
4.711400364721604461e+01
3.423804045949403019e+01
3.183023350120651784e+01
4.550630087920255562e+01
4.034010971148665448e+01
3.992530480504679957e+01
3.228174190277313471e+01
3.256024508478522250e+01
2.658473694528361619e+01
3.443127284008320288e+01
4.222614054346230006e+01
2.757780847937861068e+01
3.411514824084585484e+01
4.172855807961088459e+01
4.006523150042577441e+01
3.871365576499056260e+01
2.454044932901340559e+01
3.059337688270289135e+01
4.067318887911876146e+01
4.235085867911186597e+01
4.409652281210760805e+01
3.115874708381661407e+01
2.909222602065425889e+01
3.803732115573937733e+01
4.191326123783321123e+01
4.476455889386062381e+01
2.716259736462299301e+01
4.262137089784305743e+01
3.236974557498322014e+01
2.577093000062192374e+01
3.489481710178731078e+01
4.555123561655584297e+01
4.332311348805595230e+01
4.063103288730414420e+01
2.583258695784646619e+01
4.312626514533231870e+01
3.121561103565345618e+01
4.525474379028734262e+01
2.894518123024796807e+01
4.137865422888271638e+01
4.220330807821478203e+01
3.474095286857677678e+01
3.635810627548894303e+01
3.874662836654410825e+01
3.481854581291919715e+01
3.124543551147037590e+01
1.963112372787657733e+01
4.105608478496701252e+01
4.246125543822418535e+01
4.142415166338129495e+01
1.857433427192053799e+01
3.934572332858121513e+01
3.690762167165775054e+01
3.950742536058055521e+01
3.000782321805250064e+01
2.953833598092515800e+01
4.199163388287929166e+01
3.286284570145134865e+01
3.359145796190787792e+01
4.410205225073787005e+01
4.757062889070901690e+01
3.945333500515700820e+01
3.668164963125646238e+01
4.134708495524981231e+01
4.158394018920174773e+01
4.269484021237092009e+01
2.784267423222131654e+01
3.751282270271035202e+01
2.637209521170102988e+01
4.223765902757251212e+01
3.393163784831413921e+01
4.080213729883863749e+01
4.208664983726463760e+01
4.311108090982388319e+01
4.057678704539147674e+01
2.052875580608767336e+01
3.969787051477054263e+01
2.669195536597154828e+01
4.464858050878816442e+01
2.573982983171874395e+01
2.684706363444066568e+01
3.987618418855301883e+01
2.900921138426294021e+01
3.966314460636257877e+01
3.230794731891266025e+01
4.122486244503146935e+01
4.718890406189113662e+01
1.915310182109071135e+01
3.740163169236275564e+01
4.359525707409684259e+01
2.971897615686227567e+01
4.310745679824003673e+01
4.055495384056838049e+01
3.005382303477335171e+01
3.594894521379365671e+01
2.795316034676742589e+01
4.463548522030297505e+01
2.828486759767065806e+01
3.703627820939931325e+01
2.515394855423359388e+01
3.903478094063314074e+01
4.026552338600277636e+01
2.005453607625085866e+01
4.136944340994887881e+01
2.826137459392559137e+01
4.793817448100693923e+01
4.078776389929112867e+01
4.192735686592131117e+01
3.210886951617234075e+01
4.281400416943893106e+01
4.532547265126986957e+01
3.362342474179299501e+01
2.501999062310160227e+01
2.405453302835163854e+01
4.173699153523252647e+01
3.603335520207840403e+01
4.408631102193986351e+01
3.173001864613300782e+01
3.821596225414803882e+01
4.412463520642685211e+01
4.414220336934413780e+01
4.100940799732508424e+01
4.086330513408010034e+01
3.967649490491832864e+01
3.600614421848285929e+01
3.355019430521250001e+01
3.456774509324170452e+01
4.663704392502624785e+01
4.442983170226700906e+01
4.067821312779867071e+01
4.020985450556199936e+01
4.226645230930415664e+01
4.049500114976590481e+01
4.089499144726890023e+01
3.862734318647769527e+01
4.275882591649179432e+01
4.393449353345550179e+01
3.486021154436996738e+01
4.108203540048977231e+01
3.278996437174914291e+01
3.104218153701578231e+01
4.560329297125333881e+01
3.659443776259864478e+01
3.712270558035985601e+01
3.068498719973687727e+01
3.898882985993711259e+01
3.688610526267225254e+01
2.281930011627983745e+01
4.040980117359642065e+01
3.612053099276423751e+01
2.442152183735617399e+01
4.038279615532626110e+01
3.682032981945319250e+01
4.449218907022681435e+01
4.451512424132921808e+01
3.850224470524135256e+01
4.173338288421964393e+01
4.194264039556399837e+01
3.473824040705125782e+01
2.988721516073876572e+01
4.610100666767168320e+01
4.212790224653254256e+01
3.969919786987119892e+01
4.641195916417468226e+01
3.094885733711122100e+01
4.054192781979494953e+01
4.246432962883101681e+01
2.844511545136316144e+01
3.598657877530881422e+01
3.997590116690201967e+01
4.205592250794467191e+01
4.039970499539997917e+01
2.809825807039362644e+01
3.461785622065824697e+01
3.311838985685825776e+01
3.551331278473713837e+01
4.001534080134891269e+01
2.258257478507462324e+01
3.123269221631928971e+01
3.478221542612411099e+01
4.183042815101124035e+01
3.176288111097026601e+01
3.199382008535109279e+01
3.464722929464386425e+01
3.324480878487743496e+01
3.664139321824647766e+01
4.368663976052150844e+01
4.533073235138414958e+01
4.163533049782808604e+01
3.967882688304629113e+01
3.868152980868703850e+01
4.242989331604552206e+01
4.158683159409707741e+01
2.840564109900198275e+01
3.829744670329445455e+01
3.598516392422587984e+01
4.109638194335211381e+01
3.326798888861220860e+01
4.397315178413202119e+01
3.999896587768677847e+01
3.960157678103504253e+01
3.935300485141957694e+01
4.220861579453197976e+01
3.958667896759070004e+01
2.765423633911536072e+01
2.419424735876557619e+01
4.178944236284817038e+01
2.933204569087194002e+01
4.029023244644071866e+01
4.325550115103423110e+01
3.137018033257662353e+01
4.200636335568066215e+01
3.197805493162779555e+01
4.108620126856149568e+01
3.859357185957312453e+01
3.899787739629518768e+01
4.201882220263277645e+01
3.603915569757280224e+01
4.350408273566924322e+01
4.050061222640248815e+01
3.483106190973025207e+01
4.008699488458317006e+01
4.136472119304082184e+01
3.902217673308456369e+01
3.525596389282654286e+01
3.582402624212654985e+01
3.966268577696037312e+01
4.466597549567664771e+01
4.101790467164244092e+01
4.358834561980394540e+01
3.249501925544126379e+01
4.092676700197859674e+01
4.022845160695585776e+01
4.092220179453016726e+01
4.068160791369196971e+01
3.584240098116529083e+01
2.652580454080912276e+01
3.740319028723262562e+01
4.043383126997604649e+01
3.540283197544851390e+01
3.010865967176725633e+01
4.186401552443850704e+01
4.360863013230975582e+01
3.839250355765800293e+01
4.062886471184852866e+01
4.558090841053950726e+01
4.122668204580632079e+01
4.194985513461388393e+01
2.817774247731825454e+01
4.143543212812761567e+01
3.462367684090777686e+01
4.274176670954112467e+01
4.624742554811754758e+01
3.517629527174743487e+01
4.212676438549743096e+01
4.354130204280491512e+01
3.022530682140117264e+01
4.408574718049745655e+01
3.836256728660274717e+01
3.929324431270465112e+01
3.894845314185158713e+01
2.030292592175079136e+01
3.421673398359034479e+01
3.937032589690126372e+01
3.908716357475889680e+01
4.324790367172627015e+01
4.028293393722640303e+01
2.937839738375032539e+01
4.418657760261738332e+01
4.243718922994818854e+01
4.162507086566346004e+01
4.094753255091174537e+01
4.153950538591678310e+01
3.296531373645701279e+01
2.608709189142867402e+01
4.068924387205432680e+01
2.883863246940424219e+01
1.944351048630015200e+01
4.267429153775439232e+01
3.963680216712955939e+01
2.974798218377328851e+01
4.051662089709568448e+01
3.163912739988231237e+01
2.896673798244563969e+01
4.314571984708815933e+01
3.149982746862115590e+01
3.914575564196937307e+01
4.384902799226055237e+01
3.523640428694060489e+01
4.577284270982192282e+01
3.936828678076488330e+01
4.297505473847365209e+01
3.341279504741534367e+01
4.150570841463688510e+01
2.616864076962243502e+01
4.340264647379435559e+01
2.527198235361990086e+01
4.695744921759267498e+01
3.772742814622004914e+01
4.118081866409649905e+01
4.022313393370331625e+01
4.191509519545886064e+01
2.635956837234645889e+01
3.621967261141151795e+01
3.375402366709966628e+01
3.530444863054714233e+01
3.058059038714964828e+01
3.761057326463189554e+01
4.154369664483993319e+01
3.976424984327375256e+01
4.643084688692560746e+01
4.381551905481418885e+01
2.851055028028387639e+01
3.963047970796075248e+01
4.066895884287060170e+01
3.963694720012996697e+01
3.909838540519889705e+01
2.647837042539390850e+01
3.368348498098647070e+01
3.563299785487198079e+01
4.131101458988459996e+01
3.788167385897203587e+01
4.143275603504464044e+01
4.324032582829494231e+01
3.021305968556622190e+01
4.672792204276229455e+01
3.720478280657159331e+01
3.143477201595319670e+01
2.753829255656595620e+01
4.179533432759825473e+01
4.632033022383365761e+01
3.957458837224085357e+01
2.770947884842686193e+01
3.394768758830052491e+01
3.609778926126097787e+01
3.795371079718498208e+01
3.746384293844204194e+01
4.099729173229221857e+01
3.127554447585456998e+01
4.305263125660693646e+01
3.847034895525585085e+01
3.691208558731322853e+01
4.785493714413126298e+01
4.334531622777546289e+01
4.571155448934354126e+01
4.509637770686510549e+01
4.146383734810279265e+01
4.510780883347145220e+01
3.856778585333766785e+01
3.397693219488532179e+01
3.361912933909388812e+01
4.206248247973059762e+01
3.224255556074103168e+01
4.216194631652434310e+01
4.271517631401716386e+01
3.515156432911746265e+01
3.216913209309672084e+01
4.289760614180042353e+01
3.159309580204116941e+01
3.453600568988463948e+01
4.147290430207027612e+01
3.695494120301800933e+01
4.238709635863734349e+01
3.757148792476866106e+01
3.803238758972042177e+01
4.223622920689242477e+01
4.033861191878498431e+01
4.480297268723676041e+01
2.347391416646442508e+01
4.344425599478056199e+01
3.416723942848751250e+01
4.130666523227597509e+01
3.851936698749144483e+01
4.105389279137254732e+01
4.270374927778329521e+01
2.880210910844366623e+01
4.338080343029441366e+01
2.630778588611956437e+01
3.524388006744426605e+01
3.271463442688072121e+01
3.915897010236230358e+01
2.860053908707785908e+01
3.872173078107361732e+01
3.976275310556952292e+01
2.715928990697667444e+01
3.507256971277443114e+01
3.581303468760591358e+01
3.047017881491504099e+01
2.966226119120450733e+01
3.864838476448205284e+01
4.050827447829073691e+01
3.431800514585984274e+01
4.179231557655673157e+01
4.480716192193574443e+01
4.244207150294835884e+01
4.350340196551984917e+01
3.940101003841777327e+01
3.992628529943553417e+01
4.106697723106427844e+01
3.801497187069838191e+01
2.897500346563007767e+01
3.491952449961392801e+01
4.042091716340582508e+01
3.919620909894069172e+01
4.507099379469888589e+01
4.014280561036510164e+01
3.853569565628907867e+01
4.284730609946518598e+01
4.337196697289794400e+01
4.345109262498560554e+01
3.204749917884458910e+01
4.141876494005234832e+01
4.289755575440086943e+01
2.776225298548331466e+01
4.172733040836670426e+01
3.873771287725143253e+01
4.313929190179302253e+01
4.079932329743572694e+01
3.757831889000794234e+01
4.086102547199025992e+01
3.948623005638231120e+01
3.660627916445135099e+01
4.137900012331863309e+01
4.045651067310672744e+01
4.106711721300470685e+01
4.184236547177118837e+01
3.715596449571569337e+01
2.487559637288437386e+01
4.082630221511867319e+01
4.231384114948961184e+01
4.210625910101764902e+01
4.485140402628929479e+01
2.830055711325770318e+01
4.275908248766575781e+01
3.880673068388067293e+01
4.245356507352119024e+01
4.089494252685356201e+01
4.217314541274898687e+01
4.165806674372197449e+01
4.283580225261107444e+01
2.808340598606612559e+01
2.381224929415496661e+01
2.164159871975366300e+01
3.789609835100527135e+01
3.976194647978944374e+01
3.902672175102286900e+01
3.323874505332307905e+01
3.855405835045350926e+01
4.184857225772476141e+01
4.007513179150995342e+01
4.176778048009845890e+01
4.365426818371796713e+01
3.952709014565184731e+01
2.871083557605445336e+01
4.178539080939741979e+01
4.143242302707450619e+01
2.291133991685291704e+01
3.521901723050405764e+01
3.906525248536492256e+01
3.918150359514368120e+01
4.037359661943126099e+01
4.236811258189260343e+01
3.190599607788558956e+01
4.270133219976605687e+01
4.540414988283146158e+01
4.627786962843105556e+01
2.026340508186193645e+01
4.280821451107816245e+01
3.847216530142873125e+01
3.987938786980950567e+01
2.231076220488927575e+01
3.490645422831107680e+01
4.066660031051274871e+01
4.019203904632365720e+01
4.151163535079236766e+01
3.732571429362629800e+01
3.689444921368157537e+01
3.171299752816282336e+01
4.667534432764744423e+01
3.423262884237370685e+01
1.982852297961109755e+01
2.631865568296744229e+01
4.224327518202827036e+01
4.663754207697888887e+01
4.321178236445769016e+01
3.936279769975467246e+01
3.558436427976038630e+01
4.331594973745340127e+01
2.640693975950923189e+01
4.141740945155041942e+01
2.177803708172545427e+01
2.763683713281830734e+01
4.291237123173312540e+01
4.137001665767663638e+01
4.208004066240776808e+01
3.820869466339615173e+01
4.261951654973310610e+01
4.220233526474500252e+01
4.158767529692288889e+01
4.005759398033707441e+01
4.281174624720291177e+01
3.651654165438955602e+01
4.272417091509916531e+01
4.101336783013029930e+01
4.104035165968543453e+01
3.488848914416006153e+01
4.021635422291177520e+01
3.881446670049583503e+01
3.553468929810730970e+01
4.615529447569526411e+01
4.147619549764229419e+01
2.767334553561504862e+01
2.772376226416730205e+01
3.367540969350228863e+01
4.086617965058739799e+01
4.414756019367422368e+01
4.537281410288353101e+01
2.098499900219153957e+01
3.019892562256835689e+01
4.191967808044139332e+01
4.258928200019838073e+01
4.203135230438937242e+01
3.204608571794655347e+01
4.108472531386251347e+01
2.284310182442914439e+01
3.917907339472188255e+01
3.071731248393942337e+01
3.961341919532024036e+01
4.085998301326793580e+01
3.502127899376317544e+01
4.149959465210074683e+01
4.275358220167083090e+01
4.264409779016227020e+01
4.229399879157084285e+01
4.147012046732083945e+01
4.013623002086571034e+01
3.079577961648412909e+01
4.296833671543738831e+01
4.164230400258892217e+01
4.013456065972598452e+01
4.070413151039148403e+01
3.678051168131570847e+01
3.770677833533463286e+01
4.272731542367316848e+01
3.049095847596763420e+01
3.662703158374618795e+01
4.353409344831196393e+01
2.025615154243860516e+01
4.107765200721620147e+01
2.984683242790435997e+01
3.595819663646483377e+01
4.218256029637173299e+01
3.079587563372204428e+01
4.299267590546658369e+01
4.059577151871297218e+01
4.200530010368814970e+01
3.357813399812855693e+01
4.042067957688944801e+01
3.818349677354696325e+01
3.954975567831851180e+01
3.249019051971870908e+01
3.520403310812429254e+01
4.347118176685439295e+01
4.333405001444666027e+01
3.985891063667104106e+01
4.055933649364811799e+01
4.222109218019701871e+01
4.617616504261774679e+01
3.090641842635408310e+01
4.297970094036634237e+01
3.438124481562447698e+01
2.802716863893046195e+01
3.291189782011925047e+01
3.591476719082743330e+01
3.675912978317048641e+01
4.188741219103640390e+01
4.336205798080830931e+01
4.178090015116936229e+01
3.973957221921008198e+01
3.930008746518327456e+01
2.876177732012953570e+01
3.689853705601258582e+01
3.872638168539663894e+01
3.907117447101457941e+01
3.026078127816815666e+01
4.132017495723316358e+01
3.931777565631464455e+01
3.057331180495910061e+01
4.129186693128973218e+01
3.446663870616475833e+01
3.484370867679841410e+01
3.432603789589228427e+01
3.850221891375300487e+01
4.274724573927028359e+01
4.734326823333678647e+01
4.350267001826151159e+01
3.132272137549057334e+01
4.085261704406627103e+01
4.564383512813754606e+01
4.075315630562914038e+01
3.646867865120748320e+01
4.173525201995642675e+01
3.177132868372460450e+01
4.175046419070856274e+01
4.140283875532633573e+01
4.014413163011963093e+01
3.229366933752243796e+01
2.307609748939583838e+01
4.440396799528785721e+01
2.870853804088983807e+01
4.357945041209593739e+01
4.229213127083737334e+01
2.317923075982732328e+01
3.844349874988092353e+01
4.143774548142251035e+01
4.197115565984711338e+01
3.747483032440194961e+01
4.253840666620394728e+01
3.519180578910800250e+01
4.327438149402792078e+01
2.489747423816411498e+01
3.714586379228144608e+01
3.660716266946049302e+01
3.787797066931462808e+01
4.271896268991139323e+01
1.861493593387895018e+01
3.326099259531287089e+01
3.852813533458462558e+01
3.735395966578583682e+01
3.922281699356037166e+01
4.168388775927220280e+01
3.019407053008200137e+01
3.573073242528281668e+01
4.063493846722132474e+01
4.290057312889043573e+01
4.402323736295555534e+01
4.334110777489136979e+01
2.650198759750934130e+01
4.357340870409122147e+01
4.108790268344764485e+01
4.596428897960780091e+01
4.350623944036924229e+01
3.714392288905023065e+01
4.329499264992419683e+01
4.246245608920573744e+01
4.056467297576656250e+01
3.513870217396814866e+01
3.723699348623102168e+01
4.303085475661108461e+01
4.305796967269313313e+01
4.054769280069422166e+01
4.416443899276554674e+01
3.992123858792947289e+01
4.166195346715629455e+01
4.099407878298737273e+01
4.002232678406702604e+01
3.902258106454549846e+01
4.032285724477012678e+01
3.908552298947672199e+01
3.684105532951313933e+01
4.423205235708664418e+01
4.680194168099046692e+01
4.315560748245325584e+01
4.401304146401559336e+01
4.270958386674107743e+01
4.273586095129326168e+01
3.617979066212936345e+01
1.881005656545144689e+01
3.243469557028995354e+01
4.042124022679789874e+01
4.642791607756592498e+01
3.854169971447358733e+01
4.086539591169736241e+01
3.269487707608818283e+01
2.910736145901315197e+01
3.999830912249554871e+01
4.377906348185427987e+01
3.256565981484589400e+01
4.485404031760621990e+01
4.158183372919947374e+01
3.990150986443889991e+01
3.408110993654683085e+01
4.298191664715220384e+01
4.170418890229057496e+01
3.847180655994753096e+01
4.116354828557916790e+01
3.997078454946920800e+01
3.843838533513223155e+01
2.998641531546302730e+01
4.102061977717850283e+01
3.178247199506267862e+01
3.621162868624735154e+01
4.548948796259330152e+01
2.556385490153119378e+01
4.209592330363085466e+01
4.382336595531093337e+01
4.166889635843746476e+01
3.914041427568276532e+01
4.336680667868780148e+01
3.635679453109750625e+01
3.669741737354051025e+01
3.310680866560371527e+01
2.238571224402565818e+01
3.875709399756210871e+01
3.832237291438887894e+01
3.364574976874799717e+01
3.122757985385874235e+01
4.049999067820373710e+01
4.334975366080232817e+01
4.110125800688536657e+01
3.315941981178591647e+01
3.655218370760580626e+01
3.330667521321054636e+01
3.298280523206391734e+01
3.640731034433320445e+01
4.723205059171259279e+01
4.502627042771065646e+01
4.455808123949468325e+01
4.309707845375947954e+01
2.175872776886023985e+01
3.065962215793086187e+01
4.159299024188741356e+01
4.227470644471561911e+01
3.670259449740733970e+01
4.034924194215535920e+01
3.027553091938345986e+01
3.962793454137703719e+01
4.197242770700565018e+01
4.112294768806945910e+01
3.512804511245196437e+01
3.718592737080848565e+01
3.244652368249756336e+01
4.163034244909240300e+01
4.124032711052801403e+01
4.051610829918035961e+01
2.554123022584262159e+01
4.293628879991134539e+01
3.976816920332102967e+01
4.420346815244342764e+01
4.472847838851973989e+01
3.912740210412513875e+01
3.085159515143513786e+01
3.237852897192730950e+01
3.951562664845083361e+01
3.880533134356083025e+01
3.179880949384522992e+01
3.907179415647131293e+01
4.224423180370762765e+01
3.597292207869806901e+01
4.268674229921334984e+01
3.800095675863174449e+01
4.211107759792419358e+01
4.182716349150278745e+01
4.036975657593275457e+01
2.625756474403050333e+01
2.406442006000734324e+01
3.002874654035220559e+01
2.261449255019274318e+01
4.019452497152069270e+01
4.159151652163834001e+01
3.810075891232511935e+01
4.525693359918589209e+01
4.040011231830887795e+01
3.595551833741389913e+01
4.306210575912437122e+01
3.945043488153398670e+01
3.091303950711803239e+01
2.942608281450219465e+01
3.393083149885604399e+01
3.416415473335634800e+01
4.349526244672861708e+01
3.275099119875762455e+01
3.157689487827707708e+01
4.211369115638188987e+01
4.169557539183850992e+01
3.768030099567323532e+01
3.977417017691301737e+01
4.189083193345825151e+01
3.578635805393412284e+01
4.368375072227453160e+01
4.547061221144034704e+01
4.161182879776296062e+01
3.967021925754100664e+01
3.810229435894820682e+01
3.488744158198600331e+01
4.313149462288135538e+01
4.298181654892452741e+01
4.181448655943236759e+01
2.859098908394881988e+01
3.902588415706511427e+01
3.372862151854395307e+01
2.569809438734844420e+01
4.004960067207628072e+01
3.174539745982700367e+01
3.784108720138164017e+01
3.845115531208586646e+01
2.997894315013397559e+01
3.647053660756230897e+01
4.403957542532658209e+01
4.136961329956449873e+01
3.900314978343305938e+01
4.222289351750128361e+01
4.248846250867256913e+01
4.219902297888103249e+01
3.822747305386697292e+01
3.183734118358136911e+01
3.706019556040715912e+01
4.556895475107582172e+01
4.030621826038895961e+01
3.752004857873222932e+01
4.090160519694468633e+01
4.587040579088605341e+01
3.162091637033857694e+01
2.443785872149674887e+01
4.246973450978597242e+01
4.398308608899809258e+01
3.326095650061414943e+01
4.090872377618597255e+01
3.525847905625079903e+01
4.286984190519171278e+01
4.252398968413539393e+01
4.130411851182557825e+01
3.791582814848521821e+01
3.782801094174635637e+01
4.384855249655557685e+01
3.912486971171870920e+01
4.009630619534755880e+01
3.350005437331934388e+01
4.110229828108464289e+01
3.532900743949042521e+01
4.683483619160122657e+01
3.676199248411355569e+01
3.012766628731416674e+01
4.009655574175140202e+01
3.182887808334315949e+01
4.083876658588758346e+01
3.793926248740632445e+01
4.497007024818413612e+01
4.212460616725434903e+01
3.521661959250982932e+01
3.586940398419758225e+01
4.178095368803268883e+01
3.504337347371958344e+01
4.271640627033556115e+01
2.532002345368628227e+01
4.352733700368294478e+01
3.542754177334714427e+01
4.096092548365533048e+01
3.248268923788133122e+01
4.009112654675995202e+01
3.929243795679072804e+01
4.127805786313313519e+01
3.762420377666407489e+01
2.520290476551400616e+01
4.309298134808040004e+01
3.230901943567288015e+01
3.416406041155434536e+01
4.305680289090198443e+01
3.778337775070210114e+01
2.611577568007762551e+01
3.273164294461140855e+01
4.074477886034734553e+01
4.158498760693930762e+01
3.939047760317082236e+01
3.433851265863474111e+01
4.522569247198314457e+01
3.587263191377583382e+01
3.957631557502380559e+01
3.036173046055776226e+01
4.354395055393836600e+01
3.508603044587894004e+01
3.226412352220346236e+01
2.081268116610922192e+01
2.580518689840146962e+01
4.120261476484640895e+01
4.360877816322291523e+01
3.514501678448567645e+01
4.320136071088397500e+01
4.297713259060700608e+01
3.833643459494631855e+01
3.445224751886313896e+01
4.176070320793409252e+01
2.951402036432731535e+01
4.340535608492549358e+01
4.325392368927945341e+01
4.304246975544548093e+01
4.347087665393252820e+01
4.394762509635048531e+01
3.370402271703596142e+01
4.238489709626270496e+01
4.211883593395133119e+01
3.883309638717196322e+01
3.221960021985066902e+01
4.434769742742086862e+01
3.653273452744327443e+01
3.651090268070775124e+01
4.262036217755824907e+01
3.219552820904253565e+01
3.362836377484665462e+01
3.912107984604674726e+01
4.039168030138026921e+01
3.706449034678625054e+01
3.497535773717125807e+01
4.543846277308554704e+01
4.208323837168897086e+01
4.029158111724785130e+01
2.846579632965108431e+01
3.678731265189897925e+01
4.179360769081799987e+01
3.803468454729999593e+01
4.185157381228976448e+01
3.632191999812926753e+01
4.161693273349241906e+01
4.305925912575514758e+01
3.653178701353127877e+01
3.489672504360526517e+01
3.662877833837866604e+01
4.051079543551417572e+01
3.979126307619537073e+01
4.172715366552240823e+01
3.892112605721250418e+01
3.121107896397931469e+01
3.953834083403917532e+01
3.498588884222839823e+01
4.342897402640222992e+01
2.193084237211965970e+01
3.977898726996594547e+01
4.125187749836561579e+01
3.894044572385874403e+01
3.889499203570903063e+01
4.303905780957524740e+01
4.235965304730152781e+01
4.462803413169552869e+01
2.601425826372486583e+01
4.120864093156144037e+01
2.262664133455767868e+01
2.874482494024279333e+01
3.619608408532472765e+01
4.596951387461536598e+01
2.724956622484302926e+01
3.422095644012643589e+01
4.421334107808976910e+01
3.693664631767026663e+01
4.313239926010361103e+01
3.235502719098847280e+01
2.731237193360866655e+01
3.612079322448980179e+01
2.436472184495134741e+01
3.793345974730138437e+01
2.524123164840919742e+01
4.154951011005228878e+01
2.809345783193548485e+01
4.106516395498960037e+01
4.208421218731138680e+01
4.083195720693924358e+01
4.158736607172165378e+01
3.885236730463434185e+01
3.763750998188953645e+01
4.244751639269401977e+01
3.561495918478115641e+01
4.280539344982130956e+01
4.338086602614573906e+01
3.456049918525754805e+01
3.365042741137548177e+01
4.110869132224196676e+01
4.005933811821297752e+01
2.615221858958993550e+01
3.347014197646373646e+01
4.274920882556316570e+01
3.529751255951806144e+01
4.341641847130739507e+01
2.247681550779501336e+01
3.873056622194831533e+01
4.009418417796669587e+01
4.022816004939634382e+01
4.166545449163164960e+01
4.157299254133780408e+01
4.049190848944174803e+01
4.359412003960451187e+01
3.743783089401411956e+01
4.352746829405726459e+01
4.244043368589927212e+01
2.009520376712181999e+01
4.158194294052966455e+01
4.076540124831836920e+01
4.360733329273364944e+01
3.487370888211510334e+01
2.354416603997464463e+01
3.900193743257060675e+01
3.787875456374363381e+01
3.602454623618725549e+01
4.211339544015999081e+01
3.348663893069299746e+01
4.409613337349219364e+01
3.943457133122736735e+01
2.515441655729076587e+01
3.686510350815903081e+01
4.408506355642473551e+01
4.191649074455906998e+01
2.656180318724764433e+01
4.068826663019311951e+01
3.303269326880891299e+01
4.473455406116335098e+01
2.132514179375234065e+01
3.449595206967591565e+01
3.944783817821353011e+01
3.997819788582754796e+01
3.915934570966594919e+01
3.213159406703762500e+01
4.153153696725971855e+01
3.745799115834587667e+01
4.506810321502297256e+01
3.980212812937131872e+01
3.371179040228322776e+01
3.819358937280012611e+01
2.980038746939872496e+01
4.087485332177667630e+01
4.026316976801778225e+01
4.001606318503931448e+01
3.958961515480464044e+01
4.161151344217721260e+01
4.088444085983839216e+01
4.119998583635731393e+01
3.340679210208036665e+01
4.344386667931469503e+01
3.956658752097023779e+01
3.202868902172693311e+01
3.057667212487638153e+01
4.194319737017458749e+01
3.913966018078041031e+01
4.182164652176601294e+01
4.125072916539231471e+01
1.772642702521449465e+01
2.677468890745123176e+01
3.190970283818848330e+01
2.232594155399414859e+01
4.076128371741094725e+01
4.101813531574374139e+01
3.653625127672552964e+01
2.216123382393235275e+01
4.106340261533482305e+01
3.735279644390131892e+01
3.883312695893911126e+01
3.222028610449765296e+01
4.607179674438827277e+01
3.923151261678444257e+01
3.925036201790364032e+01
4.121215640632125599e+01
2.563476906387326082e+01
4.069910053002296735e+01
4.234698810601475572e+01
3.242998606123939709e+01
4.005116288491053211e+01
4.140717434301020461e+01
4.520094699365864699e+01
4.296758002561382739e+01
3.937085022615401897e+01
4.349356750890438406e+01
3.814837375286519716e+01
3.041351686391678655e+01
3.979452818511712309e+01
4.632998432778622799e+01
3.006383058155151744e+01
3.481136792912484879e+01
3.675253077258955159e+01
3.205871055435926564e+01
4.147243234810560608e+01
4.057183909417391021e+01
2.114175259086987779e+01
4.302302571224479522e+01
4.069552395064862793e+01
3.349778310145804028e+01
3.665003519000286047e+01
4.089620464519806120e+01
4.074809138836151590e+01
4.219930305822466465e+01
2.295917017928229953e+01
2.493027925502062914e+01
3.249176059117411342e+01
3.419362742077149164e+01
3.701898766933518203e+01
3.284971776520601594e+01
4.019718803162097487e+01
4.015518188661653198e+01
4.350407687230746490e+01
2.364307120525547390e+01
4.051546809021824913e+01
4.253894906441490065e+01
3.606453375681505946e+01
3.301665825632014872e+01
3.950548608151778041e+01
3.556553754154437996e+01
4.271282388157684551e+01
3.896424392972102879e+01
4.225930197444101566e+01
4.224041411119981149e+01
2.886300271003767648e+01
4.282494041157347908e+01
3.729543460424046941e+01
4.045436288839769645e+01
4.021679084268983928e+01
2.654455716098317097e+01
4.107170647021197851e+01
4.488751353167130986e+01
3.842936770946267444e+01
3.413495459629542950e+01
3.625073217197243736e+01
4.099524878029382791e+01
3.998808183585933307e+01
3.040726844548988339e+01
3.903232531378132819e+01
4.135530658433324902e+01
4.163342862161282198e+01
3.112687048938336787e+01
3.467156656661835967e+01
4.046772906181514173e+01
4.236517404847674584e+01
4.413994405784121966e+01
3.437427917391684673e+01
4.143178119420623773e+01
4.072180137430468960e+01
4.035461019828553475e+01
2.885802388925029760e+01
3.018224447697076229e+01
4.342330382571946501e+01
2.929962932255187269e+01
3.452244490374623354e+01
2.703115516893564774e+01
3.387599174492787313e+01
4.298721128510515399e+01
4.184253210746737750e+01
4.010634062095622454e+01
4.389792787365251314e+01
3.843463852479703746e+01
3.864918536696509221e+01
2.823297670225177214e+01
3.448022007473660011e+01
4.030385672441362743e+01
3.236228050587057936e+01
3.665638954173399355e+01
4.646948463424216413e+01
3.539326283643276128e+01
4.230732786066771212e+01
3.577044299759320012e+01
4.311630137889298453e+01
3.827646533572765719e+01
4.193252782614985108e+01
2.880860921081536574e+01
4.364709910423126615e+01
3.992493264395149311e+01
3.071874856334863324e+01
3.658659762298480445e+01
3.112262067324829928e+01
3.992644486846727148e+01
3.870195864818014542e+01
3.017633022367209250e+01
4.031443593796878844e+01
3.969820637750153480e+01
4.196027851933025943e+01
4.136617824429273327e+01
2.010328722310991267e+01
4.172178002749339498e+01
4.419916091493182364e+01
4.481957151369937264e+01
3.777624339443801205e+01
4.008765567836910293e+01
3.376506337901689392e+01
4.002746382740178177e+01
4.282978496664535584e+01
4.080293974514626854e+01
2.194500687518695869e+01
3.211567754311339229e+01
4.652220804617218874e+01
4.214056627886785833e+01
3.234360106138721136e+01
4.321328523810511513e+01
2.156164101210281103e+01
4.230849316947185201e+01
3.904181318443314552e+01
3.388904030669783651e+01
3.398270098995430288e+01
2.727698506598639838e+01
3.208429261507040309e+01
4.450950327322463806e+01
3.335472104613251076e+01
3.349715801528935799e+01
2.435336374547412674e+01
4.546257684843661195e+01
2.859294669000622591e+01
4.082233627784167851e+01
3.910346544471153152e+01
2.225322153719619322e+01
2.439165288340462467e+01
4.110367612741460874e+01
3.595539200150354731e+01
4.469985240907094237e+01
3.651037877310167801e+01
4.197656564980653116e+01
3.531341565156927231e+01
3.979223364093253679e+01
4.035978459605802016e+01
2.753070842099375781e+01
4.670141918006294901e+01
3.541902593288770618e+01
4.285487399823201571e+01
4.456043093519421205e+01
2.560437238721599940e+01
2.673025780157072973e+01
3.440929720116587021e+01
4.759835965871656072e+01
2.921708035615101196e+01
3.573572486675683280e+01
3.102266089133422611e+01
4.200864083967049822e+01
3.649179878380551401e+01
2.583667308889707215e+01
4.066383017786611020e+01
3.885838123882981421e+01
3.530243207874185174e+01
4.152214546217442859e+01
4.261949503556205343e+01
2.708263297813429205e+01
2.843191325487476817e+01
3.336506930151001171e+01
3.316510510656556932e+01
3.264970838184272850e+01
3.876187777043235627e+01
3.502118095709676737e+01
3.723219489448606367e+01
3.269482838186529250e+01
4.090144384518922749e+01
3.825179593416616797e+01
2.741920557492958821e+01
4.127244860229522061e+01
4.119016879924846819e+01
3.573072638265406198e+01
3.278122535722591380e+01
3.497148540863419441e+01
4.157510568642511117e+01
4.013852185858572597e+01
4.333493637199019588e+01
3.926259194601058056e+01
3.463823863101227118e+01
1.880073502831178089e+01
2.936747266543973822e+01
3.548142380056136602e+01
2.789992144953931685e+01
3.825838531645098328e+01
3.151712076388748685e+01
4.185936159330054096e+01
3.549609792286162957e+01
3.988670947458376759e+01
4.020298042540216699e+01
4.291346636754010291e+01
3.197664260585578333e+01
3.316205723810367800e+01
3.966083938785881458e+01
4.097247967858388051e+01
3.028108332979224926e+01
2.012121175841303256e+01
2.675412121265813781e+01
4.196646183589086831e+01
3.935029399726126087e+01
3.855446767482128934e+01
4.056547142102522940e+01
4.142460480749052465e+01
3.782085065435607163e+01
4.011306153901733040e+01
3.857037394102697903e+01
2.806592162589047490e+01
3.839716628288636002e+01
3.886903976920199710e+01
4.172207237845815087e+01
3.410671453992060975e+01
3.176763157587204489e+01
3.210043391624692788e+01
4.264335340868295532e+01
4.225297937843605922e+01
2.489867189986453866e+01
3.157842601571503849e+01
3.586667870049036111e+01
3.463735234180334999e+01
3.535586959914346039e+01
2.997001525525427112e+01
3.255339331874097297e+01
1.922432069538092492e+01
2.789754185457863400e+01
2.298843407647015269e+01
4.158004909866165377e+01
3.120605808697661132e+01
3.879129185698869264e+01
3.924364375657696513e+01
3.992987994293663689e+01
4.253184678423927778e+01
4.086713190170356569e+01
3.761407835774569719e+01
4.744290713016742700e+01
4.262028254175891817e+01
4.207630067617848368e+01
3.296533804508086973e+01
2.175479470865346698e+01
3.998916850414368440e+01
4.130894749036597347e+01
4.156238240390756999e+01
4.246239874442287032e+01
3.181626570266489296e+01
3.976662635337962115e+01
3.570121673064263490e+01
4.118390242775233645e+01
2.546358000854514003e+01
4.278994589723912867e+01
3.468144924191609135e+01
2.468777686305040930e+01
3.954300520567968391e+01
2.549260304832007762e+01
3.740219960139148014e+01
2.966427242682270915e+01
2.757964081490429820e+01
3.710442354634935924e+01
2.684855421906364370e+01
4.068745008818279985e+01
2.324240370817703649e+01
3.336724342889684891e+01
4.130663435371091907e+01
3.249989858112915897e+01
3.724928026071654585e+01
2.420380966717785043e+01
4.287463895619028875e+01
2.893673006750748300e+01
2.982025941559607674e+01
3.355653503332117538e+01
2.837628455897762336e+01
3.284797618514371464e+01
3.830559075410419467e+01
2.883486597434748688e+01
3.767335816631258183e+01
1.712042970334080394e+01
3.651087869931631502e+01
3.893051461919401390e+01
4.328759361980127807e+01
4.050172549397042587e+01
3.494195695777143840e+01
4.196103410679872781e+01
1.589037918914841541e+01
3.845902096820135085e+01
4.380613466635001885e+01
4.085494175277026585e+01
4.242657293098987736e+01
4.034667597585158916e+01
3.172867659875268487e+01
3.876862762145476893e+01
4.358834568638899043e+01
3.799202688180967868e+01
3.646146959196043724e+01
3.865460132759432099e+01
2.604945008157014641e+01
2.240996309563164246e+01
3.461925127084749221e+01
4.343066744434975135e+01
1.990298839644713880e+01
3.507308679564271614e+01
4.049143057908102605e+01
4.288089466654416526e+01
3.971456454614541798e+01
3.516803072925710438e+01
3.505786382501954535e+01
2.886575574529553734e+01
3.214311224095510511e+01
1.709442746140609160e+01
3.789438823668739076e+01
3.076107669011964063e+01
4.040639543662084066e+01
4.184864314527723650e+01
3.432243702184296552e+01
2.842884336947107116e+01
3.587977441653858079e+01
2.130230169324162404e+01
3.161751257530664461e+01
4.255487637800483469e+01
4.288933549996185235e+01
3.812885697474359858e+01
3.964127456383331349e+01
4.440535658368743555e+01
4.151486824333208858e+01
2.727243709901604873e+01
3.976709444411802963e+01
4.029694576225396219e+01
3.453175316929686289e+01
3.630157044152877432e+01
3.727185802638429379e+01
4.181067994289105627e+01
2.316485066157374817e+01
2.845719534732756983e+01
2.728151087134298436e+01
4.166514759584300265e+01
4.142801980967104214e+01
4.011516078214834380e+01
3.745480372535489977e+01
4.124425131955234036e+01
3.428813904637407717e+01
4.405277086735809178e+01
3.774507558462035206e+01
2.961364760529948370e+01
2.201468048824800405e+01
3.909554013563389674e+01
1.709488523042801589e+01
4.027765679058998671e+01
4.086881815712086308e+01
3.442923910458489445e+01
3.895422024316567899e+01
2.565545490594825395e+01
3.825113658746345635e+01
2.680659519868715535e+01
3.708995104186569591e+01
4.197491128820337991e+01
4.083390386575626962e+01
4.264676651406590935e+01
3.667778907925060139e+01
4.600802150824115699e+01
4.580566604486261895e+01
2.444105032906018238e+01
2.876768193319804823e+01
4.424749217128524492e+01
2.508295166173247281e+01
3.987919488123016976e+01
4.162901027418813982e+01
3.445919084737617766e+01
2.775358682396960575e+01
3.897834270857837424e+01
3.862419103073327165e+01
4.290731716820663877e+01
3.707710419491966292e+01
4.069667766068337045e+01
3.021076357046035810e+01
2.696670821625323811e+01
3.806574694645536994e+01
3.490267117182747825e+01
4.070991820666846905e+01
2.560971350666999413e+01
3.968376673585904513e+01
3.789016323540434428e+01
3.690104616633450263e+01
3.728073222837289080e+01
4.044265423052095798e+01
3.908841225298622390e+01
2.978238495714319356e+01
3.940820341403990312e+01
3.284376407731877379e+01
3.901072707884919311e+01
4.743283896215415751e+01
3.584393245840754361e+01
3.891789910244648354e+01
2.377485561489176646e+01
4.436136428758923955e+01
3.436509121180546344e+01
2.783040791162193628e+01
4.314291856945580150e+01
3.090884181261897012e+01
4.226493796304126249e+01
3.819466252196239253e+01
4.141761387996833577e+01
4.026571941670805188e+01
3.122227881470135813e+01
2.421322907303998306e+01
3.711267711725732710e+01
3.004168475534703830e+01
3.316100129012418307e+01
3.937794862668363294e+01
3.457135776747571043e+01
3.717624185783992630e+01
4.177407649070909912e+01
4.195635177244400182e+01
4.199893595590771866e+01
4.418178636155756323e+01
4.103487796260185405e+01
4.159028499428838899e+01
4.199149352784502298e+01
3.974897036138791151e+01
4.673575020792878121e+01
4.263765312028009902e+01
4.201702359112480423e+01
3.920745729573882699e+01
4.522852506495938485e+01
3.332905749822094776e+01
4.068962604464656607e+01
2.160568900819313143e+01
3.791134667544081793e+01
3.698718878672425348e+01
3.443573586851826462e+01
3.751693663476454788e+01
2.184161993330663876e+01
3.544364451134379834e+01
3.914151555833571905e+01
3.403288488232657016e+01
3.648525384866376697e+01
4.092560219036864311e+01
3.984509231556247499e+01
3.435153173555050898e+01
3.681052718942898849e+01
4.175758581837960293e+01
4.325290574996110848e+01
4.356873144551102683e+01
2.632931532702966848e+01
3.144854807911520922e+01
3.056274873197096653e+01
4.169800621507489780e+01
2.718552647455476290e+01
3.256196355445943880e+01
2.625489938507701027e+01
4.007115884442509923e+01
3.932011783565624796e+01
2.839364571126177950e+01
3.415304958045106787e+01
3.877908279614658937e+01
4.041112399160569879e+01
4.194142530663143020e+01
2.252571435086261431e+01
2.644523517418615910e+01
4.442359546591418251e+01
3.896259004432912576e+01
4.010148724756821537e+01
4.043493993975410916e+01
4.259323906063353604e+01
3.880017920453163072e+01
3.363053069488205438e+01
4.157771327861226496e+01
3.328879756698108849e+01
2.729957144110366585e+01
4.091765795425303054e+01
4.063547033894740679e+01
4.110849554741223955e+01
3.741503554625813166e+01
3.441229514722371619e+01
2.342212693388312417e+01
4.149527749255879172e+01
3.626140570921627670e+01
1.857510907893920660e+01
3.710585049513650091e+01
2.763042353111060123e+01
3.713824165929661802e+01
4.060911958710183001e+01
4.173105511969417591e+01
3.024514915484978772e+01
4.181720763644894134e+01
3.858836052381452220e+01
3.629263583195842813e+01
4.069758950726892266e+01
3.248147805463863591e+01
4.010828616641106237e+01
2.515054433771891240e+01
2.960072556868566451e+01
3.411070761509282079e+01
1.984546087024295247e+01
3.952379188199068949e+01
3.906690412102573617e+01
3.809487086812583811e+01
4.314054706700743225e+01
2.055997809467881865e+01
3.990396516802537974e+01
3.146466798878142868e+01
3.780620961796582691e+01
4.029495749954092787e+01
3.856035540244950965e+01
2.499401213502464358e+01
4.043344231431681379e+01
3.796164294335469691e+01
2.469449459777103328e+01
3.641124370472110883e+01
3.993373747034506493e+01
4.036016234213059306e+01
3.744189421849103638e+01
3.570903015207655073e+01
3.657212056667402322e+01
4.184063698029039102e+01
3.924969204564621350e+01
4.165628269168720266e+01
3.453593912443788838e+01
4.211774842734813262e+01
3.630275843680315973e+01
3.323142219897937366e+01
4.067447879320025805e+01
4.077903100123631219e+01
3.008747795608678288e+01
3.975084833004245866e+01
3.488826696357854473e+01
3.793092213341719798e+01
3.379775034432316261e+01
3.486417653436886610e+01
3.084172407154775186e+01
3.370543393124304998e+01
3.094385522929164622e+01
3.521554115736516621e+01
3.460384307201295684e+01
4.051090015734013150e+01
3.093555137248012699e+01
4.022388902612359374e+01
2.008056194350199419e+01
2.660017302411474560e+01
3.106587382487886373e+01
3.311172204647902362e+01
3.192988387377623027e+01
4.044899409553661229e+01
3.155331771185558054e+01
4.048368538777665293e+01
2.707671902692428745e+01
2.726489603553715924e+01
4.215680126666855898e+01
3.911243080081242596e+01
3.848649504255003961e+01
4.106521597635759235e+01
4.181499684259335936e+01
3.888700731869864313e+01
4.135005007221503348e+01
3.857272420933108492e+01
2.858831899315610414e+01
4.185714662201715441e+01
4.059029964424750858e+01
3.814681523829081300e+01
3.994013103759876770e+01
2.731357186372810020e+01
4.156000973064132609e+01
3.505702483808711634e+01
3.672862036287015286e+01
4.092401914946352548e+01
3.990760660479099187e+01
3.434696118990079583e+01
3.982236450942757955e+01
2.456874621962413840e+01
4.001177002032204655e+01
3.486571143915539039e+01
3.930534221337298817e+01
3.049576326590416997e+01
4.492759722791942067e+01
3.909930243560619090e+01
3.660861205686293829e+01
4.077587139178173459e+01
4.171591752954740429e+01
3.344334017508851531e+01
4.269610402463722210e+01
3.588769887679397641e+01
3.873874935073212811e+01
3.572618306373128405e+01
2.287007816921700254e+01
4.213992045493838390e+01
3.544911754056803943e+01
4.039833418380703023e+01
3.527807218532333877e+01
3.884316181090369469e+01
2.937160866199904419e+01
4.322362865758116612e+01
3.645754176734125451e+01
3.929853272111979123e+01
4.263810519976477309e+01
3.550792567312258541e+01
3.286116886419682004e+01
3.668366923191175744e+01
4.123112183714499679e+01
