4.377405969328088275e+01
4.140148547155843772e+01
3.803029383275911357e+01
4.188664171209644138e+01
4.411278597622921893e+01
4.839602235703245015e+01
3.927804395894143852e+01
4.578713783003924220e+01
4.070706276424360937e+01
4.110397173308267327e+01
3.440124084807858651e+01
4.411292454961872522e+01
4.125808216875667256e+01
4.132040553736631949e+01
4.379914030806459380e+01
4.114369321004463842e+01
4.289303286077201705e+01
4.201042004885918146e+01
3.800245267878545263e+01
3.690033948489136151e+01
2.571459395058489505e+01
4.353061106829944293e+01
3.853972895522572628e+01
4.264217679187505183e+01
4.392332625052895168e+01
4.129688838228295822e+01
4.075919773525530587e+01
4.261309170601654017e+01
4.130581395742487416e+01
4.355437531109356541e+01
4.230676425113142614e+01
3.722024400407510569e+01
4.451300648246446912e+01
3.993876106483136113e+01
4.218657251436038536e+01
4.476020814056503383e+01
4.380891681929649906e+01
4.479497654525467709e+01
4.045009714088412522e+01
3.750271058869440566e+01
4.396527326884347531e+01
4.316064998786477247e+01
4.192609343047153203e+01
4.318143763262840196e+01
3.806360555571405513e+01
4.345248772511661883e+01
4.356563356453472124e+01
4.470618527011760079e+01
3.974316174679785263e+01
4.534291905424918667e+01
4.382525180568574541e+01
4.032998761339167970e+01
4.539533961342327473e+01
4.493486488481225649e+01
4.332934053166054156e+01
3.657676123976051485e+01
4.300977823171320580e+01
4.224341046083198847e+01
4.016940647892110405e+01
3.694477767295892079e+01
4.366249153116951476e+01
4.295721619535307667e+01
4.155895999457576551e+01
4.281965400881976791e+01
3.981474070235936580e+01
4.275375177295688189e+01
4.332127273653206601e+01
4.151645448371724711e+01
4.259410101019724237e+01
4.200431956474942297e+01
4.089215227122520702e+01
4.542513936610504999e+01
4.196094735409810994e+01
3.074642681041554582e+01
3.760981681055933734e+01
4.114980587490809683e+01
4.387216315232571162e+01
4.319005638374389378e+01
4.543863530899479741e+01
4.185185411345936046e+01
4.321984812084382810e+01
2.656625705957412720e+01
4.135922332827669834e+01
4.274205529741649912e+01
4.221467245969012794e+01
4.274233426174672701e+01
4.453300556625434581e+01
3.861372297228795247e+01
4.250187466836104733e+01
4.232368609073138543e+01
4.418144159306465468e+01
2.407723484626530563e+01
4.083918918819591681e+01
4.229360912164541020e+01
4.283634898289464132e+01
4.352461270283837536e+01
3.762841570839630378e+01
4.879521343069072259e+01
4.159597120047247643e+01
4.157975324313274967e+01
3.401279782178593081e+01
4.064942975144217741e+01
4.388809020606109357e+01
4.423941870103038099e+01
4.100864683633054142e+01
4.201110351096392748e+01
4.273940800165984655e+01
4.329569616517682817e+01
4.083510219899400795e+01
3.673095220257334859e+01
4.116964156422713472e+01
4.597548196366494011e+01
3.911450114381862875e+01
4.115780271288871717e+01
2.978889759588162889e+01
4.165508246073986243e+01
3.972387922360057644e+01
4.289298431135819101e+01
4.283356224241429544e+01
4.071662656761238708e+01
4.185465667435307324e+01
3.401764324969119713e+01
3.707773344046605501e+01
3.982114336428993795e+01
3.788618551078576502e+01
4.279147157024140569e+01
4.295074178158181866e+01
3.702734954747418072e+01
4.384595804680512998e+01
4.093400215841505485e+01
4.499003491284000944e+01
4.192227524733564792e+01
3.039142882662101286e+01
4.275623437203410759e+01
4.274896209392741753e+01
3.959408973436830337e+01
3.641265090543850391e+01
3.680611444910903884e+01
4.479368040321504907e+01
3.243940300429531476e+01
4.044916882774199962e+01
4.290120364628573668e+01
4.118630331755578311e+01
4.485909324521386310e+01
4.425993316294443503e+01
4.644804390869398958e+01
3.492877557739900141e+01
4.195463501937640416e+01
3.987964282177462394e+01
4.286438465929112596e+01
3.966453955484421101e+01
3.780962532340246440e+01
4.163068442061396013e+01
4.376797689957516013e+01
4.030785012784951959e+01
4.099333299287367538e+01
4.676348531276586584e+01
4.283866184912319852e+01
3.739200170990741157e+01
4.268763594006118467e+01
4.220273886311171907e+01
4.420138433620338247e+01
4.353164150747600303e+01
4.090191869893268972e+01
2.431765734614974406e+01
4.072940579975935549e+01
4.175239235365709334e+01
3.679780502036006595e+01
4.336522164539952939e+01
4.235686450291781568e+01
4.300845479519024650e+01
4.265520862686430092e+01
3.987281272289204281e+01
4.131300219928327522e+01
4.090927031191245078e+01
4.161264120853177673e+01
3.784492481492533500e+01
4.364090731624651198e+01
4.093715506565250450e+01
2.825667021636462550e+01
3.938179693167860052e+01
4.020104225148426735e+01
3.121958908523627585e+01
4.153950549711738915e+01
4.277833892130079363e+01
3.517937418642324587e+01
4.289917024967968473e+01
4.200474707549339826e+01
4.246072183112905662e+01
4.159644175137933786e+01
4.049397403946315421e+01
3.910803917824703291e+01
4.464581066206379489e+01
4.494775846982636835e+01
3.912336551011091501e+01
3.900179903682666804e+01
4.160597390024968689e+01
4.252295041123334585e+01
3.287368586028751594e+01
4.358258702639270155e+01
4.125310395392600071e+01
4.202006691882629497e+01
4.176813653153185157e+01
4.397640265844049168e+01
3.720579414301686683e+01
4.292834131123841246e+01
4.070949118985200954e+01
3.879405014932375906e+01
4.353367443808807025e+01
4.509818981795182680e+01
4.182977634248095455e+01
4.886951106800736255e+01
4.324485568553045312e+01
4.619109397493537728e+01
4.002966496410674324e+01
4.420310833813822171e+01
4.513708763040474992e+01
4.165911072065191689e+01
4.003052537785683995e+01
4.117367389864629956e+01
3.911363562347829514e+01
3.821831286701932839e+01
4.185696218579229821e+01
4.393628065582691988e+01
3.728982716287323029e+01
4.158565776510732093e+01
3.561183546773671083e+01
4.593957345116578495e+01
4.159957108634783651e+01
4.302922645270234625e+01
4.363176100990130379e+01
2.957658786890935687e+01
2.600925210025599199e+01
2.778887237668788401e+01
3.687543512936985479e+01
4.335535891412651210e+01
4.430613909297102282e+01
4.203283046584318328e+01
4.171555477520539768e+01
4.068201510585394942e+01
4.009492480316118446e+01
4.214886457744342607e+01
4.091609057793916548e+01
4.735600452893601897e+01
4.294700786505642753e+01
4.000032438221115427e+01
4.268627220472105677e+01
4.067534678332125253e+01
4.491358350079791251e+01
3.971969440183897859e+01
3.579254541637087073e+01
3.457485073415896437e+01
4.144585362874349244e+01
3.949093426660736128e+01
4.404501600623285640e+01
4.103949368397335462e+01
3.764023572283394969e+01
3.443509494210078969e+01
3.967917929078736705e+01
4.156483373603876430e+01
4.313747201471439041e+01
3.834563496821534301e+01
4.220990207870312361e+01
3.893796323523996961e+01
4.397809408055042013e+01
4.220931018385985567e+01
4.231151138314462656e+01
3.443420876340396575e+01
4.374227586513472232e+01
4.119767442518787703e+01
4.295569807073750468e+01
2.560493433874289337e+01
4.133377385522165071e+01
3.491070915609434167e+01
4.120543449571376016e+01
4.330697644327339901e+01
3.769882557658341682e+01
4.192095410909661268e+01
4.248001234857949271e+01
4.138684782360491710e+01
4.301122574255590081e+01
4.117581849273043559e+01
4.404376591500168558e+01
4.160564068122224057e+01
4.364785893979293263e+01
4.144722915790190143e+01
3.879846850215512433e+01
3.495840556124220200e+01
4.402613311810772245e+01
4.437928175763471472e+01
4.264069301250017219e+01
4.733789387115812985e+01
3.736677937863683496e+01
4.174424036374591651e+01
3.669760776036726924e+01
4.030291886937500578e+01
4.269772951859738441e+01
4.250350091805552211e+01
4.200847905779471603e+01
3.539737636875016591e+01
4.242038527317065899e+01
4.237470288148628583e+01
4.163287293100871977e+01
3.878212642314994696e+01
3.320796725905911018e+01
3.922093760619426916e+01
4.447245088698912241e+01
3.506993271142664526e+01
3.888552732507411491e+01
3.979285864763134128e+01
4.177146419385324094e+01
4.087757893152708277e+01
4.221539783770769105e+01
4.033300499134164596e+01
4.097444933510408305e+01
4.238311896941782919e+01
3.584182039359555461e+01
3.879176476522676609e+01
4.561598542060824713e+01
4.339573624542932606e+01
4.416662150568956946e+01
4.022516640247327047e+01
3.980233945547551144e+01
4.209400190779752648e+01
4.322176513902031303e+01
3.852789501074624212e+01
4.094784924686879179e+01
3.681307465471390827e+01
4.273807012718287979e+01
4.383929306802802728e+01
4.147339496302037531e+01
4.106190273421432124e+01
3.508417266607284546e+01
3.843064595480682755e+01
4.380314164970776858e+01
3.347299998638892049e+01
4.617928702893084392e+01
3.096791778686809948e+01
4.365906409393347332e+01
4.247556320557964682e+01
4.345925570449026765e+01
4.155221911383779343e+01
4.279955678598822999e+01
4.309137885210656549e+01
3.902249723643359403e+01
3.907808922218828229e+01
3.883436199729413119e+01
3.967659314286591155e+01
3.392940566646527145e+01
4.385074399179644189e+01
4.221805099732089417e+01
3.975112027942341797e+01
3.666804188529555120e+01
4.366053405904820295e+01
4.433061092078882126e+01
3.927671012236769599e+01
4.284336230320648298e+01
4.248354980039267303e+01
4.146140990596506981e+01
4.147702572988395531e+01
4.320931254126856658e+01
4.470477034346033918e+01
4.320741978868304045e+01
4.573008942542367805e+01
4.288121099891525745e+01
4.380541586496494233e+01
4.257042515462655530e+01
4.401546022064662367e+01
4.466399037588213616e+01
4.249736391033383853e+01
4.217159466474506502e+01
4.291660622741380138e+01
3.817064170836687254e+01
4.706809454405232884e+01
4.056052266497208336e+01
4.188263971864407864e+01
4.349278255612185973e+01
3.275558884492372869e+01
3.337973208685662030e+01
3.937185398158472793e+01
4.034565132604215876e+01
3.348045697078333660e+01
4.107794122039788931e+01
4.322706409999103272e+01
3.997892535395092750e+01
4.250301935753174831e+01
4.257452771021718974e+01
4.259219797873738145e+01
3.933529400874977000e+01
3.958594482325234054e+01
4.268999403611113053e+01
4.434940439907953191e+01
3.805001198852320954e+01
4.190092980078976836e+01
3.961093456815309111e+01
2.456683824300253249e+01
3.899135461991483709e+01
4.343024059801069114e+01
3.747075546970783932e+01
4.059008648685782106e+01
3.855876901260565859e+01
3.925321219479254609e+01
4.036729105530005768e+01
3.849270861077480532e+01
4.167179742096030282e+01
4.223502059926008201e+01
3.933159244872114613e+01
4.206297759075548015e+01
3.510798779514172452e+01
4.181182361261608094e+01
3.761696853082362679e+01
3.341392714323455237e+01
4.427184015313068954e+01
4.185096445559847211e+01
4.427642591416996964e+01
3.841853198664809810e+01
3.871741796625067167e+01
3.779728361049500762e+01
4.187220417834160457e+01
4.601353170222813560e+01
4.301099303721821343e+01
4.006447114442178759e+01
2.743080935225819061e+01
4.412006116150343615e+01
3.493530243313876582e+01
4.515931972375761916e+01
4.106245770402188100e+01
4.142548570196644420e+01
4.112345481395173152e+01
4.112351704883699455e+01
4.064765406628646360e+01
3.956950725527247670e+01
4.393539906294718378e+01
4.547687243999499174e+01
4.169024303538201792e+01
4.371967323876843636e+01
4.099857422261491280e+01
4.440705000190022389e+01
3.963783520502750690e+01
4.492907393475224609e+01
4.292023743418278769e+01
4.108767600798204001e+01
4.380745781324293375e+01
2.787750951940863686e+01
4.107541236433699794e+01
4.213750490443696606e+01
4.424021304574701219e+01
4.255669164413189520e+01
4.391028386526124905e+01
3.702369374363156851e+01
4.318262360597064742e+01
3.913974121064230616e+01
4.462650883911323518e+01
4.134346611296633256e+01
4.372127252469326208e+01
4.056248430971658792e+01
4.606632893638249016e+01
3.115149190069639928e+01
3.976737840589445483e+01
2.733158951857970109e+01
4.078466393246223021e+01
4.445443550000811683e+01
4.199481666550384773e+01
4.068668623584093069e+01
4.358676135075045721e+01
4.031556252533584228e+01
4.163238405601920533e+01
4.226854954045800383e+01
4.208063679707921523e+01
4.324228814949464095e+01
3.391265218918866253e+01
4.046973912407904095e+01
4.479209305803374264e+01
4.112362584324166193e+01
4.597788540153864290e+01
3.771451882349632712e+01
3.676277202824697810e+01
3.805628059404303087e+01
4.139991076533371483e+01
4.317218632004311019e+01
4.347291328486400630e+01
3.819506364288849198e+01
4.189835823082079713e+01
4.413081853451615899e+01
4.097552844667413297e+01
3.609266415385022242e+01
4.381159319932406504e+01
3.803872759413249582e+01
4.090635034177277163e+01
4.068571214716617135e+01
3.923523388029706638e+01
4.184155157814682724e+01
4.447482898301131371e+01
3.533176742025715811e+01
4.252909060074563286e+01
4.117928782342993799e+01
3.916431843116767908e+01
4.412384762358565382e+01
3.816094633936882019e+01
4.224242805437346249e+01
4.393468307602916667e+01
4.332379294077221488e+01
3.748331314658854296e+01
4.329719042453435662e+01
4.243808062265951264e+01
4.035109899995779870e+01
4.463809938104239450e+01
4.177955184639519359e+01
3.858663075850574842e+01
3.039588863623238879e+01
3.451037239001588830e+01
3.305965575975517368e+01
3.938680371573858707e+01
4.137305596459209056e+01
4.752371585241245100e+01
3.267285203888113898e+01
4.074268467199898680e+01
4.524367219639761828e+01
3.919944244656267784e+01
4.130228660973456556e+01
4.229971061107611519e+01
4.106929649196096221e+01
4.575544392838157393e+01
4.481668030475304221e+01
3.827488251722971313e+01
3.708673481117285320e+01
3.746151655431938110e+01
4.035762306796286936e+01
4.265114133714651956e+01
3.623876423327097029e+01
4.230888141614637732e+01
3.322795632944749400e+01
4.093221482716806747e+01
4.139479064032344269e+01
4.175287133640069470e+01
4.955019254300377440e+01
4.014625159139060173e+01
4.478864502958660410e+01
4.303814736360048698e+01
3.703666498243111249e+01
4.021926899268777333e+01
4.397677186232815671e+01
3.681711988752693543e+01
3.979093579174947592e+01
3.918111071557757441e+01
4.244549039856876504e+01
4.016655896897494671e+01
4.437436602867678204e+01
3.483777054985745991e+01
3.241406174959188746e+01
4.061102182700438590e+01
4.390700817996352612e+01
4.177838885486394105e+01
4.804684458501768773e+01
2.804026210600465063e+01
4.002057243565736400e+01
2.320583030185659723e+01
3.588440300292200646e+01
4.263520170462847858e+01
3.958984061157909906e+01
4.278048504785736128e+01
3.469316011409733846e+01
3.800793042686870393e+01
4.431217176239244537e+01
4.232521366338060176e+01
4.029997884223659099e+01
4.700785380323501528e+01
4.594204938274906169e+01
4.167213074559091979e+01
4.622011559097358457e+01
4.697974524416378728e+01
3.857493343378844486e+01
3.996190899077600278e+01
4.275593391475420901e+01
3.705752396313223329e+01
3.934683408770803226e+01
4.342455985627420745e+01
3.862575721424190078e+01
3.243177847474655806e+01
3.619252987660662058e+01
4.237603049583942294e+01
4.058845176787623643e+01
4.526382601178578113e+01
3.601126730150551225e+01
3.693162540159281093e+01
3.978129263715644015e+01
4.112546216548592071e+01
4.412566318759287043e+01
3.523897320337027850e+01
3.810486348954686520e+01
4.248033987499974273e+01
4.442685217728720914e+01
3.847032132903055412e+01
4.388821239557989884e+01
4.088471632873979900e+01
3.913630499590252754e+01
3.925714398715326325e+01
4.077608493367473130e+01
2.763123239269375020e+01
4.654750269505962734e+01
3.770281439255101219e+01
4.364645347500493244e+01
3.774623075431615860e+01
4.201771643947083845e+01
4.177724754383223171e+01
4.244667057933980203e+01
3.972409919734977990e+01
4.259474873039672360e+01
4.096572519302761606e+01
4.374464861979924990e+01
4.166608313012747544e+01
3.761219802996863848e+01
4.230250357061770217e+01
4.211759642517343849e+01
3.884420459646202772e+01
4.325547142882551555e+01
4.030307557587266132e+01
3.958746994250189744e+01
2.575977966183721435e+01
4.009440768019880608e+01
4.136113767242571981e+01
3.996946278610567305e+01
3.818982701796223722e+01
4.327925957309710014e+01
3.482942213430286671e+01
4.661860679886271441e+01
4.152743505831598725e+01
4.210051594324821878e+01
3.471393689613054079e+01
4.212591067414329871e+01
4.644568883215669075e+01
3.765671771624670328e+01
4.520603316233079028e+01
4.268987149861243324e+01
3.822643747389560787e+01
4.004606343540671531e+01
3.904012471035976972e+01
3.205175717481554187e+01
4.148712209664960682e+01
3.298719214985329984e+01
4.178167213650807810e+01
4.085771974182651434e+01
3.732389686039441301e+01
4.265416938046811168e+01
4.020725111703429633e+01
4.639290728932893870e+01
3.856686735753179107e+01
3.486547707223763126e+01
4.267740304581653277e+01
4.227990884677876693e+01
4.149623505635695153e+01
4.299929449565470918e+01
4.121798902285947008e+01
4.348123838663912011e+01
4.147595535732410355e+01
3.547673940576306961e+01
4.032428274824150094e+01
4.341130610753243246e+01
3.869103906548420468e+01
3.889995730861816980e+01
4.115709637147937627e+01
3.714709380000206806e+01
3.787596368027849536e+01
4.343467819277602615e+01
3.885860352440946031e+01
4.342348941922462302e+01
4.553890545839833948e+01
3.018750350994698550e+01
3.346336712685450721e+01
3.660130229257311640e+01
3.698511035524138180e+01
4.332658672719636428e+01
3.724892235478230162e+01
3.268941988057942183e+01
4.103780108505468860e+01
2.724414717042931500e+01
3.945805173774625985e+01
4.213497867990117385e+01
4.081776445803612319e+01
4.098699591109210871e+01
4.047289321236651460e+01
4.523467992416786387e+01
4.135909626092633573e+01
4.372250398912422042e+01
3.319924337525154812e+01
3.570490230064187642e+01
3.970389466278432877e+01
4.623998964292452740e+01
4.681202161644134208e+01
4.110987864909964884e+01
4.270526567147080499e+01
4.276220454116597125e+01
4.418206171993196563e+01
4.302404105456749051e+01
4.113389860143815469e+01
4.443318341997447618e+01
3.906719022578854350e+01
4.158677292804811287e+01
3.614189046967361918e+01
4.104080922444268253e+01
3.988918603617663905e+01
3.690406885870707754e+01
4.370922189830231730e+01
3.985559318751224822e+01
3.455366961092743594e+01
2.962955364695798366e+01
3.844364794069128521e+01
4.249375802246031242e+01
3.326437371700975376e+01
3.888608391772974926e+01
4.285458163352105032e+01
4.264207195134947170e+01
3.912849277746130383e+01
4.032816527013552843e+01
4.276933924729066661e+01
4.150018723909467866e+01
4.067359492163060253e+01
4.386402147497781812e+01
3.657620932825721383e+01
4.001500830968113576e+01
3.748113536085709541e+01
4.035888513857418047e+01
4.571731298633463325e+01
3.888445887971322890e+01
4.345461360660299022e+01
3.767180788979874961e+01
3.800946926692984817e+01
4.053204422296792586e+01
3.625008718868662783e+01
4.472477888958145797e+01
4.065746774767885086e+01
4.436382684919021102e+01
4.105977992496617901e+01
3.212217079053367286e+01
3.848787584085383173e+01
4.571120479900260847e+01
3.699865753892803610e+01
4.079860280705566566e+01
3.891068878249176066e+01
4.192764684919154661e+01
4.382244813137322126e+01
4.620102078850084126e+01
3.566942765280501249e+01
4.023970247480091444e+01
4.562492039593139737e+01
3.662091517884775271e+01
4.107628230057140684e+01
4.479240313919857641e+01
3.963646908531380575e+01
4.311669419316461216e+01
4.281071677630824723e+01
3.302610818269622683e+01
3.990896848788057838e+01
4.222306302730792993e+01
4.163395656557521107e+01
3.520866720274229067e+01
4.780047673977116318e+01
3.899534155257178014e+01
4.124870876564492050e+01
3.901588053178853954e+01
4.182848270564260673e+01
2.784879692545746721e+01
3.986088175944822609e+01
4.234904030966858812e+01
4.461177290064452450e+01
3.544408539052319185e+01
4.236125121179586728e+01
4.281241928648264405e+01
4.370178397978492768e+01
3.964863470662282907e+01
3.761228703451950395e+01
4.113027926639850307e+01
4.132664815382738510e+01
3.969088022442016239e+01
2.386723978550556424e+01
4.240537207156303623e+01
4.109942436124673293e+01
4.094295179125892759e+01
4.102516456085606222e+01
4.023028846397580338e+01
4.009130012000104415e+01
3.286824618362643946e+01
4.079722939621974120e+01
3.837556554123286645e+01
3.001792063702582425e+01
3.739884837226148306e+01
3.869662957203270537e+01
4.051883601640710708e+01
4.182258600767331558e+01
4.139353330530384767e+01
4.605666204361823191e+01
4.574032728660880309e+01
4.296064448455582152e+01
4.174178330428732409e+01
4.151883241234689592e+01
4.581125824396187340e+01
3.504866164952817797e+01
3.794204012577039720e+01
4.290955414710575155e+01
2.438940682960446082e+01
3.968866855405023131e+01
4.315039874004809661e+01
2.979047406105437545e+01
3.763380468298535675e+01
3.633831798405584834e+01
2.700749928734698102e+01
4.040887360040075293e+01
4.185148293761709226e+01
4.365116878757120134e+01
3.008657728349140825e+01
4.298483975874697194e+01
3.534651726624681345e+01
4.218255152881103953e+01
4.028890975001323227e+01
4.139867151997806616e+01
4.181628798183076867e+01
3.542658987482174382e+01
3.739563112549691937e+01
4.066769005758951749e+01
4.184247450373008093e+01
4.067347994495039387e+01
4.334286468629181854e+01
3.979633539238802342e+01
4.250409740784523649e+01
3.760493470176253794e+01
4.325186072684118699e+01
3.743568063403429846e+01
3.718061054155270995e+01
4.229132949809084607e+01
4.181255326019262242e+01
3.912449907187712483e+01
4.158276227893907162e+01
4.465935531503582467e+01
4.249305569653761694e+01
4.163551441471640402e+01
4.276993048416398580e+01
4.420156387682973786e+01
3.913512282394351871e+01
3.777844155738742415e+01
4.166636701425810685e+01
4.216894197807048528e+01
4.310200364787717575e+01
4.021031244405687488e+01
3.980608198008831522e+01
4.156820462806390282e+01
4.277658073491294033e+01
3.889840590479922611e+01
3.336219139599075589e+01
4.152933970651682216e+01
4.068259584539197959e+01
4.157769830418963863e+01
3.865641605236170619e+01
4.547914624916683124e+01
3.610483191278365211e+01
3.949410555055170136e+01
4.367590805705767565e+01
3.443244444291190121e+01
4.301869054386193625e+01
3.696539388755427069e+01
2.740054390050790545e+01
4.235730321543051247e+01
2.699362711800207038e+01
3.819311589721215228e+01
2.982457249286365908e+01
4.006312562857452519e+01
4.280291513304183582e+01
3.260627074964833838e+01
3.836397424909827691e+01
4.545309027306067406e+01
3.843023156381175909e+01
4.391437409262452718e+01
4.002983165909164143e+01
4.109004462075562714e+01
3.235476403639833620e+01
4.164837901958442501e+01
4.237917267173716596e+01
4.548208616322691000e+01
3.780945528040577130e+01
3.800483201992119575e+01
4.113468391476946806e+01
2.847929040407619539e+01
3.867628993964729034e+01
4.197569693579818306e+01
4.032654699173518509e+01
4.089688827787855985e+01
3.873984568474209311e+01
4.436675303312751595e+01
3.900839856734322808e+01
4.026879537777073637e+01
4.064056888376787668e+01
4.188181264900138245e+01
3.930168421178272098e+01
4.179263893786472295e+01
3.874180169361974890e+01
4.305761196899084808e+01
3.446021883398464070e+01
3.219259942625567561e+01
3.858161059543244420e+01
3.630021980634354861e+01
3.638879406330871547e+01
4.216579461623482672e+01
3.688414050983970327e+01
4.030978620340852814e+01
4.119830848087798358e+01
4.035992479814638045e+01
4.023126300513976616e+01
3.687419155535131665e+01
3.416968885423874980e+01
4.348632520191048911e+01
4.046843815017955137e+01
4.167230697967359987e+01
3.742176425124373651e+01
3.992720941301345761e+01
4.076342062449285919e+01
3.891825006832026190e+01
3.563589960187360361e+01
4.588107398463518649e+01
3.270865558973192577e+01
3.535823900844886225e+01
4.264636111516978190e+01
4.009426418765865208e+01
3.991870823958561942e+01
3.041275695723371086e+01
4.063613895679524290e+01
4.761858887673139407e+01
4.792833271445613974e+01
4.274934597277786708e+01
4.237649348403814287e+01
4.152713532699789312e+01
3.846728372747617186e+01
3.798029966185791295e+01
3.953198947219720338e+01
3.874353137028754901e+01
3.942536536507969203e+01
4.062067254718774478e+01
4.225309825060677582e+01
4.665328687517949646e+01
4.223976244696296334e+01
3.532081642958841172e+01
4.374475587767199869e+01
4.166145733349656410e+01
4.099603752505005616e+01
3.836414093387188018e+01
3.881167638034197864e+01
3.623197729323300820e+01
4.610958140395512572e+01
3.953068945785560118e+01
3.807046566003619859e+01
4.003163020126950045e+01
4.280413314410419190e+01
4.324001916420675684e+01
3.910369010926401501e+01
4.043754259332178691e+01
3.826843473000494811e+01
4.017743941661369433e+01
3.711229062467554485e+01
3.393440691846431889e+01
4.058212354938105904e+01
4.016046055159768002e+01
4.093570936632843171e+01
4.157706937244539347e+01
3.914521009518583128e+01
4.301542136671007199e+01
3.492968671299097849e+01
4.370671168357768721e+01
3.888993034387888770e+01
4.186589906565343711e+01
3.314987039718047157e+01
3.631601932382855580e+01
4.011857116553518665e+01
4.147867267872646124e+01
4.569595251348104625e+01
3.867335862213700182e+01
4.041568483686027236e+01
4.232816731916962993e+01
4.339357774341591778e+01
4.454674170542471501e+01
3.829606747308937997e+01
4.303095867225129467e+01
4.206755068124753194e+01
3.965716498148049141e+01
4.128664391224581465e+01
3.982221334980408756e+01
4.020852151335758151e+01
4.450957500639826492e+01
3.538154455234329987e+01
3.701460442438472853e+01
4.045660023569035246e+01
3.340667561926070306e+01
4.025235414675491086e+01
4.166176345796868219e+01
4.213925769441377156e+01
4.340909394152415501e+01
4.087263640646028762e+01
4.081003628124987159e+01
3.699616219907334624e+01
3.549159168175953027e+01
3.768895067275613542e+01
4.489086796879374930e+01
4.089503492371286342e+01
4.088703104944536193e+01
3.928465260593745256e+01
3.990489995535319423e+01
3.964806502621129880e+01
3.784132197995533176e+01
4.646225944892837134e+01
4.322968923704590338e+01
4.076862956499598312e+01
4.334351693495105451e+01
4.444414786432179909e+01
4.030201982907002645e+01
4.230816424390723540e+01
4.079819331690780615e+01
4.420842853014153917e+01
4.236920460458039628e+01
3.912106092448102856e+01
4.129006228740006179e+01
4.214353331735711095e+01
4.019633349556304580e+01
4.243398967026734425e+01
4.475741679495674674e+01
3.058488642472853059e+01
4.131467429468996500e+01
4.179538920159005499e+01
4.062505618970517673e+01
4.299916795668977443e+01
4.498079456440066792e+01
4.306933146356010411e+01
3.336992709311095240e+01
3.685652567865145102e+01
3.857745579633489541e+01
4.260519597267541769e+01
4.368120344235773445e+01
4.216483778598094290e+01
4.128904302811513105e+01
3.890978322664920341e+01
3.888899681334233804e+01
4.090437679015549577e+01
3.942459805308430987e+01
4.107449380388342064e+01
4.382290908045406042e+01
4.097705312605106087e+01
4.311864076785617073e+01
4.243731115217899941e+01
4.467038811962775213e+01
2.820928840030549978e+01
3.836545321125365859e+01
4.223785199261460122e+01
4.196976940131911959e+01
3.850728779873236363e+01
3.415447351619927474e+01
4.154855585210334823e+01
4.283690944663619149e+01
3.309008201194031074e+01
4.064096460048586579e+01
3.797590553317621698e+01
3.894484639348405608e+01
3.901455904233573335e+01
3.937286265550738307e+01
3.479979392893017121e+01
3.823345188880124113e+01
4.219183842993841438e+01
4.069693863902440967e+01
2.678347979435170600e+01
4.041577631906934442e+01
4.200378487460410071e+01
3.371313532498410126e+01
4.245759364138162795e+01
4.146109352063889730e+01
3.503845832731524013e+01
4.220986137272763727e+01
3.228188050480851956e+01
4.159290549478562582e+01
4.187309239913385284e+01
4.229308636568345747e+01
3.560812045423218564e+01
4.329420748028424981e+01
4.211998382137112173e+01
3.933855962285650776e+01
4.165530307233446905e+01
3.576552493751484008e+01
3.875599475524606419e+01
3.218081010801039099e+01
3.838183946176545192e+01
4.201214303356586299e+01
3.245360668588786268e+01
4.157397880317187600e+01
4.254477578256711467e+01
3.983612666769747079e+01
3.374739943984055657e+01
4.213450240275182068e+01
3.559245496127817177e+01
4.154603855539433965e+01
4.117782187040108255e+01
3.609959663215405357e+01
4.385627335956459660e+01
4.477161007823914218e+01
4.048963879220949735e+01
4.356126467368700617e+01
3.868913557028064787e+01
4.406592784194138801e+01
3.971240310540365215e+01
4.177039997737006161e+01
4.095054981439444219e+01
3.927401299015654956e+01
4.231343061190889188e+01
4.272641307193346449e+01
3.963745498003596168e+01
3.835776627598160360e+01
4.281277820772857012e+01
3.846846684486833112e+01
3.868181392444957822e+01
3.884249801885928122e+01
2.724631968681568495e+01
4.152751760781019641e+01
4.283729759947170379e+01
4.021304631139328478e+01
3.391941352040603874e+01
3.831619513397848920e+01
4.350836685824446448e+01
4.222578268715686534e+01
4.226480989628928597e+01
3.811569181573737808e+01
4.014296261387558218e+01
4.248186735113640822e+01
3.989497495243007563e+01
4.093738077274679199e+01
4.134014544318957007e+01
3.456002744035620822e+01
4.074178670302475780e+01
3.786403988649134789e+01
4.277206522809026978e+01
2.986462543245040990e+01
3.795622422192582945e+01
4.176008737630600365e+01
3.554433793337395997e+01
4.121458725702620995e+01
3.580575870386552140e+01
4.340920831958869996e+01
2.764754460245469048e+01
3.704106212149012833e+01
3.362331901027960868e+01
3.455256752579948198e+01
4.359178464445653844e+01
4.000995403803614181e+01
3.994666070579970096e+01
4.110451682691204667e+01
3.959358801585052845e+01
4.270440251846732593e+01
4.082992485825187146e+01
3.784259734733818448e+01
4.035541607745171433e+01
4.041629123814714575e+01
3.900444807404159775e+01
4.676169404914134020e+01
4.248801837119832925e+01
3.914722546688293647e+01
3.933312497758986837e+01
3.826242198720790810e+01
3.753088163460704152e+01
3.955771177987156051e+01
3.782138506599468997e+01
3.818416934754505121e+01
4.156157886004648105e+01
3.857773952257789318e+01
4.405652902253640235e+01
3.682415511535637620e+01
4.213930474725267317e+01
4.265942359412952811e+01
3.713870679659775931e+01
4.125377249652439104e+01
3.895040197760620515e+01
3.453839948321833475e+01
4.414531492000401869e+01
4.417531550922493011e+01
3.969071226159516641e+01
4.060171941515564242e+01
4.216410655968009991e+01
4.137343006085033181e+01
3.974485443279569097e+01
3.314699031412154540e+01
4.150985945442138103e+01
4.355193682365005259e+01
3.817866472437186331e+01
4.183792038268596514e+01
4.024310823124233849e+01
4.684190424847560053e+01
4.062124182088504654e+01
2.866083802222454580e+01
3.544325747912508717e+01
4.113280417800473998e+01
4.180077588262230393e+01
4.317807544593048164e+01
2.742503257060494448e+01
3.767135244224331103e+01
4.449764626823922242e+01
4.107549437659062619e+01
4.244484468158369594e+01
3.817506422273384459e+01
4.291232019696835209e+01
4.102980552702405959e+01
4.256139767796161522e+01
4.082463767896867779e+01
3.818718676959792191e+01
4.239077548736189982e+01
2.683207162867153528e+01
4.306464371529266089e+01
4.144139726096802434e+01
4.271593179898221848e+01
4.501562608440037394e+01
3.753827109615473034e+01
4.272489639028201935e+01
3.485613233495418939e+01
4.361667074411973033e+01
3.732827009121612605e+01
4.128827041998268754e+01
3.920174751593859241e+01
3.827846666590215108e+01
3.660649549338755548e+01
2.687817952598091509e+01
3.923848542815769491e+01
4.450126546579595299e+01
3.452627184121820392e+01
4.160192763412853623e+01
2.728064760254292409e+01
4.157058063763739142e+01
3.911943900142267694e+01
4.083736703239127053e+01
3.723513950129272843e+01
4.209816832212295878e+01
4.218945260191693336e+01
4.280841744524894210e+01
4.194902646662009005e+01
3.898717909381620927e+01
4.236038432934127229e+01
3.618515674119377934e+01
4.237460599101559211e+01
4.029166845966427246e+01
4.091577190036165490e+01
4.297281398594302004e+01
3.492066874664381970e+01
4.338639939890907726e+01
4.283470638298859257e+01
4.178103215062674280e+01
4.346816246120473437e+01
3.647257517772515456e+01
3.437294850726225093e+01
4.206922436141410060e+01
4.392615394623163638e+01
3.913901562217844088e+01
4.306444314109085525e+01
3.518245914753097026e+01
4.315336935466999790e+01
3.706515633428629997e+01
3.202398268142120230e+01
3.901844598701183742e+01
4.258005292833012589e+01
3.893775500053286009e+01
3.696355418508166224e+01
3.589213991165458850e+01
3.850622407747025733e+01
4.048118156894515351e+01
3.913076998198172163e+01
4.141678252251985981e+01
4.518530906379633905e+01
4.353952264667439209e+01
4.364407541880560615e+01
4.388546690706050413e+01
4.071704715552336040e+01
4.252467041999080521e+01
4.522837749027004151e+01
4.256862813054603123e+01
4.167331220730446262e+01
3.082785599709081836e+01
4.156634363667978249e+01
4.259129098284863346e+01
4.495003140356281079e+01
2.065494286317457551e+01
4.492462761712224761e+01
4.092340951532658977e+01
3.655392407208266548e+01
3.002282048277657367e+01
4.054374451773001198e+01
4.281427639615525038e+01
4.129487001860137951e+01
3.673267290429217979e+01
4.385711356383202997e+01
4.129084620021297525e+01
3.313398074089485590e+01
4.301872501869608811e+01
4.448072233285554944e+01
3.863820925338862367e+01
3.907647041100623397e+01
3.472257335372407283e+01
4.423774186913186668e+01
4.593999380359996110e+01
4.289248037366273536e+01
4.465032249866145975e+01
4.069864997404529561e+01
4.412887862783418313e+01
4.147495920543778425e+01
3.452774529619114219e+01
4.064081840673879498e+01
3.730313133152619542e+01
3.945130661375845449e+01
4.461414783652072913e+01
4.489917253062586866e+01
4.050626388862796290e+01
4.280805325958773722e+01
4.262563192996397987e+01
3.846917703180852754e+01
4.167541809998067492e+01
4.932557220955063570e+01
3.594801535848939977e+01
3.247571611299504468e+01
3.848410785526368016e+01
4.035484122714944988e+01
4.146854930137298112e+01
4.203484097327014268e+01
3.692490785920580265e+01
3.238953013186252861e+01
4.233249400087100867e+01
4.172225385838740408e+01
4.484624738197694427e+01
3.921576175455486890e+01
4.152621027101205442e+01
3.841870374363748653e+01
3.596766361830258063e+01
4.376836234039635087e+01
4.521212768990142905e+01
4.426024131804290107e+01
4.063380411388886415e+01
4.131848110109702077e+01
4.461763285521161748e+01
3.551554230738668849e+01
3.961847069545655131e+01
4.059283865186343121e+01
3.482556817545355443e+01
4.057706490728912030e+01
3.710248879180608839e+01
3.850465637952437703e+01
4.324258562132935424e+01
4.104934755756635667e+01
3.793638730867885300e+01
4.247169971086940876e+01
3.854625019961052601e+01
3.986705760350643857e+01
3.698650735410431167e+01
4.208468032151189675e+01
4.020125280201572338e+01
4.074218997677894549e+01
3.651763901930235079e+01
3.836001571643315344e+01
4.182828477188066785e+01
4.410519837923307307e+01
4.370455409141287362e+01
4.358992994303750379e+01
3.674082915690412676e+01
3.404611225781625450e+01
4.622554540041625870e+01
4.060740643446415987e+01
3.292334623585189490e+01
3.842263903441948258e+01
4.028347657313763364e+01
3.800346408153858135e+01
3.866271455696384862e+01
4.447848528077548025e+01
4.025532392617260768e+01
4.230292723730321569e+01
4.610068013251024155e+01
3.895300967484811139e+01
4.281383833461421062e+01
4.136120005547017087e+01
4.074085717314373767e+01
4.241677375025290786e+01
4.052554700752295957e+01
4.106019889026156022e+01
3.912577422001812977e+01
4.371316205002818123e+01
3.745414251663146388e+01
4.016137198838713829e+01
3.841336989001889890e+01
4.344011057052675540e+01
3.635446004879356963e+01
2.187454839172226428e+01
3.969194591249843995e+01
4.209497386263613805e+01
3.946841946431118942e+01
4.382869304303336833e+01
3.937115809970563163e+01
4.160967800060514321e+01
4.171338105065809287e+01
4.084380733984710332e+01
3.583537071999614909e+01
4.110784247376308542e+01
4.220104627181725476e+01
4.255680864371291250e+01
3.142858790210073394e+01
4.181459247803065438e+01
4.062500958510524640e+01
4.344728724034813183e+01
3.989265239602661950e+01
3.135299384984115179e+01
3.911118397965218207e+01
3.772397870615501603e+01
2.807376100348703929e+01
4.122087463334162294e+01
4.154518223343544747e+01
4.040269034719727159e+01
4.383174115762744805e+01
3.838658403910950767e+01
4.099111701912469385e+01
4.314896517814975851e+01
4.513157864088880444e+01
3.277762058993341299e+01
4.645578141415258955e+01
3.957013534404526212e+01
2.594319367096690954e+01
4.188857000365187133e+01
3.726628921350630463e+01
3.634432224762274188e+01
3.508615727926066086e+01
4.058494139995404737e+01
4.375864782153886523e+01
4.230590915516300754e+01
3.784907240744936274e+01
4.129025561322938387e+01
3.773693207449073128e+01
4.278735927594388500e+01
3.796590349052247859e+01
4.085821160819246955e+01
3.826003496882521659e+01
4.401227729978209879e+01
3.166259957643875822e+01
4.203725558503268189e+01
4.708571740332478583e+01
4.412356875014967983e+01
3.903628829580591031e+01
4.064565615495606465e+01
4.240024023856481250e+01
4.165496500748636066e+01
4.046099453651257960e+01
4.088893693201791280e+01
3.948371605326955347e+01
4.328085160001491261e+01
3.854369800210487540e+01
4.027231875396404348e+01
3.760123352866039426e+01
4.077157244347360177e+01
4.064466433354479591e+01
3.624338061891623397e+01
4.442408690359642520e+01
3.811956076813240202e+01
4.090364422635658315e+01
3.119454442215437950e+01
3.820732105061141937e+01
3.837985761316851097e+01
4.112196102281762933e+01
3.529479706233734504e+01
3.985136566738305675e+01
3.058866750181514149e+01
4.575251332690792339e+01
3.446691555521859840e+01
3.890928903189298182e+01
4.405165748540932213e+01
4.019707706505053579e+01
4.132354447704301492e+01
4.812573288723115894e+01
3.716025198446904199e+01
3.952106755336161115e+01
4.904512578221557106e+01
4.621146872555605256e+01
4.205996436698518437e+01
3.807727864296427356e+01
4.138502788056384674e+01
2.543383706503599129e+01
4.372321767746919363e+01
3.335609402883611807e+01
3.941749168596383157e+01
4.093613615172459674e+01
4.071010279084089234e+01
4.539720104439089710e+01
3.247453786691900035e+01
3.517155974811584684e+01
3.622654241661463459e+01
4.372407349005545996e+01
4.419492083356337275e+01
3.995959866242129976e+01
4.174151670221912980e+01
3.881497857777556959e+01
4.208741370000556969e+01
3.995283360193164413e+01
3.700452778959395772e+01
3.845656365647960939e+01
3.390464798516423173e+01
4.608423492682613443e+01
4.029545149548683725e+01
4.215442543215054627e+01
3.911479247424683336e+01
3.128862970636145846e+01
4.142122248509893723e+01
2.879338848186690925e+01
3.480843563622409675e+01
2.382484454147242658e+01
4.267710852327019211e+01
4.228938894870221787e+01
4.118473116333263562e+01
4.066218550243798546e+01
4.173118785454673940e+01
3.694276116824600820e+01
4.595373858578361137e+01
4.256216880136972236e+01
3.522529787987586758e+01
3.836005577587201287e+01
4.138158997134192418e+01
3.654294243921684426e+01
3.356490363761095352e+01
3.939980119934129021e+01
3.880014168917507078e+01
4.289770042145475060e+01
3.079562092115907745e+01
4.389947231799283855e+01
2.390365382330645971e+01
3.320522867227055741e+01
4.314958448958869042e+01
4.514722521411310652e+01
3.815016478929880606e+01
4.280456279924135288e+01
4.197706792091164374e+01
4.207291699102883342e+01
4.037373902491538757e+01
4.039620516968496133e+01
4.245628836306587317e+01
4.372286055356946832e+01
4.167991171950268381e+01
3.287020305133495413e+01
3.942229879200190368e+01
4.368504107969798156e+01
4.084881640571465056e+01
2.915271970125982293e+01
4.051601119430521436e+01
4.495822979087638060e+01
4.020523575095847235e+01
3.699956837931338782e+01
2.747972407868199696e+01
3.991072282441879082e+01
4.226840067215294283e+01
4.491038640350303268e+01
3.231740915703468175e+01
4.180649582794433172e+01
4.504130851744961461e+01
4.240895397678734469e+01
4.174782020458341236e+01
4.172385525931142780e+01
4.250633922298558787e+01
3.396004158553510877e+01
3.303343406747026023e+01
3.769318066061240557e+01
3.698287574742266770e+01
3.864333978008897219e+01
3.968446710498312058e+01
4.283502375894468628e+01
4.227102758285581530e+01
4.257650758835276861e+01
3.546615244920151611e+01
3.984463646667863657e+01
3.990472475507042560e+01
4.246016890176273506e+01
2.630007784291080952e+01
3.644128078871434440e+01
3.567033661830865299e+01
4.185229897547964839e+01
4.092742891236058966e+01
3.648916881663738110e+01
4.468625234578451710e+01
4.080461123523407707e+01
4.292351688703473656e+01
4.137000701837640548e+01
3.952473040577089591e+01
4.655165044531928231e+01
4.226551665054975615e+01
4.434980035796560571e+01
3.679087010201233454e+01
4.252181300498543237e+01
4.145549791415270136e+01
4.375544937666576573e+01
4.371990960267725512e+01
4.068756859597473863e+01
3.681145297287881135e+01
4.296362966958051999e+01
4.096283342903203106e+01
4.071063361793580526e+01
3.123957038990663548e+01
4.155990981390707617e+01
4.424470585018340074e+01
3.709347751491343104e+01
4.149730967890561573e+01
3.495452378314249131e+01
3.946006219979464902e+01
4.435871382470320867e+01
3.925070929253669760e+01
4.113007616254314769e+01
3.878640472793569671e+01
4.296910535842135204e+01
3.970215008954833280e+01
4.079203370913337068e+01
3.817973610655655392e+01
3.809292855058530591e+01
4.077329899609559760e+01
3.944959360447534635e+01
3.873610085278454562e+01
3.614493958181542865e+01
3.737057567010856474e+01
4.295325809836101172e+01
4.081243236498697513e+01
3.138974117408908526e+01
4.082878378616927506e+01
4.377602938141259159e+01
4.176712594800131484e+01
4.037055724457164274e+01
4.222532926718465518e+01
4.155368060481310977e+01
4.610106704111146314e+01
4.229671189910543916e+01
4.110800325213605078e+01
3.724538214999635954e+01
3.770280328591486096e+01
4.219433289651561125e+01
4.349845245287399109e+01
4.367504638808109263e+01
4.046277032172766752e+01
4.309787960464817047e+01
4.313853345274126383e+01
3.306945636514389975e+01
3.672776235500113273e+01
4.208805253231736287e+01
3.979360178211341292e+01
3.961561103365292524e+01
3.957823040695151917e+01
4.373962820846863764e+01
4.442492335806764459e+01
4.185686568784849726e+01
3.830557227746309223e+01
3.781552303357772615e+01
4.268454155129472838e+01
4.066621929619929432e+01
3.612936546079682643e+01
4.455375663008150156e+01
3.758953903768227178e+01
4.320761794348408813e+01
3.711883557945301959e+01
3.953716547871687226e+01
2.734676587193569475e+01
4.799428003829996214e+01
4.596849457174911890e+01
3.453473783487772408e+01
3.679007039474647200e+01
4.314635442556327405e+01
4.289102810217102046e+01
4.258603379035582748e+01
4.123541799262769558e+01
4.180191986667703219e+01
4.149282944974976317e+01
4.287485914158992983e+01
4.144656130815759099e+01
4.398506427273498787e+01
4.341522756194768107e+01
4.209256528780357343e+01
4.123748378603324483e+01
4.023617852157993013e+01
4.185099063233526095e+01
4.065371687333396977e+01
2.504517870739062246e+01
4.385365940249076999e+01
4.086967397031217786e+01
4.227468885824565348e+01
3.899862796789778230e+01
3.804565041805162195e+01
3.740042389375661003e+01
4.124073217435888949e+01
3.730620570267566904e+01
2.663715852003763374e+01
3.961971724658373262e+01
3.896619711173559608e+01
4.170386512444751048e+01
4.242798611296392863e+01
3.235289924463244660e+01
3.949866554583653055e+01
3.913012253211633862e+01
4.544233707932069422e+01
4.152667677009960556e+01
4.030075879857735544e+01
3.987873948049588080e+01
4.067214098297925773e+01
4.347310952770851600e+01
3.962583368413984175e+01
3.855309688802635293e+01
4.138697254155228222e+01
4.422889594206012021e+01
4.209893999717356650e+01
3.967646875227615055e+01
4.046278516215459575e+01
4.193789031960353952e+01
4.008015913725292734e+01
3.207615107834392632e+01
3.944358456133306134e+01
4.096026267524253939e+01
3.895283762763853019e+01
3.459523799607713102e+01
4.574618604868957306e+01
4.118260416097909626e+01
3.998401896206244288e+01
3.858392189925807969e+01
3.858973169640334078e+01
4.370376931849342839e+01
4.078104316946243557e+01
4.076062578278513371e+01
3.650159571423615290e+01
4.253683221976522333e+01
3.660178594763475246e+01
2.736435602722328753e+01
3.752581794813449534e+01
4.502425692621583408e+01
4.135003538554770586e+01
4.377045584062669548e+01
4.615387684176869243e+01
4.196984213305385225e+01
4.275359303111767417e+01
3.758791715389836696e+01
3.860512073962005530e+01
4.411530294716030198e+01
4.174415357594359222e+01
3.178837911071557087e+01
2.711738209212549933e+01
4.260933844527729519e+01
4.123845650189959144e+01
4.009009327936713873e+01
3.520504957088792963e+01
4.027795601821932792e+01
4.428433993712688732e+01
3.366044490223992369e+01
3.602255834874683416e+01
4.174288774115799328e+01
4.072154977963571554e+01
2.801124068013619706e+01
3.321517451865301496e+01
4.034730201508953940e+01
4.262237540844774486e+01
3.532086952617674314e+01
3.977663153151844000e+01
3.855579363880115551e+01
3.951481534736921475e+01
3.476613910564041987e+01
4.191986380529554168e+01
4.134786569654005461e+01
4.412644141896067396e+01
3.631819709832340237e+01
4.261897742298498315e+01
3.605466634622572997e+01
4.156913364374085518e+01
3.136261013347824189e+01
3.849293070661090610e+01
3.855833159455514902e+01
3.695209758731946437e+01
3.982712196624509460e+01
3.705317309952125271e+01
4.035387019355102467e+01
4.335822593469251984e+01
4.193102575814274502e+01
3.591202418918799566e+01
3.695545051486888610e+01
4.505109431780520879e+01
3.826852600521022651e+01
3.510802158271626183e+01
3.976892677909231821e+01
4.366929229487418240e+01
4.139448349528198889e+01
4.401683422279889868e+01
2.584293744395418102e+01
3.882505128429298225e+01
4.216407519831980721e+01
4.212184662214278319e+01
4.252323280320619148e+01
4.328543211063846030e+01
3.338002385137819772e+01
4.357294604529773352e+01
4.132508058519479732e+01
4.068128004502935369e+01
4.356751770998957340e+01
4.288931396331759771e+01
3.395834486708245947e+01
3.760750657647285067e+01
3.868029483376961508e+01
3.949245312809944153e+01
4.020296496949573850e+01
3.577088621001217916e+01
4.688062447808434996e+01
4.101199534094587307e+01
3.848535854547711921e+01
4.336639707250193965e+01
2.964658049715258059e+01
3.969696561741356788e+01
3.868692619102944974e+01
4.266860995112997301e+01
4.200674415625432800e+01
4.217686005105244362e+01
4.276994070610125931e+01
4.328182346022168758e+01
3.858931340474654803e+01
4.228575014992348713e+01
4.285472264549698451e+01
4.202398630434220195e+01
3.714474270165306535e+01
4.171575986012087611e+01
4.018702093434698952e+01
4.313405153077832921e+01
3.713459327151410605e+01
4.095037255270241161e+01
4.169741459742690637e+01
4.199025382033430986e+01
4.433213080989323629e+01
3.774971654353969797e+01
3.717435327455429928e+01
4.292280495555737474e+01
4.547464193359162010e+01
4.013387324265127631e+01
4.163218328671784718e+01
3.942085506750269275e+01
3.358206426216573703e+01
4.493896993237360249e+01
3.593275783724910610e+01
4.266143895828291477e+01
3.906733090796879537e+01
3.888187673813713019e+01
3.796677759462910018e+01
4.261961920354196565e+01
4.287539073554250280e+01
3.647582731176667181e+01
4.037918888174756660e+01
3.080744091854213096e+01
3.253727341107767046e+01
4.100796128460282830e+01
4.134486622470404171e+01
3.745100661519706620e+01
4.540182356621780713e+01
4.150204889261850383e+01
3.978444075230324728e+01
4.391076290552909001e+01
4.598122432877128318e+01
3.701480001382844875e+01
4.449877127325765258e+01
2.603570161482515033e+01
4.644005263707425257e+01
3.924530454248365885e+01
4.207638212573481695e+01
4.238618781433926586e+01
3.944583340532089011e+01
4.027595034630039095e+01
3.998702140039343078e+01
3.217064033871186268e+01
3.887299429274985840e+01
4.218258989181848762e+01
4.415199372614964091e+01
4.366912603155650174e+01
4.195382670939702052e+01
3.831250950400799837e+01
4.290062532699791120e+01
4.113046035170555115e+01
4.103544874526414787e+01
3.949727248713629280e+01
4.148416088453971895e+01
4.053721155126233811e+01
3.128534463548114175e+01
4.144627542996277469e+01
4.185230648490485805e+01
4.331040890590406889e+01
3.828504381803396228e+01
3.989937566648019640e+01
4.155220051383552260e+01
4.615127226541025607e+01
3.871563187113093107e+01
4.142984423840722030e+01
4.031442605851828631e+01
4.240713136025530616e+01
3.912147347078417425e+01
4.093964252688667926e+01
4.534991009235501025e+01
3.957845906665151148e+01
3.436321574247459409e+01
4.079753882442489754e+01
4.224480900478692291e+01
4.915989861998668431e+01
4.078189526859409142e+01
4.097903871944885879e+01
4.236054570385903872e+01
4.014787206427492094e+01
4.042098817772025399e+01
4.109207856431878980e+01
4.122431355189926450e+01
3.636987164694078700e+01
3.972881721279802036e+01
4.228249745981337071e+01
4.113515747211935292e+01
4.177165558763427100e+01
4.233966681388917408e+01
4.069672245078413653e+01
4.185130674378348914e+01
4.569918576396158727e+01
4.001169468479903202e+01
4.317213183229524276e+01
4.208059862880173085e+01
3.950829492878503402e+01
4.085115787692994616e+01
3.686876038706997605e+01
3.886192162754726809e+01
4.309648415958038470e+01
3.874319663190498630e+01
4.353888028006170430e+01
4.667054253867273417e+01
3.115690310580013289e+01
4.261751174460602698e+01
4.366339895962560291e+01
3.970896530047645001e+01
4.402346959658856207e+01
3.920155291008477150e+01
4.405297568396623831e+01
3.965017612629419119e+01
3.731624468900833591e+01
4.545038471454763140e+01
4.182584930513903743e+01
4.000823384449176245e+01
4.123161633007644866e+01
4.051640246063843165e+01
3.215712760423276251e+01
4.213209347269370397e+01
3.513142533171878767e+01
4.286305655411320004e+01
2.581580986024880531e+01
4.043891180312410683e+01
4.141145398045661352e+01
4.478880340893967826e+01
4.250450663297626619e+01
3.886938617052776124e+01
3.194362716283341896e+01
4.046258457123499852e+01
4.242686345030551109e+01
3.568238297399908276e+01
4.190789864797129383e+01
4.098966871869779993e+01
4.140911659285394819e+01
4.214300014138972728e+01
3.930895060377724803e+01
3.650562031787507067e+01
4.222513270848738642e+01
3.699440951136150346e+01
4.103873380530725967e+01
4.561467926440411702e+01
4.191084942398685342e+01
4.209050607960848112e+01
4.058721621200280083e+01
4.327303793370062124e+01
3.761016345918267945e+01
3.261043110588202865e+01
3.900462786090148626e+01
3.821491399195470962e+01
3.173525834262389012e+01
4.305078446725890728e+01
3.336052617543351317e+01
2.838244998653252793e+01
4.680599973746056008e+01
3.959015275008774637e+01
3.821571598479849996e+01
4.170874853953920081e+01
4.207072647645397723e+01
4.148909109792705863e+01
4.000903077160242560e+01
4.610523030126985589e+01
4.217114999517463048e+01
3.893686511969254127e+01
4.305290877279287542e+01
4.288814521810807889e+01
4.139138056711144742e+01
2.791106031364602558e+01
3.811765903274122991e+01
4.324686285132097652e+01
4.001224705557225292e+01
4.060964796627828122e+01
4.373031660542748966e+01
4.285081064234329062e+01
3.961419899915919274e+01
4.185307347351568552e+01
3.513603749538626886e+01
3.791900133778422344e+01
4.425772356799524232e+01
4.438822922649437430e+01
4.546535914831429182e+01
4.118686829208255062e+01
3.689995439646124709e+01
3.924273046782307972e+01
4.327862810108265279e+01
4.087486956181293607e+01
4.273108059538044046e+01
4.074534224282682970e+01
3.732462203261231792e+01
4.348346633892772672e+01
4.286694232098805202e+01
3.698320780411483355e+01
4.361677157866357391e+01
4.131460794817508031e+01
4.109116384613238893e+01
4.167705335856938831e+01
3.771223715172134661e+01
4.223070749713189542e+01
3.927986150695652867e+01
3.867850485188339604e+01
4.251143221703037511e+01
4.233728689219083918e+01
4.476092799461976313e+01
4.246164084250705884e+01
3.993738171436784512e+01
4.312186772264007573e+01
4.171747973797047138e+01
4.231300447747246807e+01
4.094662682378109508e+01
3.786212385571984385e+01
3.992455249509461623e+01
4.386118490868943098e+01
3.889122236330862847e+01
4.407268885113630574e+01
4.252063470751312479e+01
4.114708222826011763e+01
3.501145168083204595e+01
3.899110895709426927e+01
3.992764641649008439e+01
4.096103089491967353e+01
3.668747020133174175e+01
3.906010822017248074e+01
4.198433576388196542e+01
4.429575949858124062e+01
4.253141373919896751e+01
4.296519902626602061e+01
4.112176732348911656e+01
4.356917012865655892e+01
4.209746010417770634e+01
4.531250808138003094e+01
3.843156185631740840e+01
3.377057412774911427e+01
4.096199864974402516e+01
4.022375897222226371e+01
3.988132965997798607e+01
3.700031999100481528e+01
4.188335428181940756e+01
4.246622522262194366e+01
3.649634969529539319e+01
4.234694890549616986e+01
4.393867810694190723e+01
3.769564496400547426e+01
3.832268328228072107e+01
4.344976246001088782e+01
2.838995654931818535e+01
4.275067912294442607e+01
3.721188020859673884e+01
3.984713754203036018e+01
4.464294606525906062e+01
4.166118684499570435e+01
4.312867176618584608e+01
4.331074161783601539e+01
4.745138971128872640e+01
3.710743863374689511e+01
4.272180264268127559e+01
3.821879820988373666e+01
4.315459094238657656e+01
4.420906926984965679e+01
4.069921213591417342e+01
4.473257118679902788e+01
3.995565142500625910e+01
4.292405287433962968e+01
4.103698106953734737e+01
2.554839729161152206e+01
3.885761549736228204e+01
4.222262686939880183e+01
4.383195680780748660e+01
3.951837717618259660e+01
2.481483381000360566e+01
3.934913043915206288e+01
3.959736555074379538e+01
4.256895452528873136e+01
4.205627194177223060e+01
4.237031725311305763e+01
4.359742610374561878e+01
4.117379132693785948e+01
4.166993551541476393e+01
4.260194031497945844e+01
4.603417212263990876e+01
3.828966242199850711e+01
4.393641190664066443e+01
4.378445726376448022e+01
4.017126251948941729e+01
4.367547691671630616e+01
3.977893019576455913e+01
4.026212594102938169e+01
3.873800128869133630e+01
3.884573101323179856e+01
4.252876873923452195e+01
3.843746654849813638e+01
3.370646287746304637e+01
3.819655015045898949e+01
3.024435248652068609e+01
4.017327990272257665e+01
3.952816421781579237e+01
4.425099632382714532e+01
4.017647114736769964e+01
4.742169384213492833e+01
3.404139932561771786e+01
4.053117333048998461e+01
3.969342496344382454e+01
4.275202969901382488e+01
4.249002905655400752e+01
4.444753929099949374e+01
3.972647156080480357e+01
4.273427717161305139e+01
3.566813319831183549e+01
4.404219813341617140e+01
3.922774053653581916e+01
3.879474088218775307e+01
4.081328116862973587e+01
3.914090503997380210e+01
4.491560324901926293e+01
4.225681977688890356e+01
3.554513112527809682e+01
4.390466298812543755e+01
4.456207198020827320e+01
4.477714800556572072e+01
3.934492857870024096e+01
4.114647531322520280e+01
3.493945435200086536e+01
3.707487181428730594e+01
3.535511582459148627e+01
3.693659404261146051e+01
3.695771844270336715e+01
4.476738563125426396e+01
2.852920322567716127e+01
4.317929286717271964e+01
3.325014747589072783e+01
4.149920109432093085e+01
4.243290337330044082e+01
4.003685198744090457e+01
3.985602179765164976e+01
4.584399532118324316e+01
4.014253349253053216e+01
4.175949251991544031e+01
4.349724527031960974e+01
4.231629791057328305e+01
2.652553007328542378e+01
3.679841745913130069e+01
3.965756518179827594e+01
2.970136327074818539e+01
4.146664528963458451e+01
3.807605129718804449e+01
4.270998498694588363e+01
4.624710793712578294e+01
3.446679260002838419e+01
4.235937022767921434e+01
3.270938686441273546e+01
4.204924681197942249e+01
4.653126675525669498e+01
4.051057664237089995e+01
4.292640159596906813e+01
3.263853772343284021e+01
4.294848107845440666e+01
4.642250852422280616e+01
3.982641489075498242e+01
3.159138059219380423e+01
4.194383415874868604e+01
4.284440546728024657e+01
4.225539001625756441e+01
4.421296464966194151e+01
3.423726979951367611e+01
3.346874534873941087e+01
3.892048757346478283e+01
4.280935778840444783e+01
4.031394335051717093e+01
4.327211284036576444e+01
4.277151584393656947e+01
3.940817818719216348e+01
4.271939434000391600e+01
4.146461909596282425e+01
4.296186285485850931e+01
3.941688142438353992e+01
3.992036094101849386e+01
3.962846495637489141e+01
4.018281036561722175e+01
4.080763128291656017e+01
4.688503111844802618e+01
4.187099382195761876e+01
3.235046591861198806e+01
4.322368207088958059e+01
4.394351308507816611e+01
4.070191744373182985e+01
3.619473922936388988e+01
4.273975596206821592e+01
4.287772523510073341e+01
4.662839916776461280e+01
3.677164329584389435e+01
4.320039939172197307e+01
3.972326126030617388e+01
4.292670866295640053e+01
4.476310509445965380e+01
4.560838003328876766e+01
4.451025524892524743e+01
3.990540506858172165e+01
3.612013904834844880e+01
3.244761102739805381e+01
4.308507521756769165e+01
4.458152466475611675e+01
4.335626006184822501e+01
4.331762327658425704e+01
4.416611166932795385e+01
3.930100847916765616e+01
4.673310990759593864e+01
3.618126036611685237e+01
4.070033115497266607e+01
3.969885557731672066e+01
4.285538927471414894e+01
4.439667549515941403e+01
4.423653881310379177e+01
3.763526949099879459e+01
3.925578674378961352e+01
4.273073668961096416e+01
4.018071918687125077e+01
3.312233904336724066e+01
4.266669873245442801e+01
2.841719073680999585e+01
3.411788295406867633e+01
3.828760448687433637e+01
4.061371472284774597e+01
4.432302498835625215e+01
4.227930504735177664e+01
3.383825183315913421e+01
4.237374190226270088e+01
3.120962421418857602e+01
4.221839366032548213e+01
3.962021335935292399e+01
4.224061477230792150e+01
4.239701498571736238e+01
3.876902346260095555e+01
4.321116917117415568e+01
4.699952965638902214e+01
4.252317140351022573e+01
4.465859675584453470e+01
4.523194712998628830e+01
4.243626841448202214e+01
4.496141068396991614e+01
4.430748669861113598e+01
3.992760863100210145e+01
4.093975687863612478e+01
3.437107211912032056e+01
4.125450152392112813e+01
3.690561368354488536e+01
3.846331386750835435e+01
4.309822986456248373e+01
3.971378327753677695e+01
4.412505547480113677e+01
4.236302536013353404e+01
4.544360737433277819e+01
4.532245304138854181e+01
4.522468220258858196e+01
4.284965379718709499e+01
3.952544436326073907e+01
4.032983467989664916e+01
4.579978771358862843e+01
4.134684024032133465e+01
4.088592094207408678e+01
4.328835383756528898e+01
3.956384887954558849e+01
4.431495837298128038e+01
3.958915086054649635e+01
3.890322579637934552e+01
3.062390568914121758e+01
4.098247961897124725e+01
4.431184931704313357e+01
4.461722878226996158e+01
3.054597206812093901e+01
3.801581872137549567e+01
3.689297840237939141e+01
3.937834559157021630e+01
3.382279453662433610e+01
3.852879027020085800e+01
4.299835767188552893e+01
4.196651995554901760e+01
3.803346849812401587e+01
4.191523583958966270e+01
3.907234318346211666e+01
4.290727827000026906e+01
4.276684658136805695e+01
4.177938773367020531e+01
4.735313225576062024e+01
4.047635869371114836e+01
4.087095013384235642e+01
3.996783535086652250e+01
2.961272442826379248e+01
3.789765047616917570e+01
4.376889264909955557e+01
3.733976071093878346e+01
4.605480350736844741e+01
4.650306720719753173e+01
3.882817831713266798e+01
4.204461944739286139e+01
4.302705025513454018e+01
3.993876579161262441e+01
4.307200211685042035e+01
4.209453500475105159e+01
4.181655710018185346e+01
4.266155062202621195e+01
4.282125604982161349e+01
4.124710652960015267e+01
3.796491555706395360e+01
4.441184795712015188e+01
4.449044257085589749e+01
3.838210634256090970e+01
4.125392205742123508e+01
3.645746778839170332e+01
4.523429717081334189e+01
2.583006261531287961e+01
3.890474502595797190e+01
4.037556004838676671e+01
3.961872034800006048e+01
4.189255732938115528e+01
4.067026736701068046e+01
4.229203679107322245e+01
4.299410291519066618e+01
3.889597013784964474e+01
4.350454695457064247e+01
4.436315694687688449e+01
3.859402910982779389e+01
3.791916779644585489e+01
4.275142705661974674e+01
4.869249900700104661e+01
4.176736964539762198e+01
4.226179247247790016e+01
4.536820715723341380e+01
4.137305061815857954e+01
4.114096130470488788e+01
4.040339395449166204e+01
3.384180915504112619e+01
4.562323587694422145e+01
4.312935328272560298e+01
4.538743622748121709e+01
2.463063421429055921e+01
5.043640643765073150e+01
3.718904215090870480e+01
4.486634152249605734e+01
5.010326447832559182e+01
3.561651787805621439e+01
4.532199136445326815e+01
4.649026435348066855e+01
3.942063680000573811e+01
3.976338690964624334e+01
4.309462393730422747e+01
4.330433806046472256e+01
4.131132075031085549e+01
2.966076178378862949e+01
3.975803967383411219e+01
4.082124039701240292e+01
4.349268646154216356e+01
3.877470945908982713e+01
4.691388797294450796e+01
3.862886894773049562e+01
4.316199117785085093e+01
3.984740224585543444e+01
4.400456770927575434e+01
3.946221494102719163e+01
3.458747294256658478e+01
3.628090168885772471e+01
4.028593076992206790e+01
4.239529274088560129e+01
3.458273354140814604e+01
4.292251333417576831e+01
4.258130897386501346e+01
3.412091177958871668e+01
4.224464774168137637e+01
4.250255880705510947e+01
4.100628975899306283e+01
3.967790805359687312e+01
3.886438982700905598e+01
4.171495186827435475e+01
4.039940513202352435e+01
4.553791210413908885e+01
4.062525873116426567e+01
4.204958150254534388e+01
4.321209396503724776e+01
4.250296597745624183e+01
4.217084573454732066e+01
4.280592944799023769e+01
3.659010465534189649e+01
4.485815974253632277e+01
4.241493163107990938e+01
3.671476778560595733e+01
4.042799399459179455e+01
3.855113902398020542e+01
4.337493095071640425e+01
2.582679018319839415e+01
3.963549673642524596e+01
4.175049242310219455e+01
3.872281551482391393e+01
4.194479313524964681e+01
4.168061277486405203e+01
3.819554308314349100e+01
4.291084788381570547e+01
3.737137744882211621e+01
4.380294288175799267e+01
4.238552676054379731e+01
3.856784989563438160e+01
4.294566379285881652e+01
3.903786921010862443e+01
3.408178914600413378e+01
4.138995669282476086e+01
4.360428511269606133e+01
4.620829813439722500e+01
4.004821497427247579e+01
3.726759146206234874e+01
3.704913472209480574e+01
4.288315264260558024e+01
4.345703689804529546e+01
3.885183591443677642e+01
4.472634919140801202e+01
4.285760862133552962e+01
4.178335005098586663e+01
4.351892380361402246e+01
2.672240415375248546e+01
4.294697291142691142e+01
4.041941118952107104e+01
3.994592324984480314e+01
4.243776383860694068e+01
3.957187268630911348e+01
4.570679543965613334e+01
4.467430769023459902e+01
3.509322573106424414e+01
4.601630400112121322e+01
4.143788531054221380e+01
4.090483606007411765e+01
4.185234249420840058e+01
4.007523663646162504e+01
4.022839546535048072e+01
4.498349620669957716e+01
4.557283373729492837e+01
4.282003031469414367e+01
4.601376456633867207e+01
3.711558431110950806e+01
4.109384641881072042e+01
4.400879272931229735e+01
4.345450423790080663e+01
4.607849527661329603e+01
4.140761390736143710e+01
3.545926623230744212e+01
4.373512186934285495e+01
4.232173989281461957e+01
4.291769675017655317e+01
4.079300711332636808e+01
4.298604518261262797e+01
3.647251760946510757e+01
3.673775287725553795e+01
3.899864368337859588e+01
3.493165155182970949e+01
4.059468738801336940e+01
3.198118432242461040e+01
4.196917510648729177e+01
4.312793863927236515e+01
4.499206151225433814e+01
4.146007935916057363e+01
3.915860919578216937e+01
3.915280589712585169e+01
4.263561724045119661e+01
3.717497779955171211e+01
3.058678164608729588e+01
4.392397520339528683e+01
4.237520652361149587e+01
3.926954258122209751e+01
4.412906989844181993e+01
3.576940021129867375e+01
4.042692245201881462e+01
4.204046146507703696e+01
3.941564913070050125e+01
3.283157831834893159e+01
3.903636643710178333e+01
4.649642443348138698e+01
4.039630222577776664e+01
3.926235717682555304e+01
3.662642037599655964e+01
4.425258870983925164e+01
4.719534574156224949e+01
3.894417883310452311e+01
3.472612071634292619e+01
4.283280155698422931e+01
3.813916089973434254e+01
4.231881973108049522e+01
3.435704598227778916e+01
3.894688114875292229e+01
4.009964878489487461e+01
4.065324163049718464e+01
3.664768569333718773e+01
3.166516864033314604e+01
4.168071327624124223e+01
2.791883771194673969e+01
3.837567031733130563e+01
4.307926727639566877e+01
4.248136564076143884e+01
4.012717255383971349e+01
4.184215225372771130e+01
4.063027812668246952e+01
3.995635625648789357e+01
4.536293349269688235e+01
3.936400703004937895e+01
3.705293645815487480e+01
4.184540759566331047e+01
4.220019066144209319e+01
3.955761434158535650e+01
4.205986798111528202e+01
4.401359690466944130e+01
4.201463260700349878e+01
4.155791799726635816e+01
4.643144413285796901e+01
3.621641580217277578e+01
3.460785180214929824e+01
3.583031495161826285e+01
3.899521085472390070e+01
4.755928223225662776e+01
4.286969753358587809e+01
4.079414718711909416e+01
4.245454824644096448e+01
3.446357726556907153e+01
3.904824941737292221e+01
3.431111506051463778e+01
3.954186989384444217e+01
4.218846265415642449e+01
3.812460732057650148e+01
3.762374522084772366e+01
3.827000666930802453e+01
4.382197846866438340e+01
4.361220896614231179e+01
3.843038130692630006e+01
4.248678393310124335e+01
3.576918683539737032e+01
3.716324901656218316e+01
4.089115948009841617e+01
4.265419847064047332e+01
3.606472827224555289e+01
4.112131450096122620e+01
4.127781241637120502e+01
4.266642470031764844e+01
3.106620134208331052e+01
3.849435446857333432e+01
4.222072863680730848e+01
4.273355864133998239e+01
4.022176826828204810e+01
3.346949489740910622e+01
3.916267034908880618e+01
4.071515155222752469e+01
4.393212516286192226e+01
4.128989501459764000e+01
4.256150993881839639e+01
3.676997925709969905e+01
2.903897624305396263e+01
4.078013419866240241e+01
3.892005219688974904e+01
4.008878797737404653e+01
4.309848893908384326e+01
4.305925137768186062e+01
3.684815107165712078e+01
4.346148724874110769e+01
4.362399695349438389e+01
3.086830337208942865e+01
3.225427142492006993e+01
2.988977093545004493e+01
4.470484794273485107e+01
4.129562909402648074e+01
3.514608237560432968e+01
3.964682195117228503e+01
4.136387301078795531e+01
4.004669002178061277e+01
4.291222356191419607e+01
4.423307466337664096e+01
2.749099572707634209e+01
3.749015934900803870e+01
2.606415598108620912e+01
3.832788347739233359e+01
4.181481512979527082e+01
3.887519734978663877e+01
4.165945405612374230e+01
2.519958934234385239e+01
4.572621721115120863e+01
3.000396151284668989e+01
4.774028915495905068e+01
2.272129847531807911e+01
3.825304367765448887e+01
4.123103694809545061e+01
4.117891221342891583e+01
4.191356025467050728e+01
4.244445335513914586e+01
3.411178306128420701e+01
4.453146763211048409e+01
4.448189566652290239e+01
3.119923357908302819e+01
4.082452868155711201e+01
2.693305829790296713e+01
4.545244293530794266e+01
4.008866589825109372e+01
4.089167333786303260e+01
3.614198404333271952e+01
4.022070387104163558e+01
3.737660657956261900e+01
4.246750773805560186e+01
3.852591804521168939e+01
3.858705800468593594e+01
3.859061861936540083e+01
4.435966348338096310e+01
4.124110713500072478e+01
4.363164573616654707e+01
4.122383960356341959e+01
4.156446892799812787e+01
4.222924898155439877e+01
4.550835484975349488e+01
4.352902544598983070e+01
3.950913542670027567e+01
4.443543373882108938e+01
4.359793743919475162e+01
4.329404740298863885e+01
4.336015338693359666e+01
4.243353109090480046e+01
4.467335500847650565e+01
4.471136974565910549e+01
4.283653114539216489e+01
3.667806955803595770e+01
4.499771146178960635e+01
4.303063572654546221e+01
4.248559812980123240e+01
4.214152970375961615e+01
4.584324164801698487e+01
4.308117522262182320e+01
4.206870276470854009e+01
4.225042312501883401e+01
4.247715895356732574e+01
3.877246687873707742e+01
4.284125306371367259e+01
4.099584480667665076e+01
4.053825161091708651e+01
4.252359882219754184e+01
4.311969064417952779e+01
4.351001042240869765e+01
4.240270800920578864e+01
4.418284933047719676e+01
3.655415889924795181e+01
4.075955055521266246e+01
4.086029854623696167e+01
4.810826550232897603e+01
4.271461139136951601e+01
3.876766374510506807e+01
3.970240963444207694e+01
3.772570444049328842e+01
4.602651613011862253e+01
3.996003594931953984e+01
4.279645851243137145e+01
4.354530178094067594e+01
4.435830719924733501e+01
4.196992663136183666e+01
4.252793698121170962e+01
4.077342751419225664e+01
4.575789035874159794e+01
4.516621934093109303e+01
3.894627844347562018e+01
4.188990838409471706e+01
4.401303486385778285e+01
4.388237228452211269e+01
4.160040411923286996e+01
3.807186770147950483e+01
4.042308731566239288e+01
3.154775190696750542e+01
4.379001712415477954e+01
3.359273722836382348e+01
4.313594937698282195e+01
4.356597692593418003e+01
3.975122476060732168e+01
4.392835504947120029e+01
3.812706772155529933e+01
3.992233883432357544e+01
3.064335163287406516e+01
3.882568542843032589e+01
4.464762689336405543e+01
3.941799352341072904e+01
4.392552910019831813e+01
3.667555715368859381e+01
3.995184853298030703e+01
4.716486019353912695e+01
4.442610977012009954e+01
4.062168243173325521e+01
4.015346377994110583e+01
4.517246740846612596e+01
3.946485039104472747e+01
4.269122916308030113e+01
3.787109582769488014e+01
4.032705426987784847e+01
4.240809328669440248e+01
4.561432406781064941e+01
4.420638678523704357e+01
3.907383787526477903e+01
4.152413124465706318e+01
4.172300630159611501e+01
4.279790469554021826e+01
4.174469713808143467e+01
3.783986476357906525e+01
3.798186070372526757e+01
3.992938836741976871e+01
4.103234356716282605e+01
4.207596092492249795e+01
4.342667313597419110e+01
4.110458430012401010e+01
4.460470452558959664e+01
3.858425765584940592e+01
3.752994035884957214e+01
4.701454303915625133e+01
3.939066223795264676e+01
4.340541196200284446e+01
4.163695965338461491e+01
4.474034204119646319e+01
4.052909633508323850e+01
4.062205043715862729e+01
3.990596905375721803e+01
4.196050450436793966e+01
4.307030657678618724e+01
4.392486383999236921e+01
4.034092736895447473e+01
2.651263002625810117e+01
4.079805685968884887e+01
3.381801392027576014e+01
4.330647896589225354e+01
3.559199004453031279e+01
4.157119450833883434e+01
4.109753211162569642e+01
3.891539645969348982e+01
4.352578329376512301e+01
2.889058234304091144e+01
4.352882581713176080e+01
4.118582629080307100e+01
4.319235489719306997e+01
3.497265181660127809e+01
3.028893312161797979e+01
4.826679666770888844e+01
4.314989423884762942e+01
3.955747567249698449e+01
4.053528169377802470e+01
4.633135587498299657e+01
3.102098433880379602e+01
3.926193335258921024e+01
4.279040201476411909e+01
4.427406889453257577e+01
4.020309678368037254e+01
3.122911741067640889e+01
4.402817206511391390e+01
4.072667875506542146e+01
4.354122802364801004e+01
4.445647500679664432e+01
4.214177089213060867e+01
4.255574360192090211e+01
4.224268116520540417e+01
4.000770275599241899e+01
3.945998602709432390e+01
4.160570708671287576e+01
4.185530840086214255e+01
2.864359541529595177e+01
4.574494576640744015e+01
2.840399028197659703e+01
4.355299275858973118e+01
4.343033147366097779e+01
3.659931625712393810e+01
3.935577473429778195e+01
4.246373883952008299e+01
4.535329042099239416e+01
4.219654840681597818e+01
4.117230481863117575e+01
4.294618541671700740e+01
4.485426908034612836e+01
4.288920475370419894e+01
4.365294044396199524e+01
4.180728491870733876e+01
3.320908929239047325e+01
4.020074676184228224e+01
4.337914195852597032e+01
4.350387299436368238e+01
4.507607641063257375e+01
4.142453705048737334e+01
4.458818445089209348e+01
4.075870747912679803e+01
3.246508006942142543e+01
4.150679267298664143e+01
4.281230188883391463e+01
3.716056013939761726e+01
3.022147449471018632e+01
4.156023806461108450e+01
4.089704305761539160e+01
3.706037898915614193e+01
4.393179337045933863e+01
4.266653938698332382e+01
4.501565028522739453e+01
3.773621539890032750e+01
4.069520033111344759e+01
3.805235189710906951e+01
4.386991953731167371e+01
3.725754577137849566e+01
4.270066655132815470e+01
3.979215419331494985e+01
3.612889722294539752e+01
4.199180582622037150e+01
4.078850644718696117e+01
4.071680282660037875e+01
4.813214400491126810e+01
2.567626130580902100e+01
4.036835169026477388e+01
4.431610969017178547e+01
4.332073729097729853e+01
3.872311068940894785e+01
3.593368977060590908e+01
3.892548299229184749e+01
4.477425002236284968e+01
4.150913249403134131e+01
4.324530396792087572e+01
4.145482848714752322e+01
4.453760196571827379e+01
4.126854681811317249e+01
3.737623888762941959e+01
4.165950267072772562e+01
3.802324747937013427e+01
4.125255366650470989e+01
3.809173728992538344e+01
3.839902706898943308e+01
3.899791761526692824e+01
4.311976504399486032e+01
4.129285533267362496e+01
4.682201436211769874e+01
3.974032745554823975e+01
3.995292203294204114e+01
4.152143766930048940e+01
4.464339714912441082e+01
4.151605028892257110e+01
3.898874229514034795e+01
4.433565298632474594e+01
3.458210167972215743e+01
3.960246768839085973e+01
4.196936191816796935e+01
3.083165751087783590e+01
3.977984664787744151e+01
4.153506056129103996e+01
3.829316741090999443e+01
3.817263737562024772e+01
4.221992343752690857e+01
3.465327105276023900e+01
3.939200314737842490e+01
3.330316178372340374e+01
4.241078610228996126e+01
4.207402430548525984e+01
4.163960693293612536e+01
3.730757431191007356e+01
3.447266645789003547e+01
3.951489256624162749e+01
4.705769407812959315e+01
4.404620170261528500e+01
2.747825583324383203e+01
4.198876250307611713e+01
4.304308869332859189e+01
3.413496192702890397e+01
4.259496563869436159e+01
4.346804963103090813e+01
4.423647742443876751e+01
4.537622280374611705e+01
4.250788284097090752e+01
3.949952615465041816e+01
4.389767627312679821e+01
4.586094765746184265e+01
4.039884731448022137e+01
4.117481287557705372e+01
4.037016332260381546e+01
4.002506362270004558e+01
4.312479277626790264e+01
4.236332905225449252e+01
3.873805249656828664e+01
3.018851181479653789e+01
3.230238016791577138e+01
4.169674019435188939e+01
4.046470507878949263e+01
3.931243364838841359e+01
4.056797294143272126e+01
4.619077521178684265e+01
4.697393902231364393e+01
3.992172891317945727e+01
4.324743773931204771e+01
4.158435831034537244e+01
4.042494862548338830e+01
3.897662817177646843e+01
3.849667488462818454e+01
4.232071264120492771e+01
4.017949161231547350e+01
3.971992608553433968e+01
4.097947563420105865e+01
3.864910110782081887e+01
3.612111145195954975e+01
4.118749480865540136e+01
4.142631263119636031e+01
4.402088555875140941e+01
3.362945640376835144e+01
4.167709144142189359e+01
4.685654865139566994e+01
4.647061535723209857e+01
4.274895540122413706e+01
3.961386388832657701e+01
3.760892784010709278e+01
4.169524557097624040e+01
4.110829936473569290e+01
4.057143919291955569e+01
4.007521731052139558e+01
3.846031578123146488e+01
3.610288143622027235e+01
3.951006493291588839e+01
3.812996539325997247e+01
4.161682982567084110e+01
2.893649387668402184e+01
4.249101457766967371e+01
4.199564870214960877e+01
4.199430256147291374e+01
2.910520682399636883e+01
4.041542123085988436e+01
2.532800838237691465e+01
3.917282299599190765e+01
4.157222313346630216e+01
3.908768962429623173e+01
4.206875794673516822e+01
4.073888580868727871e+01
3.925945655827653979e+01
3.042059146380624668e+01
3.131449840572586396e+01
4.046683062517782759e+01
3.384911653436127921e+01
3.787080024766235198e+01
3.867002207326917329e+01
4.155175636592942823e+01
4.323890268414280058e+01
4.086294882706921783e+01
4.236844903295642695e+01
4.103042126482803553e+01
3.827035567715223152e+01
3.938342162897878040e+01
4.354650830220181490e+01
4.014150543029111162e+01
4.304332180916875217e+01
3.608426664491118885e+01
4.129908086768876530e+01
4.352954928580671634e+01
4.190870877149605889e+01
3.861186037096145895e+01
3.389889884722901314e+01
3.936484727985335041e+01
4.260810716444998292e+01
3.946316094628118520e+01
4.160353822647148547e+01
4.408955787965888362e+01
3.596810267142730311e+01
4.097567417166425940e+01
3.497487951695757857e+01
4.349922518696364193e+01
4.544105245784135150e+01
3.790760860327232251e+01
4.200112867434032893e+01
4.045812690800184441e+01
3.876450586133282883e+01
4.252138151568655644e+01
3.437028434043145353e+01
3.546183841369941092e+01
4.308135231026280820e+01
4.181531944451587890e+01
3.307874906665742998e+01
3.742541569251694256e+01
4.225933040325755030e+01
4.422135162926671370e+01
3.255470012693312754e+01
4.086741010128933027e+01
2.779943778722247316e+01
4.123303449760140182e+01
4.498089825774398065e+01
4.022285170795763065e+01
3.169352577030151963e+01
4.152792364501073052e+01
3.743953842125853271e+01
4.316054403671611084e+01
3.258576814861449833e+01
4.321170963711328028e+01
4.096329349297286626e+01
4.204848939642952388e+01
4.380122039678490609e+01
4.314710873505487143e+01
4.497671370075480723e+01
3.446696468548114467e+01
4.478699728263260482e+01
4.024821896410987421e+01
3.368686368846275769e+01
3.800853647293895676e+01
4.143173245353774803e+01
4.388094784231326173e+01
3.880699940732639419e+01
3.764200362767001451e+01
3.891876234786428768e+01
4.153523068257433692e+01
4.569140576938949039e+01
4.034595258145144214e+01
3.970900867658086497e+01
4.366440300712741163e+01
4.474918514381934642e+01
4.140829174086885445e+01
4.460877035663287415e+01
3.490818887122787118e+01
4.615717411196545328e+01
4.465740784062052882e+01
3.381588881743503805e+01
3.976130933939355572e+01
3.984072519358497289e+01
4.052817000093871513e+01
3.813047563769195136e+01
3.055442687144504887e+01
4.333729537345371341e+01
3.402237658340795434e+01
3.689008955636171549e+01
4.090124140140509468e+01
4.634290032580096863e+01
3.996463937804822564e+01
4.131985544312511394e+01
4.183574393433932670e+01
4.533382145010276787e+01
4.352901932429058718e+01
4.268754267207037856e+01
4.155552912473750382e+01
3.800159217203983530e+01
3.655108203058398431e+01
3.658744351771047576e+01
3.179556565430357651e+01
4.278845412135184034e+01
3.938628899064561750e+01
4.161440230285910502e+01
3.759109759570980458e+01
4.103666656471715157e+01
4.172700515500318375e+01
4.154572133666420797e+01
4.455300481694795423e+01
3.531405759436248104e+01
4.180063246521834230e+01
4.499241708821267594e+01
3.649730809307573054e+01
4.178740797526049988e+01
4.076665587333848606e+01
4.450324014742167833e+01
3.936209390312507850e+01
4.054435965134472752e+01
3.596839330583610916e+01
3.397648566679330173e+01
4.284358063912746672e+01
3.983823097459446672e+01
4.238200337722106070e+01
4.327021807571067313e+01
4.303557731049789936e+01
4.448257738674315220e+01
4.094183749475828904e+01
4.242219923483585120e+01
3.998472341270682051e+01
4.105791426536524114e+01
3.964977853677489605e+01
4.412239844387251964e+01
4.412969414603532670e+01
4.284042660806617420e+01
4.422870961394962563e+01
3.458683852689399174e+01
4.354652607888922233e+01
4.311595645698025692e+01
4.149740138263067735e+01
3.952092544566823307e+01
4.120737433539043337e+01
3.638481079347312885e+01
3.954328632921931330e+01
4.047365367917468859e+01
4.138287824880827515e+01
3.910415819251533520e+01
4.195210074572780456e+01
3.978932858286875529e+01
4.069071445872287995e+01
4.254591933765797052e+01
3.556404676704671886e+01
3.542646311705011897e+01
3.742323353698830601e+01
4.020416007743011733e+01
3.995455979892868470e+01
4.077352991249516379e+01
3.975181620427579787e+01
4.269143309785981444e+01
4.231052559173360805e+01
4.367781929035868416e+01
4.427593057452946823e+01
4.212260449168705634e+01
2.885525113994544100e+01
3.995070214489243199e+01
4.338678849016157102e+01
4.284315321500962881e+01
4.362497139619056696e+01
3.655686276977640858e+01
4.311665981078054699e+01
4.363070295971505175e+01
4.507713042760696709e+01
4.181653321236417042e+01
4.157542338363467849e+01
4.197577347367903400e+01
4.099328851533813634e+01
4.166793056879893697e+01
3.976019037670285172e+01
4.395693807518950535e+01
4.207461934770294221e+01
4.153824102313760136e+01
3.882010632903590874e+01
4.477364515550959823e+01
4.644528415634615470e+01
4.133481398878758739e+01
4.172780800661524125e+01
3.710418443130378563e+01
3.457918941702815374e+01
3.920727385784854846e+01
4.229872215554789960e+01
4.222066708812356950e+01
4.156716878504285262e+01
4.298093283156750744e+01
3.984009182870131838e+01
4.042077645184946277e+01
3.972050316471590747e+01
4.052070558742053663e+01
3.822573552348396930e+01
4.401043469894050020e+01
3.107585059183098508e+01
3.978801961568179735e+01
4.208239115682086151e+01
4.094859785202181968e+01
3.879950305032651414e+01
4.103125909151452788e+01
4.142627465617646010e+01
3.662378912038392542e+01
4.178602065003350674e+01
4.610742718946732310e+01
4.222629624457642450e+01
3.534851150595732605e+01
3.998762072601465434e+01
3.997458653293116981e+01
3.418843268090062537e+01
4.230120574928471910e+01
4.022682735042246094e+01
4.349901755491081445e+01
3.732810129499910090e+01
4.313294137088116997e+01
4.204904851748986516e+01
4.162943063335235649e+01
3.642055545826710983e+01
4.247872701287865738e+01
3.589335022111608708e+01
3.694232859153940041e+01
3.939802032717765456e+01
4.212432374051063277e+01
3.704904683937977694e+01
3.917807736864077128e+01
4.274493298277591435e+01
3.952626825483849871e+01
4.426910093134612367e+01
4.278145658901326698e+01
4.459886007222405624e+01
4.052002278328871654e+01
4.479317643520462155e+01
3.494796634653602041e+01
4.190989288267748947e+01
3.947268193346796750e+01
3.783234776791208276e+01
4.194061454934458055e+01
4.269027426414149318e+01
4.087696947593285302e+01
4.178718844621238304e+01
3.992550352392810709e+01
3.658054750626629925e+01
4.220982302842002554e+01
4.069118999061745257e+01
3.789858883163287118e+01
4.183312922166233250e+01
3.815984688253507073e+01
3.826241378026707451e+01
4.188280984928326944e+01
5.596318878882145498e+01
3.880976960910345497e+01
4.212942884853034542e+01
4.352293280970276612e+01
2.811089148320774100e+01
4.287987121939361401e+01
3.504932115055677855e+01
3.908292776448736561e+01
4.131590951778719756e+01
4.187638783998544056e+01
4.120331689329406544e+01
4.237184143157610805e+01
2.698822414011272741e+01
4.318664811933823700e+01
4.267244033638399969e+01
3.939467223942226326e+01
4.006974695107438578e+01
3.845642683974909204e+01
3.864044341588332543e+01
4.228617040696281748e+01
4.541634106188073616e+01
4.150981577517318755e+01
3.674844442232988939e+01
4.047095022253459007e+01
4.728265515500360294e+01
4.154817693406241830e+01
4.238905700514263941e+01
4.297778604601738550e+01
3.513817158619491465e+01
4.166405470750191142e+01
4.489806642823188554e+01
3.149279869862622760e+01
3.617964233187856848e+01
4.340215507970534503e+01
4.048202390764484448e+01
4.252744854714098466e+01
4.387558200052290402e+01
3.794087253924500658e+01
4.272473835346639248e+01
4.034544486700684018e+01
4.126864182890051325e+01
3.830878712166988009e+01
4.100349359256182424e+01
4.127594808529396175e+01
4.173278787973547566e+01
4.244647243056837027e+01
4.142712786687303606e+01
3.632181858670975316e+01
4.227023042322206692e+01
3.529152940981315822e+01
4.193496995639450375e+01
4.049232464134007614e+01
3.973207102385577372e+01
4.113050467273046706e+01
2.753567575442992421e+01
4.228506724704073605e+01
2.420596556544470701e+01
4.057402707060666813e+01
3.673955653280434319e+01
3.760744619471739014e+01
4.015460787361080008e+01
3.732133535843024674e+01
4.048244962525708956e+01
4.152703754886864118e+01
4.000495705743505681e+01
3.867920566161628670e+01
3.714969650707622861e+01
3.009070092266482632e+01
3.890733677462966966e+01
4.091201572065198633e+01
4.184545094550031763e+01
4.538012293715252099e+01
4.644969506074588139e+01
3.759725496523713417e+01
3.736264671765752610e+01
4.196752434636321283e+01
3.766967089824562720e+01
3.347609667005938405e+01
4.163540416128254407e+01
3.531216529441817187e+01
4.047684019031447633e+01
4.218430428467568305e+01
4.216810997022260210e+01
3.785169884317492972e+01
4.289644193937509442e+01
3.159295540288908910e+01
3.506570513109968346e+01
3.713991798240371622e+01
3.999013824269871265e+01
3.835405724611219114e+01
4.249886531474077600e+01
4.056589453005948087e+01
3.836153744326697534e+01
4.395640461601511362e+01
3.870986060175386712e+01
4.074480285142252001e+01
3.999490421919515626e+01
3.784968977451848815e+01
4.040417595065072476e+01
3.650370625284674730e+01
3.826424558769346618e+01
3.928613909871259580e+01
4.180423503771390159e+01
4.101384922134207756e+01
3.826232400647114673e+01
4.105374333045460844e+01
3.730611784545609311e+01
2.315487323611518633e+01
3.937594479867274089e+01
3.952446902510296667e+01
3.409306070893475038e+01
4.180800850296428450e+01
4.157207657113195864e+01
3.879220043978329358e+01
3.937582391970502727e+01
3.748779835738185540e+01
4.213868014417727892e+01
4.227142201666116961e+01
3.955292611783093548e+01
4.335383689751361658e+01
3.973025148704607545e+01
3.480167954102947192e+01
3.818335145759289162e+01
4.248787248321790599e+01
3.777867499881773483e+01
3.405667466690914580e+01
4.101417226357833812e+01
3.634917696509579343e+01
4.097227216564496644e+01
3.806587919209263049e+01
3.850919541510025113e+01
3.660596268001955877e+01
4.185939991062242171e+01
3.937232460568446868e+01
3.933955593519669236e+01
4.376993618858303137e+01
4.257155916369882931e+01
4.053926008611586695e+01
4.283372676795465139e+01
4.084799910708777304e+01
2.674454869155717418e+01
3.935725054780010623e+01
4.307842115279208883e+01
4.634684434016295285e+01
3.279514060276235909e+01
4.333979294140084448e+01
3.433487969928114580e+01
4.298021102706567120e+01
3.271444183188040711e+01
3.783030860192633327e+01
4.355406177634059617e+01
3.650631879851429318e+01
3.695281837693583071e+01
2.711157420996499567e+01
4.585817103554205687e+01
3.830968885781085476e+01
4.268480298793998884e+01
4.003291456003894666e+01
3.358383106524878059e+01
4.061658203785437848e+01
3.677715802125626254e+01
4.103133246926131505e+01
4.027298721325065145e+01
4.162962165738668574e+01
3.848232550388372175e+01
3.377172717568588212e+01
3.401413527463409991e+01
3.092556310153947052e+01
2.368371702016669644e+01
3.637536081349817607e+01
3.843459553723455002e+01
3.932161462820819509e+01
3.934478010282670368e+01
4.346457558567493606e+01
3.570148582695269113e+01
4.031422648020703292e+01
3.772263127230074531e+01
4.261760203269246006e+01
3.538188452974404186e+01
4.119638017202058222e+01
4.032602189369935530e+01
3.977377996928800030e+01
3.973182946000949300e+01
2.960310059198082300e+01
4.168636975797227251e+01
4.124605435018528254e+01
4.230135378912456190e+01
4.400383237158075644e+01
3.798100503486911350e+01
4.162340918166039927e+01
4.339297008161211266e+01
3.368511167880367907e+01
3.971302572664695418e+01
3.046537499353759060e+01
4.468865167305986574e+01
2.823435520266804488e+01
3.791681924369326140e+01
4.333328930574758431e+01
3.107734583107063031e+01
3.764014722480632003e+01
3.155132946423595186e+01
3.778152574530385976e+01
4.109959184394703868e+01
4.303909771945109242e+01
4.026460091165392896e+01
4.216897487925319865e+01
3.725023950047881272e+01
3.824959246180143424e+01
3.745833601134874158e+01
3.292830468522440412e+01
4.065433271116155822e+01
4.204766072386955500e+01
2.213845944732758397e+01
3.829316373074194502e+01
3.878811000017049793e+01
4.409825680695279715e+01
4.290484678217715953e+01
3.927636794892415395e+01
4.115292507035396596e+01
4.079656557304368647e+01
3.677319310596435287e+01
3.601969602628342670e+01
4.173861574763917304e+01
4.068598963236949118e+01
4.472483141925504668e+01
4.337995156698232080e+01
4.315626169887647023e+01
3.693179810134181196e+01
2.326839970669361080e+01
4.248191234803233129e+01
4.204422548885690958e+01
3.970004426453015611e+01
4.039820417548694564e+01
4.273565031621608767e+01
4.462467733051481389e+01
4.169924572872595547e+01
3.841594741110241529e+01
4.085703806544687922e+01
3.693017018737584323e+01
4.276166422301643166e+01
4.080025129087722746e+01
3.801581207887925018e+01
4.114128995286856849e+01
2.347035656592371211e+01
2.667956854213308304e+01
4.172560245340520879e+01
4.042826635495807608e+01
4.004416243745834691e+01
4.038571647069777981e+01
4.082547908019323302e+01
4.477814441052290562e+01
4.041277519232369286e+01
3.436206409253767902e+01
3.685992233975134980e+01
4.073221073429969863e+01
4.061388022901833494e+01
4.204572503938891259e+01
3.496035580923168595e+01
3.635866296913685858e+01
4.170273527430586569e+01
3.711054080406693600e+01
2.825830399013659999e+01
4.462335562836540959e+01
4.137188194210629888e+01
4.523682373656620115e+01
3.943152680451219538e+01
3.631034247875094678e+01
4.088915030613387813e+01
4.515979786744021141e+01
4.280190299436597456e+01
3.784535292694957320e+01
4.495298270512335392e+01
3.660357140321614366e+01
3.851657335987889041e+01
4.328413494425316088e+01
4.293111684987253795e+01
3.531171806544551117e+01
4.304304626426979041e+01
3.473126396740099153e+01
4.193734239584410517e+01
3.601028193799432842e+01
4.408772701234242675e+01
4.501654235193199582e+01
4.321769081849087968e+01
4.176041099899756404e+01
4.368961817525973146e+01
4.218361846268838633e+01
4.210245672906442849e+01
4.340268894931962507e+01
3.667362154225180859e+01
3.730076968360512524e+01
4.053363367915153503e+01
4.211499036674928931e+01
4.046044833473663971e+01
4.297239911754747510e+01
4.301766232520130018e+01
4.208391747326895427e+01
4.151376053458429283e+01
3.952363036405576224e+01
4.134562048561895864e+01
3.753359984896435719e+01
3.463749394095269452e+01
4.248090216354711401e+01
3.872901172776355594e+01
4.057317503938938330e+01
3.819308677514513306e+01
4.077034071545348581e+01
4.166687937681586362e+01
4.148800164743094143e+01
4.215275256399369397e+01
4.119716712990717156e+01
3.597854711421907581e+01
4.338190516558858434e+01
4.492984798550605774e+01
2.691135810876097878e+01
4.379111296680047616e+01
3.823011031604097099e+01
3.939252996935893236e+01
3.971765323428704875e+01
3.924831796092132663e+01
3.870429916972994278e+01
3.904676440750399991e+01
3.814154982083689305e+01
3.624409689074015972e+01
3.813394295361855058e+01
4.072946056407062088e+01
3.932510769743360868e+01
4.392151522246560091e+01
4.323565987616267847e+01
4.153374920567401318e+01
4.580027917112418834e+01
3.929719177682181197e+01
4.256300454374456166e+01
3.135550622207627924e+01
3.155223304314641553e+01
3.757004675911132807e+01
4.338372482774448002e+01
3.960067247612104779e+01
4.430357467074586708e+01
3.807289699671363792e+01
4.181480802450314371e+01
4.022974116575814207e+01
3.678362118348394461e+01
3.803072646879913776e+01
3.886302367814875680e+01
4.085431903164641199e+01
4.162206087191470516e+01
4.090165014180055181e+01
3.712124232387039768e+01
4.161156625588639457e+01
2.753804539615708080e+01
3.758783931367479880e+01
4.177063777497356512e+01
4.272898017607256094e+01
4.064977326305142213e+01
3.748592780916580125e+01
4.167996722220158290e+01
3.655243941243200823e+01
4.119479730839442766e+01
4.163634837107403541e+01
4.025897473929607884e+01
3.320400238358112688e+01
4.414550471793163666e+01
4.198680928146819014e+01
4.338496370239965216e+01
4.001335453678935039e+01
4.042732690437005516e+01
3.551378121512784247e+01
3.436185413498272112e+01
3.283317360941833840e+01
4.129880146742320335e+01
3.763224971825533771e+01
3.747754916122811153e+01
3.279471175857383969e+01
4.050591490711971687e+01
4.087274486797250717e+01
3.932330413580727679e+01
4.058201371118573775e+01
4.146856022415214227e+01
3.646398733233330347e+01
3.149984588927001283e+01
3.986592824481250830e+01
3.969914877472823633e+01
4.122008409096200410e+01
3.823387442947220904e+01
4.253475906124280925e+01
4.096245558688504218e+01
3.835528415904687449e+01
4.223289814227783268e+01
4.496786474510066256e+01
4.195767683016978822e+01
4.397842950573061671e+01
4.209309217135290027e+01
4.018289793288782619e+01
4.075445562898844543e+01
3.654566752339544422e+01
3.172738462765820699e+01
3.986020828601550647e+01
3.951198615963392768e+01
4.144939109023445667e+01
3.557459117952484462e+01
3.731546063607174801e+01
3.653619473389010608e+01
3.488023183137813277e+01
3.538163488143884905e+01
4.051567490534944938e+01
4.328135945386488004e+01
4.110703333459421316e+01
4.041441859268691417e+01
4.557136771583905244e+01
3.552919688081071570e+01
3.236346815829456602e+01
4.003252268529603697e+01
4.313196031502609884e+01
4.398094563723110895e+01
3.786896308725422955e+01
4.265197360243769964e+01
4.066294847739220586e+01
3.984742072714318084e+01
4.479369433755778829e+01
3.859722939210541881e+01
3.823508001898083819e+01
3.569202175913471109e+01
4.396607306689926986e+01
3.659342828544095028e+01
3.723900055410516785e+01
3.214991668374589295e+01
3.671229069907315790e+01
4.162350426453186714e+01
4.081841797836840868e+01
4.014549653997944745e+01
4.025200298718242919e+01
3.700496016754688355e+01
2.378541319010102484e+01
3.899932307436807122e+01
4.113837885612522882e+01
3.974347299995189786e+01
4.076783907158349507e+01
3.245202357924715386e+01
3.523411785752394820e+01
4.036653581015740855e+01
4.314977467523263499e+01
3.752042654390060505e+01
4.054124699315257629e+01
4.352183515644154710e+01
4.157120975131916651e+01
4.126816416153944544e+01
4.489251624288731790e+01
2.669127458713390766e+01
4.116941623732630973e+01
3.843818532250108433e+01
3.960458446872664950e+01
3.979130386944078879e+01
4.263118379516820511e+01
4.214624857461109997e+01
4.145001856884797320e+01
4.153262389178621561e+01
3.819783899195194721e+01
3.412712517005167712e+01
4.018530551740045098e+01
3.900366259032826832e+01
3.946678047959166946e+01
3.053979108434985434e+01
4.473818180668722277e+01
4.168404654533949838e+01
4.358137172532983072e+01
3.348911810785022425e+01
4.300925772380430345e+01
3.905693761595297531e+01
3.873082951451613809e+01
3.864851374269211703e+01
3.996346283258229448e+01
