2.916033898854460915e+01
2.620438191824608509e+01
2.441931254072825652e+01
3.031638453039887793e+01
2.729751832327946204e+01
3.541325157335047891e+01
2.764730465597230946e+01
3.210999642166331824e+01
2.189244419237961381e+01
2.695929444468978886e+01
2.693655776775757005e+01
2.528377784685333296e+01
2.988598686529107340e+01
2.978983851899765867e+01
3.183066794748353345e+01
2.018389312375282074e+01
2.703906744295614217e+01
2.724567257379791840e+01
1.998905386336029366e+01
2.895245205612704353e+01
2.272820920460295113e+01
2.766538156363794698e+01
2.702613885189988707e+01
2.248999621654965964e+01
2.655640205485198990e+01
2.558946440542134226e+01
3.025264259827996582e+01
3.073505928452842895e+01
2.503444649274497635e+01
3.006498883971155678e+01
2.871674763920283624e+01
1.822682645690716541e+01
3.007031869724674422e+01
2.512734817807311316e+01
2.587246380865734707e+01
2.306632821405097289e+01
2.795760884290576698e+01
2.730034664733456040e+01
2.992939843657803678e+01
2.811544311317530642e+01
2.990172216271457728e+01
3.327997793305073770e+01
2.518017767933216433e+01
3.150921652286705310e+01
1.895589405781078796e+01
2.688325374970997217e+01
3.037279034068625094e+01
3.237437683315274484e+01
2.843998496190156189e+01
2.966603159322084338e+01
3.024139793127021036e+01
2.440600227709650483e+01
3.164671989559757748e+01
3.245149863444932947e+01
3.173906257251451279e+01
2.841146516838375646e+01
2.900282156246878529e+01
2.469392272735228744e+01
2.814872169497907350e+01
2.719715973898784966e+01
2.913421991110706344e+01
2.216263622537304556e+01
2.374277086863399333e+01
2.518111452733603528e+01
3.056828814935405347e+01
2.345726479263720066e+01
3.041884170228963669e+01
3.050359065712529372e+01
2.584307077596790592e+01
2.581510455208798049e+01
3.112393551258364255e+01
3.088610601219514251e+01
2.858232079899207179e+01
2.575863681730478660e+01
2.780064869521915938e+01
2.483545811277161164e+01
2.920293406424003635e+01
2.303703806986331060e+01
2.981616683487761321e+01
2.371185749052989422e+01
2.724425671518844538e+01
2.340613621065874028e+01
2.571717545545116579e+01
2.325753760117866520e+01
2.686442885254070490e+01
3.108341546201839378e+01
2.791459308822031815e+01
1.924657188830273924e+01
2.879160590527808594e+01
2.114470148708882391e+01
2.944505085125125987e+01
1.951470817970221105e+01
2.942319033325093969e+01
2.677672692021914358e+01
2.899761390741771194e+01
2.938073256330163829e+01
1.779498925038201307e+01
3.965687249447240958e+01
2.285425617721918101e+01
2.477867101657293958e+01
2.400188087125589576e+01
2.051837720419063515e+01
2.876356875856216533e+01
2.761097084476847741e+01
2.247575574244471852e+01
2.606438606069891151e+01
2.885237226688345658e+01
3.063257633608178310e+01
2.827765642465537965e+01
2.603246554764512410e+01
2.904298846645824383e+01
3.077891254975850899e+01
2.208863274315999092e+01
2.780552059250159758e+01
2.374991578029112560e+01
3.170617689933403938e+01
2.985578471630236308e+01
3.091165286846811355e+01
2.772505556580924591e+01
2.442008903491483807e+01
2.511508012949639479e+01
2.553582342345007206e+01
2.622318056281512710e+01
3.058667424904166410e+01
2.818074249167039014e+01
2.996143299901839541e+01
2.977975481176319050e+01
1.839206965953925277e+01
2.446782152143546796e+01
2.560990290122457225e+01
3.312537551840635075e+01
8.383177638775181961e+00
2.708769288973243761e+01
2.965857029242841847e+01
2.242805849484699010e+01
2.261061481418389363e+01
1.875148751979434891e+01
2.566652960068333655e+01
2.890268428672109735e+01
2.522981573571108527e+01
2.900991738587096336e+01
2.839571904854746265e+01
2.580018024043281599e+01
3.495665011451606574e+01
3.214238046755109934e+01
3.541614876980960247e+01
2.761154450718337827e+01
2.912860448223755938e+01
2.042896076235691183e+01
2.724025439352604749e+01
2.576359297072115950e+01
2.151590156363229767e+01
2.613009039334731654e+01
2.701172918563235470e+01
1.947072739383079565e+01
2.719841045447320482e+01
2.900259080368562437e+01
2.844389373997841375e+01
1.733932904796441221e+01
2.365949844090816256e+01
2.107260859755649918e+01
2.045757406548519697e+01
3.075466479575506540e+01
2.567849436107248451e+01
2.168972217519529622e+01
3.039838982503799869e+01
2.654053987281145410e+01
2.593881724104665309e+01
2.933787136758216718e+01
1.046278123277248717e+01
2.918441016806496435e+01
2.684520133398082109e+01
2.405189956709889998e+01
2.534778800468133042e+01
2.193984366354733595e+01
2.830911068380600426e+01
8.019204358411844424e+00
2.697984964395835661e+01
2.382203392357644489e+01
2.400905243048716642e+01
3.152583102660901915e+01
2.854270445567892267e+01
2.351180585360739173e+01
2.526197506556666994e+01
3.006539697706824654e+01
2.765190621852838859e+01
2.630228759186102749e+01
2.559077140654023808e+01
2.241033239610338867e+01
1.967426754325756377e+01
3.146879204399514762e+01
2.648293188929927311e+01
2.975791144767741159e+01
2.848062235209653181e+01
2.343966769662448613e+01
1.980292320353697022e+01
3.131196423994861888e+01
1.996521333638805373e+01
2.487377434772233187e+01
3.047164938837388348e+01
2.490694047452056381e+01
3.070618061530720055e+01
2.442612407754177895e+01
2.896853407542041836e+01
1.923105158356323585e+01
3.096459928625869296e+01
2.138493080245386224e+01
2.815757405766845523e+01
2.519972385150907712e+01
2.876514158579203695e+01
2.755067935024443670e+01
3.973125183476496858e+01
2.458216026636383233e+01
3.300655118979350533e+01
2.817208413286606827e+01
2.975535159040563116e+01
2.836262085301206781e+01
2.973773028003429175e+01
2.225238010748670803e+01
2.716894590303842705e+01
2.698885764366555762e+01
2.235694244610379755e+01
2.294498950906462298e+01
2.759988552650841243e+01
1.854095923956638359e+01
2.239320946930765999e+01
2.460397265524980526e+01
2.275301810516954859e+01
2.303512764008644353e+01
2.828912835909981993e+01
2.729397312329761860e+01
2.533721752019927109e+01
2.177481208266121371e+01
2.487426407649965654e+01
2.133791425558599997e+01
3.272896865237377995e+01
2.890179369638938667e+01
2.511220812727801999e+01
2.908350392280131302e+01
2.852554209759705373e+01
2.940711386503428315e+01
3.277771585639363394e+01
2.312127770330741683e+01
3.406711102994528773e+01
2.729808091794518177e+01
2.350236562366532667e+01
2.930419642008868664e+01
2.448391945815847137e+01
2.337283776036583660e+01
2.758588087424324442e+01
1.579332377481656025e+01
2.371845425653903661e+01
2.787901828225606238e+01
2.839416716533704488e+01
3.366895914037521464e+01
2.932336913903291986e+01
1.870930547482467432e+01
2.506854260912036025e+01
2.511940687632832692e+01
2.145997851774959386e+01
2.726900166447180140e+01
3.041968600269984790e+01
2.840457465911176271e+01
2.521759134693758142e+01
2.866520897955736658e+01
2.545017234231009695e+01
2.863041104084075172e+01
1.687286402371981353e+01
2.749326447646419425e+01
2.758191595851021916e+01
3.298879660716509221e+01
2.168243366050379350e+01
2.759351897640268447e+01
2.495770755285608189e+01
2.798631180687086228e+01
2.342256953346632642e+01
3.063382714534356666e+01
2.633836404963581046e+01
2.887266450253936512e+01
2.708238099432430346e+01
2.764899334793437191e+01
2.050606271771803435e+01
3.122941215767456669e+01
2.817910031755395650e+01
2.751969800472664929e+01
2.987282981978009744e+01
2.945452488841849714e+01
2.395888268528538845e+01
3.091902666329944083e+01
3.070840042952609394e+01
3.063022077167340385e+01
3.912640038323421265e+01
2.526747138463374398e+01
2.830756889332984727e+01
2.591148105743575414e+01
2.351398880145337245e+01
2.993102915995012836e+01
2.986899519068310838e+01
3.049803293431469342e+01
2.179396899401432108e+01
2.901690851019458606e+01
2.704483781682096577e+01
2.330701233388626648e+01
2.847017720919905415e+01
2.621021004955712996e+01
2.359315439141300885e+01
2.552211728541836067e+01
2.859763129478884380e+01
2.261854855854078039e+01
2.256797661653088483e+01
2.881087240946627759e+01
3.029144531940863061e+01
2.449126925437089497e+01
2.842629219133063145e+01
2.113234241379357670e+01
2.576217961478548091e+01
2.448364356899037375e+01
2.597549951956360204e+01
2.702929921381019795e+01
2.579555687752112547e+01
2.790016796823405798e+01
1.947852698672186023e+01
2.907726859446405854e+01
2.947045213150398624e+01
3.054592436045357573e+01
2.288635268132022915e+01
2.165747649424468690e+01
2.251098398924922961e+01
2.848275701933675208e+01
3.109101128494135224e+01
2.657571752463439552e+01
2.326958533504543425e+01
2.667040470379306782e+01
2.168366329454638830e+01
3.049065221083833066e+01
2.570747665081671229e+01
3.173684594357045796e+01
2.310717850639195703e+01
3.089566271772908124e+01
2.854074878737156240e+01
2.568114886018965137e+01
2.597507706925038917e+01
3.522444532770957437e+01
2.688369989755785738e+01
2.266002335083378583e+01
2.428775539458042232e+01
2.282901755910013364e+01
2.039441892746114959e+01
2.649315327372249484e+01
2.921242219390290984e+01
2.358309570845454672e+01
2.181454171529292196e+01
1.977551758082786293e+01
3.123922829134295753e+01
2.856945612466875417e+01
2.099586125746025189e+01
2.704162623273609967e+01
2.891659419248850327e+01
3.045709774861133923e+01
2.429471173702460263e+01
2.992128674321585180e+01
2.804269164602736808e+01
2.684879968332128541e+01
3.048846984953090455e+01
2.711388412311990592e+01
2.757722954555313066e+01
2.488326071802586625e+01
2.860223607056521544e+01
2.788931196252039868e+01
3.055377511758365117e+01
2.701877925517928958e+01
2.901285572499796928e+01
2.457246946464396586e+01
3.337220572250070205e+01
2.140974714666238299e+01
2.598937425281729929e+01
2.893816113237715015e+01
2.525466721876822263e+01
2.728440244602422737e+01
2.683910971839721782e+01
2.288077607601270103e+01
2.613498427531327906e+01
2.482096769106556167e+01
3.007855562820579109e+01
2.863474181260761142e+01
2.731524560231902043e+01
2.660913701643823615e+01
2.838495354037700125e+01
2.264488015893531170e+01
2.348688505365080914e+01
2.999963199825856108e+01
2.240771214020634972e+01
2.710120492092262978e+01
2.895619867669485714e+01
2.833636893733034867e+01
2.073391396689503097e+01
2.349678395651426044e+01
3.047521710012218676e+01
2.657457903916030517e+01
2.481594866956516654e+01
2.502719537426929719e+01
2.820700137565905763e+01
2.325062567814372372e+01
2.181534122971847367e+01
2.150371793210238280e+01
3.190088195238176283e+01
1.804386102334179043e+01
2.136573337592390942e+01
1.688137758783500431e+01
2.706638927644628723e+01
1.726983697822253916e+01
2.742520483026672551e+01
2.825261231464664391e+01
2.297026387618856447e+01
2.746163986042530780e+01
2.738736298446035633e+01
2.474961870938542319e+01
2.879409427885854811e+01
2.321972211465762470e+01
4.190012696215493548e+01
2.778786979208100760e+01
2.423887818484249479e+01
2.079150080831065850e+01
2.867093763248969651e+01
2.870521637331796683e+01
3.022752320190610575e+01
2.988167608944591791e+01
2.581262417747886317e+01
2.206522612459231070e+01
2.851307152755762075e+01
2.907674862386131309e+01
2.362038342782718914e+01
3.729686714221041655e+01
2.551508476120410407e+01
2.128352038560658599e+01
3.014900394912922010e+01
2.200937488521322294e+01
2.941517143480085394e+01
1.892431117114823635e+01
2.905459731693553493e+01
2.490617990716420138e+01
2.678594348535309777e+01
3.322963906422962310e+01
1.947842058456829761e+01
2.619366383503372475e+01
3.165181852114273298e+01
2.775567358925957961e+01
2.954824454016131696e+01
3.089492272198683054e+01
2.211989348120588872e+01
2.266865853722816126e+01
2.015014973461049763e+01
2.182381874997087223e+01
2.876152076984610773e+01
3.147638045056890022e+01
1.974629500776854130e+01
3.113658237974099308e+01
2.521641886670334998e+01
2.313702614306330574e+01
2.308102107319859186e+01
2.294541424358471815e+01
3.305312628139613906e+01
2.814602903636804498e+01
2.751667597027632794e+01
2.711432429903124941e+01
2.354888924074382928e+01
2.695676554190014329e+01
2.375533701999388470e+01
2.857272866188567662e+01
2.868922080866324009e+01
2.723554899389952055e+01
2.132737760208692279e+01
3.048726836717811750e+01
3.095239979386067475e+01
3.196363546081943241e+01
2.731159598035256408e+01
2.700976999009689195e+01
2.780876627861291084e+01
2.639895304481331451e+01
2.573270210614501607e+01
2.330625821739891279e+01
2.166664179667483126e+01
2.726561225020941492e+01
3.200311725533524765e+01
2.275828946178609513e+01
1.959531485991771760e+01
3.844048172799405449e+01
1.610174176126423617e+01
2.789436637335615643e+01
2.672331993706715991e+01
1.786244182823502769e+01
2.688526817837027494e+01
3.010142647390282633e+01
2.447306684111103792e+01
2.635903611521695211e+01
3.557873393561985864e+01
1.792671496247408314e+01
3.011130489532214938e+01
2.386070655368127547e+01
2.875353231546830912e+01
3.248839426444808964e+01
3.231937421592894566e+01
2.159871860852192782e+01
3.063902403404860664e+01
2.556347389451705610e+01
2.678235709642169482e+01
2.704488460340014910e+01
2.341106204766489896e+01
2.790297612215545442e+01
2.515777946987894964e+01
2.560372794298890042e+01
2.641293332572340447e+01
2.641418742897486993e+01
1.877245828906635339e+01
3.277438700887629608e+01
2.315491048437748489e+01
2.014405330025752860e+01
3.710069141718837926e+01
2.229248354879721816e+01
2.964808067605190089e+01
2.805886853587115937e+01
2.491111741265137880e+01
2.507400786626313760e+01
3.294661712401782694e+01
1.663184223943489215e+01
2.140643329975759812e+01
2.299555307510781432e+01
2.908906280916623288e+01
1.747790304080869461e+01
2.655242655917231787e+01
2.585314164933102887e+01
2.508770477815870947e+01
2.359214779536108253e+01
2.796689117815878589e+01
1.996894994464823370e+01
3.877902944734280055e+01
2.545644940691466829e+01
2.357951480811602352e+01
3.164148459873601027e+01
1.657714656123233610e+01
2.466771139722369099e+01
2.738576551546083948e+01
2.661465941584280870e+01
2.332005138109118647e+01
1.916036798489583859e+01
2.827856458888517466e+01
1.961413633419234870e+01
2.252786592449327685e+01
1.781631230572090629e+01
1.984427834999407381e+01
2.571546627269803054e+01
2.958149948612441094e+01
2.623943724901941721e+01
3.470424880914919896e+01
2.410725110530531268e+01
2.773304052063912906e+01
1.939069835792030005e+01
1.679650356872926409e+01
2.762716222991465642e+01
2.383527376093450911e+01
2.877696887252092139e+01
2.537356335225135240e+01
2.071086874358331542e+01
2.692387233578403993e+01
2.559460080622231715e+01
2.489710550463989946e+01
3.522552817156820737e+01
3.254573107015515632e+01
2.802606943689628594e+01
3.290483192908595811e+01
3.587917411418566616e+01
2.192091026976115842e+01
2.271926905231328320e+01
2.990334388592241055e+01
2.825491817280797591e+01
2.805762694455502171e+01
2.987885677141479945e+01
2.710522907646265622e+01
2.437493878189880192e+01
2.733969723885924097e+01
2.637696876214949882e+01
2.761629501821184363e+01
2.927248193679040611e+01
2.058167168021452298e+01
2.079547562375284642e+01
2.156059116514960294e+01
2.926159970545628042e+01
2.653389576261658078e+01
2.587745593421899670e+01
1.669968738207424508e+01
3.015438974486945867e+01
2.682328360426639335e+01
1.672408661597704338e+01
2.974466954812024611e+01
2.392553386035853791e+01
2.234525156998434170e+01
2.547342247048942099e+01
2.661567751627669765e+01
2.289128886366059845e+01
2.564005149201829781e+01
2.159509200681530317e+01
2.915117719391844631e+01
2.122567087777591510e+01
2.434081304599099127e+01
2.739473043054160328e+01
2.937494595462840152e+01
2.386078077924884511e+01
2.778488868661839462e+01
2.464433228349027516e+01
2.815921913386166153e+01
2.778899603550977204e+01
2.776828397210031341e+01
2.870436659484806796e+01
2.706234713365333278e+01
1.785950924211865143e+01
2.439337428104747474e+01
3.433574117502399048e+01
2.234145737170922885e+01
2.097964053733585743e+01
2.632264360729450203e+01
2.941756259110441363e+01
1.715361076045875777e+01
2.245061766146325866e+01
2.079703159034043480e+01
2.190921970482098757e+01
3.201534434178373800e+01
2.492743883745195177e+01
2.476796823081010146e+01
1.675085318751103358e+01
2.654256575223994119e+01
3.518055284454269582e+01
2.746934320294138132e+01
3.030796070024483058e+01
2.983046959526110342e+01
2.743632894361874008e+01
1.880758427412095912e+01
2.267878076796269937e+01
3.088074793364598847e+01
3.096803891930905195e+01
2.308607451004473532e+01
2.635703691866102361e+01
2.508076638820255155e+01
1.785925312864385717e+01
2.892734527968206137e+01
2.323651452592783428e+01
3.301547229935889760e+01
2.138904952978489504e+01
2.558745559266131053e+01
2.293669894773109519e+01
2.562806706070148977e+01
2.367453185472265176e+01
3.035556858068037656e+01
2.717930357997352431e+01
2.842861028135281742e+01
2.546923100575767407e+01
1.897499544995583776e+01
2.399860046927494395e+01
3.007793963691963768e+01
2.360895094383965898e+01
2.821665396943058113e+01
2.495640795815526403e+01
1.795150722571463220e+01
2.722950085459893899e+01
2.293283912254245394e+01
2.098739465061325049e+01
2.990398881048581003e+01
3.437966277262773218e+01
2.125186027581542092e+01
2.422595457786773920e+01
1.891770506347462089e+01
1.509480849961743765e+01
2.756919779970009543e+01
2.403318537127162102e+01
2.816372311602581746e+01
2.676819051148081030e+01
2.305435062570683513e+01
2.820231769943978861e+01
2.304768094530414757e+01
2.487055018837779485e+01
2.777206152528211547e+01
2.894135930114882527e+01
3.530268761357947227e+01
2.795612109934512191e+01
1.880433125799149963e+01
2.431063702562735429e+01
2.157198581568943752e+01
2.517636944565049006e+01
2.931024119384003512e+01
3.909994516795081410e+01
2.326435823733955033e+01
2.234988384075922596e+01
2.426669885848674824e+01
2.889900912553241952e+01
2.471607063882815325e+01
2.468256879326748532e+01
3.314306697817203684e+01
2.258152830224893748e+01
2.941868743622335103e+01
1.947593777802827830e+01
2.877888264948993324e+01
2.851024119126008571e+01
1.870267450954332489e+01
2.791710193102175452e+01
2.529292058370651830e+01
2.454448938519969659e+01
2.260323887431260204e+01
2.163176160636204770e+01
2.811619186071422405e+01
2.445041199330568560e+01
2.213080091565379348e+01
3.217269922514380909e+01
2.282365967208581736e+01
2.332340949496003191e+01
3.094182403912746082e+01
2.786977145934190858e+01
2.828898446053990767e+01
2.463090950047353545e+01
2.965884504602639637e+01
2.014084738382388196e+01
2.779541679978048663e+01
2.856034607245977242e+01
2.444435852116877328e+01
2.529603174132684984e+01
2.437081054930496649e+01
3.172261448199599343e+01
3.076639938955366915e+01
3.113659292331623263e+01
1.537717648819036853e+01
2.720257886460941066e+01
2.870057077884840879e+01
2.723678052498407354e+01
3.081329781574086724e+01
2.400975753910148924e+01
2.116568232865759924e+01
2.192365442002245146e+01
3.420117539552786923e+01
2.108401209018518685e+01
2.472608971620204343e+01
1.798455928752917998e+01
2.380618737134734175e+01
2.552490084036455897e+01
3.852390463103746043e+01
2.410598735295363682e+01
2.356413704172672396e+01
3.218126161597838575e+01
1.979546165374508249e+01
2.358792555499987742e+01
2.800333625904404400e+01
3.173676172995081046e+01
2.829721785781502419e+01
2.191102410051593452e+01
1.388541444684519988e+01
2.847381140204808503e+01
2.762132796749781249e+01
2.048812780920976806e+01
1.675128745028872146e+01
3.632399623934263388e+01
2.337164296969996258e+01
2.417599314042288938e+01
2.236604658376337085e+01
2.679045012762265543e+01
2.331808888182268902e+01
2.799259587035070496e+01
2.831771585322914220e+01
2.868031054318505468e+01
2.387056364791907725e+01
2.378535148740136762e+01
2.869248097028323485e+01
2.684441889698344141e+01
2.271361661091460249e+01
2.071537802523166505e+01
2.633357709325817808e+01
2.317569640905025707e+01
2.621405865379137623e+01
1.859680586571943195e+01
2.511139128279454624e+01
2.717228153941392677e+01
2.145636584122653900e+01
2.419462310347763179e+01
2.197402055123851738e+01
2.722385852469398060e+01
2.432001669130118771e+01
2.870487303901450815e+01
2.571257570469089870e+01
2.189358901105435962e+01
1.636120811053807245e+01
2.370560201651120735e+01
1.939105610472999430e+01
2.329274169336927969e+01
2.547578299610671237e+01
2.617243426031667752e+01
3.055458682005030369e+01
2.745376054574661495e+01
2.846554726366997201e+01
2.534666887041043992e+01
2.660832776186322945e+01
2.604666285142443982e+01
2.735359561996813227e+01
2.938377347165303988e+01
1.565036870952438974e+01
2.353540549211555089e+01
2.938866456826575657e+01
2.695176617747092962e+01
1.687078220404163531e+01
1.967712196831417515e+01
2.227726944697440814e+01
2.508977140340045509e+01
2.630425699081870761e+01
3.082895599117707164e+01
2.219507631997499786e+01
2.671964401316077797e+01
2.508485479887598402e+01
2.670184120696799113e+01
2.655066678571765593e+01
2.166686282894446691e+01
2.950997919983381834e+01
2.451904098814887334e+01
1.862401679286075407e+01
2.527956840091019330e+01
2.402685227596720452e+01
2.452267333412423156e+01
2.556186103210984228e+01
1.749765840913131498e+01
2.644586613334373482e+01
1.481952243778381018e+01
2.828222767465507204e+01
2.630083489018042542e+01
2.523840689010853211e+01
2.204976635357656178e+01
2.127508531179842066e+01
2.486061608355001695e+01
2.572431350224661273e+01
2.418454293656175125e+01
2.410661585683082819e+01
2.552517537254788493e+01
2.281537910534663283e+01
3.371439507994691098e+01
2.493206151119946767e+01
2.248475896124720919e+01
2.868281373548226298e+01
2.694163594102010606e+01
3.535022313507905523e+01
2.140474698978467671e+01
2.262253870794994626e+01
2.542559920701876663e+01
1.827038141714893626e+01
1.967018664455173038e+01
2.698130675832299374e+01
2.344559021379509289e+01
2.505568741485051731e+01
2.627593489156232920e+01
2.204714217915846319e+01
3.829830993374701364e+01
2.838000952718806147e+01
2.021615293397285029e+01
3.181998139999844710e+01
2.610718106734107735e+01
2.871606900312504962e+01
1.831182167758726109e+01
2.273062714429447340e+01
2.953506677273107073e+01
2.278323959434243307e+01
1.925873907809496544e+01
1.618674388469153769e+01
8.968092631353044908e+00
2.926419155231856450e+01
2.494639887811780099e+01
2.782678529465481176e+01
2.770387752601678244e+01
2.281013995033465136e+01
2.765631778622725179e+01
2.857181855365566747e+01
2.376478192194996808e+01
2.643320425663522144e+01
2.779420763723599208e+01
3.195961293081889565e+01
3.422739126602940019e+01
2.798890733168666145e+01
2.600560080925814432e+01
3.006242193762559012e+01
2.155074416261480508e+01
2.198016073383895375e+01
2.930933403615320287e+01
2.013111503351770892e+01
2.599538712852215028e+01
2.234944003029684723e+01
3.303338027491320616e+01
2.572179175875332291e+01
2.954471125399092202e+01
1.698214750986943855e+01
2.758588370588412531e+01
2.701001413290661901e+01
2.554346311346914078e+01
2.827307038670695505e+01
2.696139199249815377e+01
2.482060419664894013e+01
2.494128318616349205e+01
1.925566489020935634e+01
2.726284460979874780e+01
2.633127871426669131e+01
2.780036602158321912e+01
2.805936511038410686e+01
2.375821501251184387e+01
2.714300752207390843e+01
2.760889913145453178e+01
2.690665736500293548e+01
1.595334385321883985e+01
1.813194554176839901e+01
2.921721546337155928e+01
3.161936994752522523e+01
2.588730740047941481e+01
2.727962796300491632e+01
1.689657335421933837e+01
2.905263722039470764e+01
2.813187518351041660e+01
1.468813238532343668e+01
2.984413736958493857e+01
2.100833243008243656e+01
2.636707521458067305e+01
2.803680411742703882e+01
2.652429194834092030e+01
2.320121659014937876e+01
2.241701600878331035e+01
2.360835370923032883e+01
3.460900373891456638e+01
3.867688658990279293e+01
2.829617365699062859e+01
2.921698067728990722e+01
2.973325540523718047e+01
2.126075958084351925e+01
2.688914233290239508e+01
2.710469396150532972e+01
2.612715584298696214e+01
2.294598409996078914e+01
2.267551023854423775e+01
2.506109646257787560e+01
3.115448297403290212e+01
2.915318180074786270e+01
2.556249411287445028e+01
2.724525992379616213e+01
2.651199207826368465e+01
2.873708002386850069e+01
2.186818345377940886e+01
2.249199257038309341e+01
1.902703706234476044e+01
3.081994427871568121e+01
2.561631010717326973e+01
2.006582980187419096e+01
2.692798416026354502e+01
2.686991412591750716e+01
2.944931352345070152e+01
2.396928619051447029e+01
2.181481983359664412e+01
2.731541617291726354e+01
2.779795271144210034e+01
2.143333783325510922e+01
2.588171742463221392e+01
2.257715495609560108e+01
2.744643316982221393e+01
2.748617010754291456e+01
2.370675688751316912e+01
2.953070477792138604e+01
2.299104236585996830e+01
2.704367057918453199e+01
2.633938682234600748e+01
2.302810446430246927e+01
2.615127178360753391e+01
2.195183506312936927e+01
2.529448323468170656e+01
3.574689963376811619e+01
2.401051592314192007e+01
3.038628309687944196e+01
2.047927437812546003e+01
2.406782025725010143e+01
2.562650417343582276e+01
3.022146361988476926e+01
2.421529592663803854e+01
2.904703733297881740e+01
2.752503959285412805e+01
2.514210004691887335e+01
2.516352119048436364e+01
2.538514294247232073e+01
2.295297502529228950e+01
2.880485897810414642e+01
3.083806926554793648e+01
1.636913675989898564e+01
1.982817647763878810e+01
2.134273748160159556e+01
2.416942413723973004e+01
2.172442880652585018e+01
2.524879015567410079e+01
2.705436648269428801e+01
2.916494910243583050e+01
2.318524353317480546e+01
2.422740144000993823e+01
2.108816647945386080e+01
2.670103939158497397e+01
2.260510439894320811e+01
2.781091695896970606e+01
2.632381399713381498e+01
2.357615249473662900e+01
2.813732877565045243e+01
2.425895777066620340e+01
2.898336254629400699e+01
2.636309341254896310e+01
3.609421099527905596e+01
2.731816592839362912e+01
2.807224844391196328e+01
2.919909220692491303e+01
3.208230892729849870e+01
2.933603814170949420e+01
2.701010753614495385e+01
2.894895120574743785e+01
3.065343807901617623e+01
2.547875765972834117e+01
2.407244823146240620e+01
2.920227313588912210e+01
2.803728578486243705e+01
1.750001386207680198e+01
2.337503657014396907e+01
3.663293119776795947e+01
2.049150690197622637e+01
2.890944036715912091e+01
2.727871440031049488e+01
2.168158670699242307e+01
2.654597675269193147e+01
3.843450552171463386e+01
3.038473705728777219e+01
2.440097578179718241e+01
2.665653620666713053e+01
2.653920005507344726e+01
2.861802367361882560e+01
3.119106455162616243e+01
2.759841303833306725e+01
3.167787520163165738e+01
2.188757338533342889e+01
2.618758873274438770e+01
2.259396022121862657e+01
2.337151023234673985e+01
2.746959839217757349e+01
3.046299740645584819e+01
2.361295227746520453e+01
1.396271919971979258e+01
2.268809421889983824e+01
2.390978803493008797e+01
2.206830704698313284e+01
2.208419417470308943e+01
2.789383295327141710e+01
2.882659252329949950e+01
3.081873673357979371e+01
2.625331951805216946e+01
2.269074876116017947e+01
3.181343761168130513e+01
1.656458267666409157e+01
2.471919542469374065e+01
2.644988039583906669e+01
2.629534698431879747e+01
2.708835205945423397e+01
2.469997372856103368e+01
2.383599792589114941e+01
2.358715944135054343e+01
2.796861808568444729e+01
2.331665388653666682e+01
2.124054614243560835e+01
2.858488180130908063e+01
2.411160200270954235e+01
2.423405120760598663e+01
2.389719271873554973e+01
3.013564283468506488e+01
2.711042982901092913e+01
2.739852509980905637e+01
2.162500849229381572e+01
3.070381768980566406e+01
2.590114805581915647e+01
2.885266348719596863e+01
2.553027674701824523e+01
2.672400091222041141e+01
2.965397904108543159e+01
1.718382994935672059e+01
2.919940149953382402e+01
2.567796075320837446e+01
3.080033439177848820e+01
2.360469621961766862e+01
2.293308797642009011e+01
2.229272457503929061e+01
2.470992376841548932e+01
2.838060205587387941e+01
2.546810720581235188e+01
2.606469669140795631e+01
2.730264327981577210e+01
3.015510181288788871e+01
1.885083828798674688e+01
2.868110447948855679e+01
2.874435618241103541e+01
1.717390773054396647e+01
2.932538443331671374e+01
2.751928459566728336e+01
2.552518392888733700e+01
2.554639149957125710e+01
2.222507464053249393e+01
3.046265334495664590e+01
2.259669882531213148e+01
2.724456849262075053e+01
2.916074628139486435e+01
1.970866744095521739e+01
2.876577637277611288e+01
2.948346434633294777e+01
2.516784155260611655e+01
2.786704751782112410e+01
2.862530178924312096e+01
1.946336509531909797e+01
2.171476680917231405e+01
2.743711450247123551e+01
2.048433641931249838e+01
2.498838039140890288e+01
2.917480020926515749e+01
2.738144053661688559e+01
1.218660406885009806e+01
2.815626516421981762e+01
2.698297359713233234e+01
2.838400116589668087e+01
2.969288440765065218e+01
1.993411307485297357e+01
2.963086031797123354e+01
2.901905696782091582e+01
2.341829421143136614e+01
2.829112625029077677e+01
2.509182619646151480e+01
1.622319127961580421e+01
2.425003730723805262e+01
2.623326229743330984e+01
2.814613337276673022e+01
2.405005326579184199e+01
2.554250091812660628e+01
2.536000522108885846e+01
2.732788487517758469e+01
2.840705256816362834e+01
2.508945336455952457e+01
2.558552369748083066e+01
2.049720722303675302e+01
2.036160316082737154e+01
1.697075961682662637e+01
2.891715031970750260e+01
2.813265330310236934e+01
2.054406194900474603e+01
2.158463445501645239e+01
2.075811150721316523e+01
2.408745400360648858e+01
2.188902028700938018e+01
2.583020457652213864e+01
2.170671556212685260e+01
1.969470995053587714e+01
1.947579646276550136e+01
2.693926751708099587e+01
3.387588744682304309e+01
2.527683652324466124e+01
1.884632565413895833e+01
2.122847400309860788e+01
1.953136292000700891e+01
1.647630689802593196e+01
2.380924513504163897e+01
2.447056787770943131e+01
2.152641842808827377e+01
2.739930216621572967e+01
2.559776328086066144e+01
3.128876958094020821e+01
1.656034246563959300e+01
2.333180500301841320e+01
2.286757284796277290e+01
2.032822192767069680e+01
2.770429731616199831e+01
3.085834118349216837e+01
2.191702838696137690e+01
2.804888625487242493e+01
3.400005967858874811e+01
2.844532832148337675e+01
1.848741485628083581e+01
2.859843274803444757e+01
2.796169812611751837e+01
2.672330683772296211e+01
2.800555257989664426e+01
2.744183164952110943e+01
2.786909322861325933e+01
1.965528618456340126e+01
2.769415830595694317e+01
2.426087974112192924e+01
3.404057756604009910e+01
2.584480550423814549e+01
2.239062073520093321e+01
1.567277252170691249e+01
2.073933297732506276e+01
2.619359633302388346e+01
2.820577689987419134e+01
2.130242812226076055e+01
2.679047908002000611e+01
2.751791080906398435e+01
2.715582557954732579e+01
2.630961567571799975e+01
2.858258414514089196e+01
2.861904050612917061e+01
2.737008886208700176e+01
2.644594794397938742e+01
2.798262189234336716e+01
2.725537751810421128e+01
2.645778810897163424e+01
2.321113450421501412e+01
3.053530908927450938e+01
2.689736542942309683e+01
2.922481985484818168e+01
3.516658865615944762e+01
2.554783759915968133e+01
2.863347984365325516e+01
2.679573813257831105e+01
2.999575698401036306e+01
2.821589028673155752e+01
1.890155278549383766e+01
2.491014063661426903e+01
2.241632551479094104e+01
2.505588313618270391e+01
2.190610491855703046e+01
1.976398100512828293e+01
2.759352292399285389e+01
2.699311515311561038e+01
2.310916804888508480e+01
2.168656792530942923e+01
2.510272496351839067e+01
2.478677456677764823e+01
2.287756365842551531e+01
1.857999899647202113e+01
2.654019063652449972e+01
2.432634576594475462e+01
3.018595077063885057e+01
2.754723451475892659e+01
2.508292517645119091e+01
2.351244695435906706e+01
2.523088276150203058e+01
2.575152002997917577e+01
2.155874902364050882e+01
2.828176696062481454e+01
2.552692880580062607e+01
2.375280540258792072e+01
3.122580270918503587e+01
2.936460917410176563e+01
2.946361198097076795e+01
2.685248200445905198e+01
2.716280098374050311e+01
2.546408173134594222e+01
3.696387391280133272e+01
2.797472561567839833e+01
2.698758072169474076e+01
2.726380000226568612e+01
2.592785152508588098e+01
3.060255034000995877e+01
2.832036095091027761e+01
2.701082465212957118e+01
2.396213075675682092e+01
3.026070020512135272e+01
2.791386589107483474e+01
2.383730070736899620e+01
1.951324145672786159e+01
2.756070655707133099e+01
2.787248168013157468e+01
2.879666132913349585e+01
2.525494880642410678e+01
2.620417575171404323e+01
3.134859663425105580e+01
2.420743359905658210e+01
2.339879269632819714e+01
2.714994941391471883e+01
3.068036335101364998e+01
3.037953068454130445e+01
2.755394489203456487e+01
2.722590141675689068e+01
2.878498164618691391e+01
2.904238434955410497e+01
2.982621525443068933e+01
2.603200080317191478e+01
1.936858475583829176e+01
3.221690571080125665e+01
1.295864915810223650e+01
2.683117405987820803e+01
2.199029411913061338e+01
2.635346090138191144e+01
2.278429871325445788e+01
2.171132378337836144e+01
2.761707681277976434e+01
3.130291631803511265e+01
2.542911848998723201e+01
2.820938008429348542e+01
3.034852823905675834e+01
2.702973365293692254e+01
2.152496537131921883e+01
1.783850444322622408e+01
2.423090490872281322e+01
3.163749738288397850e+01
3.201218352198350203e+01
2.933674834463426961e+01
3.181800551618179185e+01
2.342213999890651621e+01
2.325821015943657244e+01
1.934403247171395535e+01
2.560446322023278398e+01
2.462242843510091461e+01
3.013337332485067677e+01
2.262675811741540244e+01
2.859854507447481353e+01
3.540581133046356399e+01
2.198391123256846313e+01
2.259593744680146798e+01
2.785735890271067916e+01
2.479249513471456723e+01
2.706229174733519471e+01
3.586050837439219663e+01
2.368718261233937028e+01
2.680246290592256031e+01
2.660551926268018619e+01
2.507633886764747899e+01
2.690928119285987208e+01
2.882529489783206245e+01
1.924451421779600935e+01
2.705643303646291642e+01
3.036715982497447897e+01
2.415296774233790700e+01
2.975923885670181690e+01
2.216540173144385406e+01
2.967130833927101108e+01
2.025821556597545836e+01
2.639888683406456948e+01
3.195460163651019059e+01
2.990765369755707326e+01
2.474516603964032413e+01
2.316249777848320690e+01
2.341338682972272522e+01
2.469100133939222985e+01
2.508714594194168868e+01
1.691213599509663013e+01
2.791430827833101702e+01
2.441702937764195980e+01
2.799227720625711413e+01
2.262090032259122552e+01
2.379658194846755848e+01
2.555007769564578979e+01
2.947515455337509849e+01
2.716271816534881012e+01
1.966771379955197219e+01
2.044739950882314261e+01
2.929614414409859435e+01
2.482576109984419688e+01
2.040807358825346185e+01
2.782613118515811834e+01
2.872328760636390399e+01
2.668784558018966635e+01
2.130157020347382257e+01
2.326782055492877532e+01
3.060961978502757219e+01
2.843386533534494731e+01
3.130026121466311650e+01
2.054901434554315998e+01
2.503589185059267308e+01
2.828536986582206936e+01
3.644693327933648419e+01
2.465258282328238693e+01
2.732443580696649477e+01
1.933636610143028989e+01
2.300848442110100578e+01
1.666439505358232864e+01
3.158879740097329858e+01
2.750107192735050177e+01
2.888235087429407599e+01
3.304449981113042156e+01
2.683061896374981714e+01
3.034599341111000115e+01
2.302453658131673819e+01
2.107486989259934518e+01
2.802148048979828943e+01
3.026512241275003490e+01
2.736934705698701009e+01
2.932125682528704047e+01
2.612420906717985503e+01
2.428261177551628336e+01
2.305102254012928498e+01
2.827204214921234993e+01
2.998119742431119761e+01
2.584100997799372124e+01
2.141345766481786583e+01
2.329926634250622897e+01
2.700549410662241812e+01
1.898877795131066648e+01
2.254757261801116641e+01
2.731835065222773551e+01
2.321269827925845419e+01
2.379797422744617563e+01
2.439311167905957589e+01
1.623601770233793218e+01
2.776996485174673879e+01
2.578278733004700030e+01
2.800133036554056432e+01
2.547685835799082099e+01
2.913822219077975006e+01
2.415941308891073547e+01
2.462193530144327980e+01
2.515663870456445395e+01
2.562757960209871300e+01
2.444030101549471468e+01
2.744652902394762606e+01
2.414193842532110423e+01
2.453720291942009268e+01
2.855910911223497095e+01
2.927793046836555391e+01
2.781785819429804718e+01
2.757763349214712889e+01
2.695972974264439159e+01
3.077010757282729614e+01
3.113437687386475972e+01
2.307534729371560545e+01
3.632154215086470828e+01
2.410144092855673748e+01
2.007781000192588294e+01
2.906487485132750237e+01
2.618023582665261273e+01
1.826514955865691903e+01
2.715937484304110328e+01
3.064356932516145093e+01
2.990092445224007989e+01
2.847297013492951123e+01
2.588630806319605426e+01
2.050657465094231924e+01
2.473234921860711566e+01
3.039108096886210575e+01
2.838641497191160568e+01
2.497536213117333048e+01
2.384605436071310791e+01
2.737449686789419800e+01
1.444991959603276932e+01
2.357206143639554696e+01
3.656378843400081990e+01
2.919457702592189463e+01
2.069296390432478816e+01
2.758887228820965021e+01
2.879899605561737985e+01
2.871351067302632032e+01
2.657139011287000230e+01
2.219664137767176371e+01
2.871775150836461776e+01
2.811444228718263716e+01
2.835995016065892216e+01
2.519869620088983098e+01
2.805452655804063156e+01
2.991651055464471298e+01
3.046387979160822468e+01
2.985045644858799463e+01
3.213177256773013823e+01
2.325897883597833271e+01
2.861795001333565125e+01
2.256560016963908311e+01
3.029791140014475204e+01
2.425446275007737995e+01
2.762179246312356540e+01
2.491017758012330674e+01
2.980336448902523117e+01
2.407306884919920975e+01
3.058775758517063892e+01
2.555858490766078361e+01
2.716537581241563615e+01
2.398549040118650666e+01
2.324244783274625803e+01
3.229825198718017987e+01
3.459487699837323760e+01
2.049825528080445025e+01
2.304821254673785447e+01
3.655625678967721370e+01
3.709708640761155607e+01
2.912016849809496932e+01
2.854525593270992090e+01
2.745357558954738408e+01
2.538441109972031740e+01
2.727561771098596211e+01
2.426357167978884632e+01
2.427654135803041768e+01
2.458866869387524901e+01
1.995052849709338005e+01
3.203925911429607964e+01
2.589015316941735989e+01
2.645057451600121823e+01
2.739000059824453004e+01
3.105988603413361204e+01
2.866924222470736794e+01
1.724666642900383096e+01
2.559088528799181006e+01
2.016849896782683871e+01
2.661156191126574555e+01
2.496578374426357172e+01
1.820100653559306281e+01
2.875052551078264784e+01
2.340375883642858668e+01
3.607778320147735940e+01
2.496192871510285016e+01
2.870630876754972860e+01
2.344140641624503729e+01
2.557500149645689902e+01
2.599387303459690912e+01
2.012612966249341895e+01
1.855550474646461367e+01
2.124266426647492878e+01
2.817453565753058342e+01
2.674704947536534760e+01
2.243823976076618365e+01
2.117310331800136680e+01
2.590538510295710140e+01
2.584618689244550893e+01
2.742373684371444043e+01
3.060166249334877620e+01
2.073717012679544780e+01
2.750231720220865128e+01
2.992034820086396252e+01
2.717833476823822991e+01
2.646859355477264231e+01
3.302440352639992938e+01
2.247963382714878833e+01
2.619415992592880471e+01
2.234507681470070395e+01
2.562151570702352643e+01
1.792136282949867621e+01
2.629526117666386043e+01
2.871681784491727996e+01
2.775671296560092927e+01
2.227405941337928397e+01
1.971439625771239434e+01
2.063766376146174153e+01
2.756073081209035180e+01
2.419560827431243411e+01
2.112091664840715310e+01
2.985913018603744007e+01
2.644890158283303805e+01
2.632991615530609764e+01
2.624722652161868908e+01
2.392536385292255474e+01
2.924979798720352520e+01
2.755270881987962994e+01
2.409222739698863336e+01
2.406016485723140974e+01
2.754356027098939208e+01
2.741068643603352228e+01
2.768525883708313629e+01
2.433019456400586478e+01
2.313362354872607796e+01
2.415880698481551647e+01
2.664667626743269579e+01
2.387837650014622426e+01
2.116041642487651231e+01
3.154388738704426487e+01
3.892907193519196341e+01
2.913893532004579612e+01
2.804375126416033126e+01
2.454687266766649500e+01
2.632350547187434842e+01
2.350577172566347173e+01
2.000436925477046302e+01
2.137921352088838844e+01
2.245385675889180277e+01
1.838539328729466149e+01
2.407291650919929182e+01
2.366826119260712247e+01
2.824636319409919949e+01
2.960834497301885548e+01
1.765906306830319394e+01
3.085417295436058538e+01
2.800078394158993689e+01
2.243554223624571975e+01
2.959972146162689555e+01
2.569460478362434941e+01
2.362377394246260920e+01
2.407127540380564312e+01
1.988382760416341810e+01
3.103816942224884912e+01
2.404403975136531102e+01
3.001013363778430332e+01
2.699109769879382625e+01
1.707103064748654120e+01
3.320730103545635359e+01
2.868034117951645001e+01
2.803283829053398080e+01
3.294152717386344875e+01
2.556414509839517635e+01
1.880903942238474968e+01
2.650823802897448189e+01
2.605501600016247110e+01
2.515255431716877865e+01
2.604806392229083656e+01
2.921514992856874571e+01
2.823050056055004831e+01
2.448055235017882580e+01
2.577738851040574986e+01
2.844217235541711020e+01
3.123605162804216562e+01
2.686896538791662081e+01
2.336136908443382509e+01
2.647169101742854380e+01
2.804534489715775436e+01
2.908332562635261809e+01
2.581777744955069309e+01
2.470075229182876697e+01
1.971647985162872274e+01
2.393339756485259073e+01
2.955101662187507472e+01
2.440202605456981289e+01
1.860103445442834769e+01
2.121756408008674200e+01
2.292647045329459132e+01
2.638932339633830892e+01
2.063494680905201406e+01
1.911010186934974087e+01
2.593934129518751419e+01
2.692420480166724772e+01
2.782993662621107234e+01
2.540825199925287947e+01
2.843266729259564940e+01
2.838767786207634458e+01
2.813422924779405321e+01
2.726863894445953918e+01
2.596904303011733006e+01
2.671992155992099072e+01
3.138026938935031396e+01
2.818720508830668336e+01
2.624301056342549998e+01
2.109056606695036606e+01
1.829066072027794476e+01
2.352604433365709369e+01
2.998505393339462444e+01
3.016603083899765281e+01
1.488589723895091765e+01
2.725262071355746585e+01
2.917157767577604943e+01
2.718298684074433069e+01
2.012631935819481299e+01
2.893201828878609660e+01
2.830369424426218217e+01
2.789532905193803103e+01
2.759236668732085462e+01
2.761151607504951144e+01
3.099263756724223740e+01
2.472955855947158810e+01
2.205482562248892009e+01
1.904685619604004643e+01
2.494495291813741744e+01
1.946956751138904806e+01
2.634844687751250447e+01
1.962492403832122534e+01
2.089371765188329633e+01
2.475039040051301598e+01
1.745140901007334122e+01
2.812063974539975320e+01
2.205629006638886125e+01
4.061944996334216995e+01
3.047778493822580614e+01
3.027480781522139708e+01
2.692270258416270323e+01
2.328218685148513245e+01
3.080315279490006475e+01
3.905888560050689762e+01
2.470131816633857014e+01
2.939368567244448016e+01
2.410239696594783965e+01
2.657056237260500708e+01
2.425506405564102863e+01
2.873092400357954190e+01
2.854123861948684748e+01
2.802076403768804980e+01
2.369569609406078214e+01
2.016371210786041956e+01
2.578587311273789950e+01
2.304953895397025931e+01
1.974526969537530974e+01
2.923113848915015822e+01
2.453119546000939977e+01
2.422528985094423248e+01
2.993624780338482338e+01
2.824293403867984154e+01
2.066873696206783961e+01
2.495771717271431456e+01
2.087795191975829212e+01
2.182815416087948179e+01
2.561122927144773342e+01
2.424391485553215020e+01
2.774817480682039061e+01
2.491645840224963138e+01
2.164381756283531288e+01
1.714321063530899281e+01
2.959903148540927020e+01
2.789217710478900258e+01
2.740290609516254960e+01
2.373511707471280019e+01
2.395324809984727210e+01
2.415338491727047199e+01
2.893697196421342710e+01
2.438156455581468762e+01
1.701209740347415789e+01
2.525707171655724181e+01
2.637096612818754338e+01
2.649534689865060955e+01
2.476951046294123415e+01
2.285864045625866225e+01
2.859513030249555854e+01
2.911534704337276125e+01
2.482649801149763036e+01
2.339783013304217718e+01
2.108040476121632167e+01
1.965787817077739774e+01
1.838462667863885613e+01
2.592977327934288212e+01
2.739073903721408243e+01
2.554775253568652715e+01
2.901530289789452155e+01
2.212481279465088591e+01
3.043048049425027202e+01
2.475423139845780085e+01
2.473814882783487334e+01
1.568154855834768924e+01
2.837430715896222821e+01
2.649252175665137798e+01
2.203007040330857791e+01
1.904972383399607594e+01
2.725042411183068580e+01
2.329979921701681889e+01
2.754485428378586676e+01
2.905561360142769445e+01
2.643926079248306493e+01
3.087584112789502200e+01
2.772216514585697311e+01
1.807264617857712352e+01
3.179920222624765458e+01
2.939101636860117495e+01
2.340470178301470838e+01
2.269011119282273015e+01
3.008996693777887899e+01
2.875844401493109714e+01
2.874061133880855579e+01
2.451225954556491260e+01
2.372680903577914080e+01
2.985836343879890009e+01
2.617164439047881430e+01
2.569284460058223374e+01
2.947846708202710175e+01
2.480676624056684787e+01
1.815762350883873921e+01
2.549338921768949717e+01
2.128665409757025273e+01
2.748164133391793840e+01
1.988389743112101371e+01
2.457252468934582623e+01
1.711045260289416703e+01
2.381036480126565635e+01
2.701213623185564927e+01
2.987526373826142390e+01
2.920393127093304031e+01
3.103124960778605868e+01
2.525898144831179692e+01
3.013072023111911335e+01
1.854352158139927198e+01
2.482470170430617884e+01
2.532166662336540242e+01
2.281101177352489984e+01
2.735799497247922574e+01
2.129720221228725308e+01
2.463796202414440373e+01
2.703563103694083125e+01
2.333732424924249571e+01
2.777805598938699916e+01
2.795378770725955420e+01
2.740025021777366021e+01
2.687680059614772077e+01
3.786805131728618790e+01
1.813938991292224756e+01
2.521044452039107497e+01
2.113000622003635698e+01
2.845040224463489764e+01
2.923019982597055133e+01
2.936456213055318543e+01
2.176976261384273315e+01
1.922770005579006281e+01
2.558330041114384201e+01
2.353382865390559076e+01
2.644041599796609887e+01
3.153158799525272471e+01
2.615390390195254255e+01
2.832519860007259993e+01
2.502453219198515200e+01
2.693306391737391792e+01
2.806512016982230406e+01
2.559975536009802610e+01
2.635279412996960957e+01
2.169898456904646977e+01
2.216983025015169417e+01
1.976085947886003424e+01
2.407080955797284361e+01
2.901369665844319456e+01
3.325788600282176333e+01
2.319652161051337913e+01
1.814956092493797968e+01
2.507198727392580295e+01
2.285471213971785076e+01
3.234328022900849930e+01
2.843787455562055300e+01
2.847415094266403557e+01
2.380988160905056716e+01
2.623281408200646325e+01
3.007707117640539352e+01
2.511275599735213859e+01
2.258733781566857246e+01
2.859560122588226960e+01
3.213674129609322705e+01
2.297702692789916412e+01
1.874881679434837878e+01
2.327975746119233236e+01
2.901951792842448441e+01
2.467349930218320253e+01
2.503070779993171868e+01
3.175900013260047672e+01
2.284052503771252063e+01
2.360552521589005082e+01
3.115051942366887872e+01
2.577898426161836198e+01
2.895820967395110657e+01
2.517814115516626217e+01
3.686774485295314463e+01
2.537630690393274691e+01
2.556935738287445048e+01
2.211761952076021132e+01
2.138340642890020149e+01
3.240673705823409989e+01
1.798427383914770061e+01
2.609007704775981296e+01
2.176132008956126995e+01
2.663583778752030184e+01
2.767646393314315389e+01
2.947534419869658961e+01
2.150692819692406843e+01
2.198778112647127969e+01
2.382423224571299869e+01
1.914697501441576222e+01
2.559736449929318169e+01
2.676620540058914344e+01
2.084766822196755598e+01
3.083942582583663494e+01
2.763018107362682585e+01
3.014780934922920963e+01
1.959357631731085903e+01
3.028212327870539156e+01
3.128578704857554271e+01
1.834003103396060297e+01
2.514961165213289362e+01
2.267982499860730172e+01
4.018162678664523924e+01
2.207625869760299508e+01
2.806547656747708075e+01
2.958588202466832584e+01
2.171001327633917199e+01
2.525998303247089538e+01
3.243509188087860196e+01
2.243105396369371718e+01
2.011975654645530653e+01
2.729974424069744998e+01
2.383883403032251991e+01
2.202858339958708811e+01
2.890793182219740487e+01
1.804929133859237567e+01
2.945183248981700785e+01
2.922248979824127346e+01
2.490956626611180980e+01
2.734119710107125911e+01
2.989734721069026335e+01
2.510412821242816150e+01
2.242363763408119937e+01
2.748992991073392034e+01
2.728620785658974057e+01
2.643855478991829244e+01
2.786464069275954358e+01
1.854075574881733246e+01
3.006132236901599697e+01
2.427703721541883297e+01
2.795702514658631088e+01
2.224000212670874888e+01
2.205985415326987464e+01
2.946989098284552000e+01
1.953490056804936259e+01
2.564794494944437275e+01
3.030483114709555181e+01
2.784957203595372732e+01
2.669796149122833029e+01
2.314396922842468385e+01
2.817899690305117133e+01
3.555708992746797037e+01
2.457579406466421190e+01
2.952668173808326202e+01
2.866122303505052926e+01
2.390237026478853366e+01
2.773065422988734241e+01
2.239383696713069938e+01
2.750840157122895135e+01
2.673154480862181259e+01
3.253424730398903364e+01
2.733064557758435242e+01
2.868305899301628159e+01
2.316290562216824611e+01
2.838975733096855336e+01
2.214709400139948059e+01
2.648190831318415661e+01
2.428395526692180439e+01
2.293831079044822729e+01
2.917201624847803387e+01
2.563769935724055316e+01
2.288218839482517808e+01
2.351417588604034137e+01
1.790281544431279670e+01
2.545045688135264683e+01
2.690983422252998025e+01
2.805093974968900383e+01
2.773700874837914299e+01
3.690827164034543273e+01
2.386888861597174483e+01
2.763190855956015568e+01
2.866327363731014799e+01
2.343284563823501543e+01
3.151698378562712577e+01
2.331327244803921772e+01
2.781163152303024688e+01
2.196071736323665391e+01
2.242891865201217527e+01
3.182456669200955801e+01
2.574537360219314408e+01
2.598048304754122029e+01
2.708620353770775679e+01
2.570966069990902625e+01
1.306136945075113154e+01
2.900131919435506234e+01
1.872191366374474697e+01
2.666857572332216719e+01
2.135991126012475405e+01
3.333458550155597777e+01
2.667694099083973569e+01
2.911822487405388671e+01
2.503107839138737489e+01
2.697866631651332270e+01
2.239450361949466028e+01
1.682914542088998289e+01
2.932324836960266978e+01
2.695336001962706618e+01
2.908313950948422288e+01
3.027048488323575626e+01
2.813408252722037517e+01
2.858397734445063421e+01
1.807249604763299544e+01
1.605402036428642276e+01
2.644456217263994091e+01
2.841825021306673804e+01
2.808142531429878375e+01
3.235708868302683072e+01
2.452988941236214160e+01
2.875149756593100392e+01
2.070227825123615872e+01
2.488424624603847946e+01
3.150776732646592748e+01
2.034387615429471552e+01
2.532018272848603146e+01
1.880557315951526931e+01
2.354689527912573510e+01
2.641801201643282226e+01
2.326044019701147292e+01
2.638587806320855833e+01
3.927618257202605179e+01
3.013660835312812125e+01
2.366331595533823418e+01
2.519612374709527458e+01
2.756237972712907691e+01
2.995067519315815829e+01
2.228532127480898595e+01
2.827521833107404348e+01
2.944690108846778642e+01
3.056589229333840763e+01
2.834933056879286895e+01
2.701744979590472440e+01
2.809943813066480800e+01
2.522340179973095076e+01
2.605354924064980082e+01
2.887658133528473314e+01
2.466298278128103050e+01
2.890752124290714775e+01
2.765572431363133177e+01
3.447022823944236336e+01
1.847902398896474807e+01
2.020693753109370405e+01
2.611786577960636180e+01
2.684155587814893451e+01
3.058055741001706451e+01
2.747645950534663584e+01
3.280398309167021154e+01
2.633868956823374674e+01
2.505913162536055339e+01
2.311527449955748637e+01
3.284183842150291355e+01
2.523146463185027244e+01
2.929031915879986414e+01
2.641636016003393195e+01
2.036738020036802155e+01
2.524446099927716602e+01
2.823405925870382660e+01
2.636616833105493996e+01
4.064479595855517857e+01
2.036482062415428729e+01
2.272570789191458118e+01
3.089178079039421831e+01
2.579409530894769986e+01
2.873485218679228836e+01
2.383636786222624693e+01
2.268643240555368124e+01
2.088426638620592968e+01
2.557475827143292335e+01
3.706350408991178114e+01
2.186351585746443504e+01
2.486936753722700644e+01
2.941147072933497242e+01
2.796861808568444729e+01
2.693782055732643244e+01
2.063103192411895748e+01
2.120720856826547873e+01
2.807709572614222893e+01
3.003861771724989183e+01
3.192372300183967226e+01
2.478877752334705065e+01
2.340009880848009161e+01
2.702859389578083693e+01
2.537720521755463565e+01
2.788340265759647707e+01
2.145215068636077405e+01
2.948236649810927901e+01
2.225247166885269934e+01
2.047406916921944031e+01
2.548064209903069965e+01
3.119525261003203909e+01
3.045863291172042153e+01
2.862953832748830507e+01
2.020372019061232649e+01
3.019542560415311172e+01
2.289464587411030294e+01
3.044908720166078098e+01
2.129367673277842954e+01
2.478367215818208891e+01
2.919912665526513251e+01
2.410707287278899358e+01
2.477259733036334666e+01
2.590486616397848252e+01
2.438023127397426038e+01
2.478869812202007594e+01
1.518032191680817533e+01
2.859730647064254327e+01
3.862149039519191973e+01
2.710558411108516452e+01
1.549186908348415770e+01
2.880500291941082125e+01
2.100913823447903184e+01
2.701251080763651302e+01
1.957163339064638308e+01
2.150282900040895129e+01
2.847855853642782265e+01
2.462241358153879034e+01
2.422279410121893761e+01
3.089990924872962452e+01
3.842401689209334137e+01
2.613181908958756239e+01
2.789799821665315704e+01
2.597046910919765494e+01
2.854299298189010514e+01
3.042160463356080058e+01
2.104809141487213964e+01
2.857666490715865493e+01
1.999092245808910562e+01
2.843783749782904380e+01
2.374223936318826489e+01
1.867869223203166840e+01
2.375369935882951111e+01
3.054084631658778193e+01
2.801006984387901966e+01
1.385493693839420004e+01
1.755184982203044797e+01
1.913395075297484382e+01
2.928274619267253698e+01
2.204970872825724371e+01
2.080267788980803445e+01
2.876141284812580423e+01
2.391791012992869980e+01
2.714836712801071528e+01
2.402384868882360180e+01
2.855116981193117809e+01
3.613516854897405040e+01
1.654843101236555469e+01
2.707244222654630050e+01
3.081823897016609948e+01
1.039049757493532944e+01
3.026269420077710492e+01
2.783634006172338005e+01
2.246208556952721125e+01
2.421488711048047549e+01
1.956748263158015178e+01
3.140668732554081188e+01
1.784834205437534038e+01
2.233807809239733899e+01
1.837505706348935774e+01
2.361676041621698730e+01
2.673380522806831294e+01
1.281873189189014539e+01
2.892318003802540716e+01
2.122229185505787896e+01
3.537348165852402104e+01
2.479793807818884943e+01
2.899043874351820094e+01
2.384277771745804486e+01
3.096568756846442483e+01
3.467576601545159320e+01
2.575173637132630944e+01
1.884222263838126921e+01
1.615797399643576426e+01
2.624658017632591367e+01
2.650984537986853695e+01
2.847752080741065939e+01
2.257551238575343078e+01
2.743143231797926518e+01
3.325407473552058946e+01
2.767158419154014481e+01
2.669405757022662229e+01
2.480414609470204468e+01
2.787135833862161860e+01
2.645230412647144647e+01
2.972568536698311448e+01
2.357559294653053428e+01
3.561002537002801205e+01
2.733525259862102175e+01
2.620634803284119485e+01
2.619030624576802069e+01
2.459093707112005234e+01
2.598824832914876737e+01
2.890423418113393339e+01
2.074060259094618885e+01
3.059107622781721858e+01
2.796366177725963453e+01
2.517805615291915800e+01
2.887164925707198293e+01
2.327336098523911900e+01
2.329945209672754203e+01
3.995135568877687149e+01
2.514964358522446375e+01
2.662684558327048379e+01
2.464035485126767355e+01
2.819950931343344180e+01
1.970286688201724701e+01
1.715837284294899945e+01
2.658835814553018295e+01
2.007789495653516809e+01
2.022720887551833258e+01
2.661483643067241900e+01
2.835150786208109608e+01
3.902466977262260883e+01
2.772248793890302565e+01
2.681987371152848709e+01
2.514646663883588573e+01
2.848602000744727292e+01
2.712768857366610220e+01
2.214950647035447773e+01
3.302703138610961275e+01
2.568201281145365655e+01
2.520894740058584205e+01
3.315537679773030533e+01
2.159367982982838186e+01
2.399597264751933423e+01
2.864104077018479089e+01
2.412086110615959100e+01
2.590059236257132724e+01
2.841292772254701759e+01
1.582839335263496672e+01
2.213968032888202941e+01
2.017208639207226284e+01
2.552084392458215234e+01
2.384983006453249388e+01
2.520858933255545864e+01
2.702506210954740951e+01
1.810404117890197995e+01
2.379711390164556661e+01
2.535624529108224934e+01
2.890731456420078160e+01
2.255392862799907050e+01
2.349845730299257696e+01
2.319224425991757599e+01
2.057782903980381306e+01
2.670379936300774659e+01
3.704123934680180952e+01
2.999378352506075629e+01
2.588424542101279258e+01
2.861887801804057574e+01
2.759660144552181649e+01
2.957904061977893662e+01
2.610384916511103270e+01
1.911958952144821211e+01
2.466504795984788245e+01
2.781884766412456145e+01
2.711350022519704339e+01
2.477108776825989978e+01
2.830582235117044121e+01
2.891243886074336444e+01
2.985900428653931726e+01
3.684117085491493526e+01
3.203321751638023329e+01
2.781700780993700661e+01
1.880763922029822410e+01
1.628496871829473847e+01
2.888972754764704831e+01
2.412632216245058103e+01
2.793704381791075875e+01
2.989998986464057396e+01
2.770069602368199568e+01
2.683464025630272687e+01
2.699148816497984882e+01
2.585709330477122236e+01
2.651403183645100015e+01
2.565350002324906598e+01
2.807219853119166331e+01
2.777597326797024735e+01
2.927490520670731300e+01
2.737372766011165837e+01
2.367190794608440285e+01
2.824799780873539845e+01
2.939495160792729678e+01
2.437707541851249005e+01
2.699250424170520191e+01
2.064448048811171432e+01
2.387731443900670314e+01
2.876106329122916705e+01
3.117071421099717554e+01
3.132707055807649965e+01
2.578688580430809552e+01
2.563095753007393540e+01
3.001074253179595530e+01
2.486359403842222093e+01
2.798416403503772898e+01
2.477739944753020751e+01
2.159410161227926750e+01
2.610361210807393562e+01
2.640986159331191274e+01
2.747517695521066017e+01
2.778814413355808099e+01
2.921896848556446713e+01
3.018294042739013250e+01
2.926879135271956756e+01
2.908809341951207728e+01
3.314304352534485787e+01
3.304331039559758665e+01
2.922534359817636584e+01
2.193174708570906262e+01
2.293552224951000795e+01
2.469653744037502463e+01
2.756063977508905438e+01
3.089952090398968920e+01
2.674164920518345667e+01
2.811909083252621144e+01
3.055615762514237943e+01
2.400641738375027856e+01
3.287617868236010565e+01
2.959044668027455316e+01
2.866348096601950246e+01
2.811782633504494200e+01
1.806219421432475869e+01
2.401447474767248735e+01
2.910493846491153391e+01
2.861792348607955816e+01
2.828487766798239633e+01
2.841720922203204225e+01
2.127271523316725066e+01
3.136037048904022484e+01
2.825292991411567911e+01
2.716316129888507191e+01
2.463074402348532033e+01
2.957598400180048159e+01
2.546324568018518519e+01
2.443811255060967014e+01
2.521378787960371071e+01
2.108541590674887445e+01
1.597799252480170118e+01
2.848965555255693616e+01
2.516601465166014506e+01
2.206023447893180744e+01
2.804117249884251706e+01
2.346835357244640008e+01
1.912202651982176604e+01
3.002150474936261659e+01
2.082733766356817995e+01
2.955913970494630405e+01
2.994591893054971976e+01
2.564989476195453832e+01
3.992843433063212899e+01
2.456869030135585774e+01
2.877252129669284386e+01
2.383283164222748951e+01
2.177977463382162426e+01
1.961056353083395010e+01
3.073108564804095977e+01
1.884604723035472418e+01
3.386706904738363733e+01
2.828389264493420541e+01
2.769478467955972079e+01
2.815329599297932361e+01
2.637552844165432475e+01
2.118646079708378593e+01
2.647624039746234459e+01
2.468646965902892987e+01
2.587784801004039892e+01
1.736219169718227917e+01
2.697132513684407940e+01
2.781624391254442585e+01
2.625575885654437513e+01
3.301784502225990536e+01
3.068889562598299037e+01
2.110374812768845487e+01
2.809031798257113977e+01
2.648833335219698881e+01
2.996444005099269603e+01
2.112443945674684542e+01
1.991102043481240003e+01
2.418200284674508893e+01
2.331083717671903699e+01
2.809924901419668686e+01
2.457495429190901248e+01
2.993166007813733387e+01
3.035161493015069922e+01
1.717465919637420058e+01
3.326359166412821367e+01
2.738944359862729172e+01
2.261234337348963663e+01
2.021117199312831048e+01
2.838317222781617133e+01
3.236665914530264843e+01
2.366270010132040369e+01
2.366196358259623977e+01
2.668171702566320036e+01
2.549019760250783051e+01
2.706038531089665966e+01
2.566387790230193389e+01
2.460220332187537551e+01
2.428437882892512434e+01
3.004225706886930425e+01
3.181082666680888948e+01
1.955746734432905143e+01
3.181762392468566603e+01
2.893869087945009255e+01
3.981722508956103468e+01
3.867309371605314539e+01
2.488665209576921100e+01
3.311424254318668403e+01
2.870267963429095204e+01
2.331751724766461820e+01
2.399506070261204727e+01
3.004679693662413342e+01
2.575871729413525202e+01
2.893431272650911978e+01
2.393990509083407048e+01
2.639767831535038312e+01
2.421781015505801804e+01
3.039230496094863199e+01
2.243728916018423192e+01
2.887475627540933942e+01
2.633849777197680453e+01
2.700024724986651137e+01
2.853587578447631046e+01
2.736101658106243661e+01
2.514132597203170860e+01
2.651625547450546705e+01
2.495991090277168922e+01
3.072572104138831506e+01
1.992176279307592068e+01
2.778887523418188721e+01
2.528764787428390193e+01
2.600935406790505411e+01
2.406949961556531292e+01
2.824754473896357609e+01
2.795539626410298695e+01
2.966360154388511106e+01
2.946976150299134289e+01
1.902074114753432355e+01
2.540201710721160921e+01
2.386158609154200860e+01
2.935956435339941351e+01
2.306392362578795741e+01
2.618451055117172643e+01
2.834637728009787594e+01
2.134642298777576386e+01
2.564719045453994895e+01
2.262022204381941037e+01
1.884175759517844995e+01
2.496647040366661585e+01
2.532909287459397873e+01
2.668322267645549317e+01
2.431478896651259447e+01
2.038312791012647196e+01
3.247910478389231059e+01
2.270512247356501589e+01
2.909882857364610942e+01
2.342057730817701966e+01
2.686307428597939051e+01
2.508557928319942576e+01
2.734997693366474536e+01
2.101214853293634022e+01
2.543273769637526982e+01
2.633863171680544113e+01
2.801429101202425542e+01
3.259391515263200745e+01
2.776627264979040888e+01
2.706967341311515085e+01
2.771644667238339821e+01
2.643161233614022620e+01
2.993184281969823957e+01
2.914580745615176127e+01
3.601184211266447477e+01
2.894939492941379555e+01
2.025056385646427515e+01
2.623447594009038042e+01
2.749308302408397964e+01
2.992522282254184418e+01
2.676522654024037351e+01
2.813126583509307466e+01
3.020480102835053060e+01
2.836686108906408066e+01
2.660321574288197155e+01
2.353772920810028069e+01
2.803641911893442185e+01
2.821097280526056394e+01
2.858303912199012231e+01
2.626415304910100446e+01
1.816865544806648458e+01
3.116146951906978302e+01
3.041638268166893155e+01
2.064664786098503768e+01
3.198239787530512857e+01
1.725975213460426616e+01
2.909134535179255820e+01
2.669628501492496042e+01
2.887701163357562351e+01
2.753736642865624873e+01
3.065834590158101136e+01
2.940542030285293862e+01
3.030307531412547561e+01
2.729875444427038644e+01
1.881226111740598128e+01
2.011250803698085576e+01
3.572823246974910916e+01
2.735760952766710119e+01
2.828293773957831547e+01
2.046233715294468425e+01
2.590112192583496764e+01
2.793797406056473420e+01
2.842114433509097537e+01
2.930955343713389993e+01
2.902760634740980450e+01
2.900154870014713282e+01
1.991321565205901223e+01
2.724831439215357776e+01
2.728738757367968049e+01
1.607287279923077250e+01
2.528702429723818312e+01
2.370957361467064217e+01
2.788080452538297394e+01
2.915453179345594492e+01
3.217746583334874089e+01
2.429752493453378648e+01
2.857899476804605854e+01
2.906836567770386992e+01
3.169511848581422697e+01
1.579412829951055386e+01
2.522366140535299905e+01
2.802016856266756406e+01
2.868065905888112255e+01
1.759235786014657776e+01
2.573861119702811706e+01
2.549476171552938197e+01
2.712510925464325240e+01
2.820411757417101484e+01
2.540879121787286365e+01
2.205620712493405122e+01
2.250619928015865412e+01
3.749657648502260088e+01
2.345178015031913787e+01
1.897417822819087974e+01
1.761644531633987754e+01
3.013531137934469228e+01
4.089121330883315153e+01
2.992447358740009022e+01
2.401004558452332915e+01
2.711689573268864706e+01
2.896570268359788969e+01
2.091256489157259324e+01
2.610557988814466412e+01
1.841588644654002849e+01
2.124062689677132809e+01
2.769301109457209265e+01
2.674004430967708146e+01
2.406598286286439148e+01
2.804578877450323304e+01
2.607710449602177505e+01
2.767933215589413010e+01
2.571068042381988406e+01
2.805008952855670401e+01
2.821749791654661621e+01
2.572830544699906241e+01
2.900247900634601805e+01
2.734105766972418650e+01
3.050740125303221362e+01
2.389286241466455962e+01
2.639448162221243166e+01
2.797532108834128550e+01
2.588858662244796349e+01
3.123611896493659401e+01
2.776592830904532150e+01
2.276125726123454029e+01
2.182939926424685950e+01
2.504839337873558947e+01
3.196992678010817812e+01
2.457755433463349348e+01
2.558361768017638838e+01
1.610918599348066493e+01
2.227302480001475260e+01
3.268373802044961707e+01
3.108743723000761605e+01
2.875584802943559382e+01
2.373107005566498628e+01
2.163934605351888152e+01
1.878376231016260434e+01
2.427179486953755472e+01
2.074114219887707833e+01
2.722742108484305845e+01
2.709289011906439981e+01
2.380248676377101447e+01
2.679223927324361298e+01
3.067460266180378881e+01
3.010250066738925412e+01
2.712592152265956713e+01
2.949585155272247761e+01
2.611432710647320832e+01
2.046624085682667982e+01
2.841853333542449178e+01
2.850666984233192025e+01
2.614293268271381621e+01
2.795566450429744876e+01
2.620691691911724774e+01
2.703401419804422545e+01
2.475827682578023570e+01
2.209628407250751181e+01
2.785704878851561261e+01
3.098972025730631685e+01
1.747123909714591861e+01
2.613343456062940007e+01
2.237155919596187559e+01
2.526038509291080913e+01
2.935930179777068005e+01
2.581962519447461801e+01
2.970360922987478602e+01
2.631321207752036173e+01
2.439133423379044885e+01
2.325656520718574072e+01
2.664175455217207045e+01
2.622387999038670614e+01
2.841968990968923592e+01
2.396534269452631349e+01
2.449705893169678461e+01
3.104609433906485449e+01
2.970037590165307151e+01
2.294892406140831653e+01
2.483886257840199718e+01
2.292218265232473229e+01
3.238671469440137685e+01
2.366733852026462159e+01
2.761178401099144253e+01
2.400187923482256380e+01
2.279281164398609860e+01
2.136680717263320517e+01
2.614565613580615633e+01
2.679938017978633980e+01
2.250657343858181747e+01
2.911328103800084222e+01
2.310727792011104498e+01
2.676384218246808899e+01
2.682271200718313509e+01
2.778348264319024707e+01
2.703498468800883003e+01
2.150426667061361385e+01
2.699854296005026200e+01
2.269450162677350491e+01
2.992650626759396104e+01
2.029349415074444707e+01
2.124139472274723417e+01
2.821076640472410801e+01
2.494374081638768104e+01
2.558285804892411264e+01
2.733234731631704051e+01
2.630798300323706584e+01
3.030909205997141598e+01
3.435332580276317316e+01
2.663174534897313706e+01
2.269191922221628133e+01
2.166906261970751402e+01
3.271216783766830360e+01
2.763774499458686762e+01
2.557007276716500854e+01
2.601407439582454373e+01
2.282634508146299268e+01
2.420609651543650642e+01
2.913902122814758400e+01
2.583278200328976126e+01
2.236680599851886697e+01
1.848887719603666824e+01
3.060409228184042263e+01
2.266358934130498426e+01
3.146160313800902841e+01
3.050996361752905628e+01
1.962124101142964960e+01
2.664784437086549218e+01
2.893971151145699849e+01
3.067166999999982480e+01
2.538905638360669670e+01
2.967039747927675108e+01
2.531087507894545041e+01
3.081634954738728993e+01
2.409883165233122426e+01
3.243990383499359353e+01
2.567597758108311368e+01
2.851687311852845141e+01
3.047888017847056474e+01
1.581052137308507533e+01
2.030229421685261570e+01
2.777150402590148204e+01
2.605916340544064269e+01
2.801184682431656370e+01
2.713865576813978819e+01
2.361257753786247804e+01
2.910217263609996508e+01
2.944039721027983703e+01
3.022283632623063099e+01
2.990376007520254831e+01
2.974058363684798323e+01
2.208283508198894651e+01
2.886223808430483118e+01
2.819933408026946253e+01
2.898318223629740231e+01
3.077591108369438544e+01
2.627304697279060264e+01
3.193009991732367681e+01
2.783787964959361005e+01
2.780679747560332160e+01
2.418849927779197273e+01
2.932478366511883294e+01
3.121308097658496905e+01
2.993962519683174150e+01
2.668925403176110933e+01
2.925270660091476671e+01
2.972978333220838110e+01
2.873569659014405886e+01
2.794938180170091258e+01
2.964124185849826532e+01
2.856776554442152971e+01
2.831585514431882444e+01
2.789738774473684657e+01
2.475028653367303377e+01
3.742584144617571695e+01
3.171511704157931888e+01
2.868531717490119703e+01
2.918977122605651786e+01
3.095946016907691956e+01
2.880416995291710336e+01
2.560581081890740407e+01
1.538451323028814421e+01
2.252494244369128751e+01
2.527981026832348377e+01
4.084276500929652798e+01
2.419585742635039693e+01
2.785075193754743594e+01
2.530552973154068397e+01
2.271695269282573193e+01
2.887559171474174136e+01
2.849831513029979035e+01
2.249170015071711504e+01
2.677124188616402378e+01
2.706028728560097463e+01
2.889057030768940137e+01
2.381856991647064348e+01
3.097659287345458168e+01
2.598861754482442521e+01
2.756228371297601498e+01
3.403260280381907421e+01
2.875847489039341554e+01
2.560084113635138436e+01
2.175913171237833055e+01
2.982283314162998877e+01
2.322930624980022429e+01
2.664930990561269297e+01
3.163093326730553656e+01
2.148288125686435990e+01
2.871636638107008110e+01
3.130733387064476148e+01
3.371289342477901130e+01
2.682762122301772223e+01
2.992592251900792633e+01
2.557896019043726099e+01
2.693724480777433428e+01
2.024103568115643625e+01
1.719897781109044388e+01
2.532100666454523008e+01
2.652556268201850642e+01
2.417048117312172195e+01
2.252590043207492343e+01
3.042767558255867044e+01
2.933122106012862673e+01
3.062100244817560579e+01
2.343669663141794146e+01
2.384881913937357822e+01
2.361285891310192753e+01
2.296798056547063993e+01
2.712057068259051462e+01
3.865723543042111032e+01
3.332789617787302916e+01
3.035837004946009898e+01
2.951539762983537685e+01
1.778394738346985093e+01
2.327814700065141551e+01
3.011540834826998037e+01
2.994785775306380060e+01
2.194360650464384221e+01
2.191222044235409072e+01
1.905177058291883441e+01
2.299539801530247018e+01
2.591065956775707591e+01
2.585028627257619505e+01
2.579305271494506613e+01
2.200364631007273175e+01
2.271262744851786763e+01
2.838471855985747538e+01
2.257336451731535121e+01
2.765540204758476861e+01
1.913244249476696268e+01
2.983133868648238263e+01
2.473373728797416504e+01
3.128725040857285578e+01
3.370799131254957359e+01
2.743089278507726192e+01
2.238800519846095938e+01
2.384475733182563673e+01
3.413083791418043944e+01
1.891363201305048136e+01
1.839343586934245778e+01
3.376494027366458539e+01
3.331172780075160489e+01
2.390535574854284562e+01
2.587355588061330991e+01
2.825087477775415934e+01
2.820087996940396380e+01
2.956559851738807865e+01
3.043899645950451216e+01
2.044975799249403181e+01
2.147999655930074780e+01
2.266064886592759819e+01
1.831055862262900291e+01
2.647053720985594794e+01
2.869887230248496124e+01
2.977803099345882032e+01
2.588307133695521145e+01
3.085133807941286221e+01
2.489708885005956063e+01
3.015653429615615622e+01
2.889351591587674761e+01
2.337320081200083521e+01
2.208432468725438369e+01
2.580682947574490171e+01
2.952181936908226234e+01
2.893471260680438562e+01
2.435308945001942149e+01
2.612894209631920717e+01
3.158462247838138381e+01
3.009795679698790138e+01
2.929526295522079948e+01
3.252154067135153070e+01
2.559611049348121270e+01
2.452660956634546707e+01
3.053752555307036332e+01
3.234528435058970075e+01
2.868258431749065451e+01
2.724850151936213294e+01
2.810801014797736741e+01
2.468001065366934910e+01
2.858226021773780090e+01
2.887983943002022968e+01
2.982736757610759426e+01
1.955309243179676670e+01
2.066563702084765808e+01
2.488965239415396269e+01
2.099570389159179484e+01
2.672590129897825406e+01
2.200600099160332945e+01
2.606645970439503301e+01
2.856589728568193820e+01
2.131393989325106020e+01
2.535823516266168909e+01
2.878759178238482974e+01
2.957708673105977581e+01
2.505994669186531354e+01
2.962047697277483493e+01
2.986171238934925753e+01
2.736817266240586477e+01
2.641667211441138363e+01
2.253063894337517681e+01
2.631726498256410096e+01
3.369616184682950433e+01
1.963988598503104654e+01
2.586107358756703434e+01
2.881292254428337074e+01
3.483114823746090138e+01
2.269313078636180947e+01
1.697900963505574268e+01
2.737171752788577095e+01
3.771076365930400698e+01
2.516988133217277834e+01
3.023420795184014409e+01
2.560128689467674334e+01
3.421871407194571191e+01
2.821864641669786167e+01
2.718797489371236864e+01
2.569627284005780510e+01
2.423981147096364452e+01
2.992857959471603380e+01
2.593417650069853408e+01
2.589719716581788944e+01
2.314043268776855555e+01
2.857757078967031106e+01
2.493601148499466191e+01
3.887301266315889592e+01
2.553290108952334947e+01
2.212379870198407161e+01
2.710632465819571379e+01
2.403952311437622669e+01
2.882424207764490376e+01
2.594789360137400180e+01
3.133591430033906988e+01
2.591988357137067212e+01
2.561676906030027112e+01
2.416699524474616112e+01
2.571601338978290130e+01
2.444556359072985430e+01
2.890876521614983474e+01
1.878478883733653149e+01
2.798275986639293933e+01
2.571120366286916692e+01
2.576836261943657647e+01
2.354103869620007572e+01
2.435035538980991632e+01
2.777343485443362425e+01
2.991301695782371084e+01
2.641005868317842697e+01
1.570146359656319390e+01
2.745627531258746856e+01
2.349529587074999526e+01
2.841171463336845804e+01
3.047194454728430557e+01
1.731541416997706406e+01
1.982120562270350916e+01
2.418425795215942387e+01
2.613504988904094262e+01
3.029323532980064826e+01
2.834050680807094835e+01
3.225295522525580338e+01
3.379617466851107821e+01
2.700695237787989100e+01
2.665170188285861030e+01
1.583866636729118760e+01
3.440536727109114423e+01
2.482682216843732448e+01
2.382426551027004180e+01
1.644556642589968121e+01
2.183914288265345860e+01
2.894831676736916748e+01
2.966992026233341662e+01
2.396475944298841299e+01
2.520851683471784455e+01
2.186967792810171929e+01
2.671817484998454972e+01
2.328244255376894500e+01
2.821597850253575146e+01
2.091053872000444969e+01
3.177811288160614467e+01
3.574128937029173159e+01
2.891276232864406381e+01
3.074011835906550516e+01
2.569638925488560943e+01
2.468414374861386662e+01
2.819260104219190310e+01
2.762751560793756056e+01
2.741224720897060863e+01
2.306656385864755165e+01
2.939374654164778278e+01
2.565726518879557716e+01
2.425365727458527942e+01
2.690585321212115488e+01
2.163019764203407291e+01
2.396030911433361865e+01
2.772932996269356920e+01
2.478076726419053699e+01
2.643264604487208302e+01
2.786410858535697344e+01
3.793032484617766187e+01
2.889577299370766994e+01
2.664874607865566603e+01
2.077486471238822219e+01
2.649067168070836331e+01
2.861710156092453872e+01
2.232623989623908400e+01
2.911443634782925827e+01
2.207045007987742125e+01
2.713704613806104859e+01
2.516701193269055636e+01
2.400825341520207701e+01
2.428793144195971010e+01
2.180428033837057100e+01
2.741911675808059812e+01
2.922597448984877389e+01
2.866711818858055594e+01
2.334589438063941813e+01
2.309322621731689296e+01
2.090943682765123768e+01
2.323512160448398944e+01
3.013948612844589903e+01
1.887561034190558118e+01
2.820472708916721416e+01
2.839804457053385534e+01
2.640797504768966419e+01
2.338123913248940511e+01
2.705292921913231652e+01
2.825287452295417978e+01
2.452484558748476573e+01
1.876069551552220815e+01
2.610495648973702743e+01
2.095616457534201160e+01
2.361430539339646728e+01
2.564188686102339432e+01
3.101812678194306017e+01
2.004143806534631977e+01
2.261360889331366053e+01
2.899054047246255550e+01
2.603895659463228540e+01
2.947460557265107184e+01
2.500821545989540340e+01
1.860008538003587475e+01
2.591193213262180350e+01
2.171734559034356948e+01
2.773243920511752947e+01
1.610897109176244868e+01
2.539208560478020971e+01
2.075100403391059345e+01
2.832706693507204321e+01
2.738690283084430632e+01
2.832425592195476227e+01
2.842368584188154657e+01
2.536627017165591980e+01
2.605253842227732264e+01
2.680927998529146805e+01
2.692903202456502498e+01
3.716965327074866821e+01
2.799672456339175852e+01
2.582922743455041825e+01
2.394260664103162028e+01
2.745401895931451719e+01
3.344679811980464734e+01
1.729174822474112716e+01
2.223069117223397484e+01
2.953397825725114956e+01
2.805025432777531336e+01
2.607649173223265393e+01
1.490305360721008654e+01
2.289434622698920307e+01
2.915562725093963437e+01
2.545861746528611391e+01
2.926842861253209804e+01
2.418671934770540943e+01
2.787852714373262231e+01
3.218735011068746132e+01
2.217850576813417263e+01
2.715139541362259124e+01
2.892611620294796282e+01
1.610267562905672989e+01
2.830161380665888160e+01
2.400999192515723024e+01
3.104613487889664469e+01
2.459874374283911180e+01
2.106708082975190877e+01
2.897272213556692932e+01
2.185843732018079066e+01
3.036080725445295769e+01
2.573890911674115500e+01
3.376652347110118768e+01
2.905326784533349738e+01
2.473869894657901369e+01
1.949458066400366718e+01
2.467464318737374285e+01
2.974132799206882538e+01
2.774330220487501819e+01
1.794956174701174945e+01
2.728174266983048923e+01
2.411066504216978501e+01
3.138652557265771748e+01
1.972354732111807252e+01
2.451793075163718072e+01
3.013353247391973611e+01
2.887395229924916151e+01
2.767423423633526269e+01
2.660946435177668334e+01
2.625420982884292442e+01
2.586130796048161784e+01
3.190115302178797307e+01
2.461378046059527236e+01
2.124067013347038113e+01
2.572166804006152319e+01
2.276006605370257674e+01
2.722999466058373130e+01
2.476020075647410579e+01
2.816026457187139798e+01
2.131503369058534147e+01
2.678243008188002605e+01
2.758379497251125301e+01
3.818912727747670033e+01
2.276570322654499634e+01
3.086686784849845111e+01
2.827870206141879450e+01
2.686957986558517320e+01
2.452033325989540202e+01
2.956549235398989595e+01
2.655285005254892994e+01
2.385105129739906360e+01
2.726141305374066803e+01
1.515121788878252040e+01
1.523173297979686502e+01
2.420816225147280676e+01
1.922150976960808677e+01
2.874554346270686978e+01
2.796684477356436460e+01
2.479539442850430220e+01
1.997458531201356635e+01
2.734710986538044963e+01
2.760413788790308942e+01
2.060704685636300582e+01
2.475388231044328791e+01
3.261597747160548977e+01
2.488359670476479835e+01
2.850205031632840758e+01
2.784376013943321482e+01
2.302698932174551771e+01
2.302106767820410482e+01
2.962586352029720871e+01
2.197236366054811185e+01
2.620789851256460778e+01
2.948967421330539196e+01
3.519839123779922119e+01
3.025869084845031409e+01
2.920209731369784478e+01
3.010450819596098171e+01
2.834733284749511739e+01
2.267184111193092022e+01
2.791798719278227381e+01
3.088654300844100575e+01
2.327687619756622084e+01
2.171814046792834318e+01
2.792605846852931606e+01
2.548314353004314015e+01
2.870128991797526297e+01
2.894098744306019100e+01
1.200153753637123089e+01
3.045316313753033555e+01
2.761275766070562199e+01
2.409378559427960553e+01
2.567186875488891928e+01
2.796524113548709067e+01
2.580071019815175504e+01
2.811767362307185891e+01
1.830678617781979511e+01
1.725270609630800678e+01
2.256754432574953384e+01
2.564621857387481541e+01
2.435255078610592605e+01
2.374270623215068099e+01
2.807565602101031743e+01
2.637718473125224250e+01
2.758700613957820380e+01
1.741691399788675199e+01
2.722206745634485259e+01
2.860117583044029033e+01
2.570282541245374119e+01
2.333593522826067357e+01
2.810531120242947623e+01
2.586506501116482326e+01
3.167239103121201538e+01
2.879236624554188495e+01
2.961392580963919485e+01
2.085655947027355239e+01
2.108209450293903586e+01
3.007445916970415922e+01
2.660349801162181294e+01
3.037158900958047525e+01
2.301384501611486755e+01
2.314880316156317619e+01
2.951387751805554771e+01
3.197424011278037881e+01
2.615268189688720213e+01
2.376062199408405462e+01
2.402800406924676224e+01
2.782803443566312041e+01
3.651515365510370970e+01
2.301582995990012037e+01
2.719939843496151965e+01
2.862154659919171706e+01
2.841428789547389044e+01
2.189052490039531662e+01
2.544331656303843658e+01
2.696664847628642647e+01
2.488859548965374557e+01
3.099254525280354144e+01
2.171152871077281787e+01
2.658387203722766046e+01
2.668086352171224362e+01
2.536405754066107221e+01
2.168575403975336258e+01
2.775971921094835793e+01
2.949130739900681775e+01
2.141385139471734078e+01
2.574174183519175685e+01
2.123902938836919674e+01
2.472723871246553884e+01
2.887046597313673502e+01
2.898811486920770264e+01
2.415409505780082355e+01
3.014874203523250529e+01
2.761475668869169908e+01
2.683857862379672810e+01
2.226521142134250297e+01
2.482690865450566520e+01
2.845337284820200807e+01
2.046419400741236316e+01
2.559211855484779008e+01
3.353143015008816974e+01
2.605485645679607742e+01
2.575083255529081683e+01
2.445588180612046614e+01
2.779871285970311945e+01
2.468146661315301316e+01
2.599042804262163386e+01
2.119448206678415758e+01
3.006713915227985368e+01
2.736710057311719169e+01
2.407175813984162716e+01
2.737632967552395868e+01
2.360674968273332652e+01
2.500557769860478885e+01
2.839388446865266502e+01
1.942645415940014431e+01
2.667392635949016366e+01
2.657164741552272957e+01
2.943956853764237636e+01
2.565176995224816281e+01
1.689003432450657982e+01
2.802624300546986547e+01
2.842123208276712276e+01
3.585572503024738467e+01
2.770063570638944839e+01
2.824180267574918446e+01
2.325477771321371989e+01
2.900181641663261800e+01
2.531215997159641873e+01
2.983841409801793176e+01
1.376758161240523393e+01
2.113362046316190046e+01
3.056498023707552747e+01
2.939820259894439047e+01
2.360982910548523606e+01
2.924187996245846932e+01
1.690144999159706884e+01
2.750967193459353410e+01
2.758541747747939610e+01
2.409260482547378146e+01
2.253921214627115788e+01
2.309929459581602629e+01
2.286149252601677873e+01
3.073565866835046378e+01
2.410322382050057044e+01
2.883696176752661344e+01
1.801248950331863696e+01
3.219116182513673152e+01
2.318141874160417615e+01
2.394586956248556220e+01
2.695136413917337492e+01
1.590325973120400072e+01
1.504849828941093115e+01
2.778176139991203897e+01
2.520712089706080050e+01
3.061709176875291050e+01
2.645364720894522748e+01
2.320262674834265937e+01
2.629704574531394812e+01
2.525570912104044652e+01
2.579764064827231351e+01
1.793669083284990862e+01
3.456575415938636553e+01
2.482179842839683204e+01
3.002953337664210309e+01
3.349455413987713115e+01
2.273594349607227727e+01
1.964638469418664712e+01
1.059902962556730799e+01
3.859189197427630802e+01
2.235681078789329135e+01
3.020339190456518708e+01
2.421033980588529388e+01
2.695950626318353827e+01
2.302356867435419829e+01
2.345837799207617280e+01
2.484980043877076028e+01
2.392773474439202275e+01
2.663173480217296429e+01
2.945081698000043602e+01
3.057883629081237231e+01
2.404565920583223360e+01
1.909524882895157916e+01
2.536873232687946711e+01
2.340800446662643708e+01
2.387562264507860377e+01
2.608796023507930784e+01
2.489071692949128689e+01
2.480875026822948470e+01
2.475930474777676693e+01
2.928363907988434534e+01
2.614968691374769350e+01
1.677357287750099601e+01
3.235442593607000106e+01
2.673451250159379100e+01
2.641979491036466854e+01
2.342522570054189401e+01
2.367115125592404112e+01
2.936338534947633505e+01
2.236485496251890126e+01
3.057814405486397646e+01
2.037476210208079408e+01
2.419026122004142465e+01
1.527675245773948376e+01
2.129011531202944951e+01
2.175141647127833622e+01
1.990760960949934955e+01
2.717647483693634314e+01
2.339231240701968773e+01
2.802484303216884598e+01
2.138478616873721450e+01
2.570902296234898898e+01
2.377278394775815684e+01
2.839267832771910705e+01
2.394593420196430600e+01
2.393953850422457208e+01
3.000373621102404087e+01
2.610786565925457481e+01
2.133138448542708687e+01
1.700970244651759344e+01
2.213414202365699879e+01
2.929575632021229126e+01
2.608123743049155863e+01
2.735625780883258784e+01
2.603457902421509118e+01
2.778070967314731732e+01
2.702251239718109588e+01
2.772086944529945640e+01
2.477298872877578972e+01
2.139110731509569163e+01
2.313671164656772561e+01
2.522995566539686152e+01
2.392602148691419828e+01
2.436286543038311336e+01
2.182289884288986670e+01
2.529612151638652406e+01
2.883483290825203582e+01
2.699504678420322179e+01
2.353814394945966626e+01
2.221040346050741832e+01
2.509730358658307736e+01
2.092992172457955036e+01
2.358828521936353795e+01
2.068423223942861000e+01
2.376181490553153708e+01
1.607283415977317631e+01
2.064030557386230669e+01
1.981040792638855663e+01
2.556499124984286198e+01
2.147806202181757484e+01
2.727634079478802676e+01
2.615417929648077333e+01
2.044247188953140082e+01
2.920101774567448416e+01
2.784310595565276714e+01
2.252334791579858475e+01
3.692196453584827509e+01
2.976258521405669910e+01
2.933699513189863595e+01
2.295004244804596993e+01
1.762611268181027668e+01
2.411945647587834785e+01
2.786221083236856444e+01
2.841152385609223074e+01
3.027426588185096534e+01
2.342901218332687918e+01
2.601997526685515894e+01
2.444536652308021019e+01
2.880248312149444700e+01
1.775984666323421024e+01
2.567623881294508337e+01
2.474110952504325667e+01
1.698145982720563651e+01
2.680964375562471957e+01
1.936978854482645218e+01
2.444787130441137890e+01
2.099396518946993595e+01
2.262908061732291287e+01
2.496622860352985285e+01
2.097729403823420569e+01
3.621328082600227560e+01
2.096473900861579764e+01
2.397599130409910018e+01
2.873308490998972076e+01
2.434829095445319069e+01
2.114450353375672620e+01
1.945300443611307983e+01
3.091782634645619865e+01
2.572278066358157034e+01
1.853129781830166678e+01
2.186093577604578186e+01
1.795460478336897481e+01
2.470387511142362058e+01
2.548525228879131888e+01
1.511069630599222258e+01
2.753396639074965790e+01
1.527068360424218163e+01
2.313270722821851066e+01
2.246960358247898526e+01
3.453296680528052320e+01
2.660565682897533080e+01
2.580670927140829463e+01
2.906033245754642635e+01
1.222747321638336970e+01
2.798724462999047091e+01
3.263453887623421679e+01
2.738449807440487049e+01
2.752469399460543187e+01
2.684981193229167218e+01
2.253230633028019270e+01
2.420769158593176940e+01
2.710389845000647213e+01
2.058539228154273104e+01
1.767418027182545259e+01
2.443920107507886996e+01
1.929540722428148669e+01
1.864645466671930407e+01
2.380156833381399650e+01
3.149309796066877354e+01
1.566712980673830380e+01
2.416059575741118692e+01
2.596068482027195401e+01
3.068908874581296331e+01
2.536483565030997767e+01
2.503049820178699036e+01
2.414850100282371415e+01
2.095588977158767108e+01
2.378984285477507399e+01
1.058714201695883972e+01
2.720352339864981417e+01
1.933842410878165197e+01
2.761562382248249392e+01
3.103019721602031922e+01
2.244088924967452314e+01
2.349124765602669029e+01
2.734985770339226008e+01
1.631285994519816995e+01
2.246322831564848954e+01
1.993519824877394697e+01
3.036840056668151533e+01
1.992944561791355440e+01
2.571087091434227290e+01
3.284837316259621076e+01
2.449961138942358829e+01
1.554784879899702155e+01
2.403920059201896109e+01
2.544719578641833735e+01
2.509618722748989939e+01
2.684313933462938806e+01
2.619765347537427758e+01
2.916841984173991520e+01
1.638546227824927470e+01
2.174062414363165274e+01
1.899445815431927542e+01
2.511600336396988808e+01
2.804570041232519628e+01
2.833371919410528506e+01
1.917417286751758709e+01
2.744138944725749951e+01
2.335600479102895477e+01
3.425156301447768215e+01
2.700802622255784158e+01
2.131072736409070600e+01
1.874780780602745978e+01
2.692571353869433892e+01
1.565119909505174611e+01
2.553271025885390344e+01
2.502272249738721044e+01
2.409179514083210094e+01
2.922872767213619127e+01
2.408401435882774066e+01
2.797702947219606173e+01
1.938172946842459154e+01
1.942431865731338547e+01
3.023249685340183390e+01
2.914737023691115780e+01
2.946237425227286266e+01
2.189523034943009705e+01
3.096147703864250289e+01
3.132891035002164060e+01
1.822823067963963695e+01
1.634548372708924902e+01
3.111992708026486554e+01
1.813476512935271501e+01
2.922619087523323955e+01
2.846683382480093627e+01
2.384516440099901757e+01
1.893166941596288666e+01
2.171904891817876759e+01
2.091644409623476619e+01
2.983808267860487007e+01
2.658674275750803417e+01
2.906247764561745939e+01
2.273842947442408402e+01
2.343526758921064257e+01
2.740724085233952678e+01
2.474737206060286354e+01
2.545092088052637180e+01
1.852928581303007149e+01
2.742007338380155446e+01
2.599057455040929554e+01
2.605010059145059742e+01
2.321695298868509028e+01
2.579593498002041585e+01
2.641122765987977417e+01
2.052640816184541706e+01
2.174411907245163889e+01
2.530304920820906744e+01
2.542196270830632088e+01
3.654750969944291938e+01
2.322711259111760640e+01
2.438628337859618611e+01
2.241255351560081621e+01
3.991136949953704516e+01
2.677961831445312058e+01
1.849281556569751572e+01
2.479029682697695591e+01
1.997432938065513497e+01
2.685775773188617066e+01
2.755023873196576645e+01
2.730108166041702233e+01
2.569873899537058293e+01
2.752409495328805278e+01
1.441262387810903611e+01
2.593195876159337843e+01
1.932120100027657017e+01
2.549497713835457091e+01
2.592248202415809288e+01
2.200517176847980494e+01
2.677777248709508839e+01
2.982567469403259608e+01
2.994068964904505492e+01
3.146517499917411342e+01
3.197580638737103342e+01
2.696472955521124248e+01
2.634840445089476191e+01
2.843898000746908750e+01
2.719944863645944011e+01
3.006611280145496323e+01
3.046340914176862213e+01
2.972296644983762448e+01
2.802339430397326225e+01
2.992107127876457540e+01
2.336646563070740257e+01
2.798440792608206351e+01
1.735282677802780427e+01
2.389235556656771209e+01
2.809388767714404622e+01
2.410869235994041304e+01
2.767500120444898215e+01
1.605446895622875658e+01
2.648355231646991115e+01
2.813688222937720340e+01
2.394883005665128195e+01
2.654243689409159757e+01
3.783288788154359139e+01
2.565235272449593040e+01
2.558700165542701299e+01
2.797182038819829231e+01
2.266090809164231956e+01
3.002770661116719353e+01
2.856002745520819275e+01
2.015452189816094730e+01
2.297602334009646086e+01
2.200286303295029455e+01
2.720134495741928404e+01
2.006511141598099357e+01
2.129107836510899432e+01
1.958431368195327593e+01
2.656298916481330252e+01
2.580465491389212573e+01
1.986057366148652292e+01
3.351354379502638636e+01
2.812976524966134306e+01
2.388763664774160844e+01
3.540675222015891421e+01
1.810119074096630953e+01
2.214012022147608860e+01
2.552056187900951656e+01
2.346984563600553386e+01
2.700048616209296171e+01
2.963048734392138783e+01
2.614595256764443576e+01
3.439413671203703160e+01
2.388792726971266589e+01
2.197272192377640820e+01
2.407330253489590532e+01
1.913165288364211136e+01
2.754603663998039309e+01
2.730018936388670880e+01
2.745369077069197417e+01
2.939485225251631917e+01
2.482698862156411224e+01
1.754693787223292034e+01
2.753088361889508562e+01
2.241703042228206044e+01
1.647311585991069549e+01
2.605495997029121469e+01
2.307881413927280079e+01
2.558306180859747059e+01
2.663879513580485181e+01
2.788085849407744732e+01
2.018807571895695574e+01
2.798558173996947573e+01
2.861870757189735670e+01
2.448172598322554450e+01
2.545895871053291515e+01
2.990971013770686326e+01
2.693934215033742419e+01
2.269382989701956177e+01
2.132610354866787361e+01
2.300731212790101310e+01
1.545256695045520168e+01
2.532169449070070044e+01
2.355534495212564750e+01
2.523015844904788807e+01
3.443649212039462526e+01
1.817360409815879763e+01
2.474367319240142393e+01
2.273600511333503604e+01
2.637280200950407050e+01
2.691349990997198560e+01
2.661664257559588975e+01
2.051773243798877289e+01
2.621935974914069689e+01
2.283655689461360794e+01
1.828084021343542531e+01
2.617243014539953805e+01
2.786767003026017164e+01
2.545816165787337582e+01
2.778550113383943199e+01
2.512846225690264745e+01
2.434438939639205657e+01
2.917809698183556222e+01
2.527562191521767332e+01
2.844824880673022349e+01
2.684240808856762683e+01
2.883171971707847803e+01
2.406453011070254888e+01
2.409607666889743172e+01
2.477448300189740138e+01
2.472439247971535181e+01
2.162946962749902013e+01
2.791130135149130354e+01
2.499727979309857773e+01
2.338044794758196687e+01
2.230317371341512001e+01
2.167464866649747890e+01
1.944674088916417176e+01
2.103560732512047693e+01
2.234654796149733258e+01
2.605957457274779898e+01
2.459444905615875854e+01
2.755266218034788750e+01
2.530325223978954341e+01
2.547314966615527609e+01
1.174717364375955420e+01
1.954487527856374740e+01
2.465497978647263722e+01
2.717649382462810692e+01
2.198902850082092542e+01
2.457346582987663908e+01
2.389020115815766943e+01
2.671441808043986299e+01
2.364076918624367707e+01
1.686994207699974524e+01
2.686492114905083639e+01
2.499915359829804729e+01
3.271547807933855267e+01
2.570898727172671983e+01
2.796414008548837060e+01
2.346764751213087408e+01
2.648832636315448852e+01
2.582845497402576029e+01
2.285518127508146335e+01
2.840933159390727525e+01
2.861267624912422747e+01
2.029306336024282231e+01
1.645086259607768397e+01
1.877380119080376275e+01
3.035411759478376581e+01
2.402905691359410056e+01
2.552200822810111447e+01
2.414338906789638983e+01
2.395668643062645842e+01
2.391804362317122923e+01
2.789297243792398717e+01
1.779736700683537265e+01
2.701879969625511535e+01
2.667260480601557049e+01
2.705950004490378547e+01
2.234017730094526044e+01
3.269124991944258340e+01
2.225896778362359285e+01
2.553636120634563511e+01
2.675581482394073873e+01
2.747450478716377731e+01
2.310273012686090510e+01
3.010309643781009825e+01
2.531716607133559549e+01
2.775229304957382581e+01
2.301715910386736397e+01
1.335217444080807603e+01
2.621756312899356445e+01
2.391959989899777739e+01
2.589217223495122866e+01
2.509382082921157320e+01
2.176714958271833567e+01
2.467079558686287655e+01
2.831328178694074538e+01
2.781139413825403750e+01
2.388892955649303218e+01
2.615847862086328135e+01
2.079464165072808868e+01
2.258275426050486345e+01
2.629190133764322113e+01
2.856235803857912003e+01
