3.886074841533950774e+01
3.779969296024160030e+01
3.667741993832664349e+01
3.537395668990112085e+01
3.774918334217223759e+01
3.523165959690270199e+01
3.594050118435333729e+01
3.762917712134997572e+01
3.582908892540326207e+01
3.769833368290983344e+01
3.802528936335809107e+01
3.532454344261847723e+01
3.887874343524528342e+01
3.815128516876372089e+01
3.996091804130695380e+01
4.068521449050315653e+01
3.422670411826050696e+01
3.739879609343826417e+01
3.921093668249120867e+01
3.857218201616869635e+01
3.842221680261490491e+01
3.695966920447070692e+01
3.682887656135027044e+01
3.660289136617287653e+01
3.922166772886137664e+01
3.560470037461399784e+01
3.628929244904163198e+01
3.456501463243384364e+01
4.077901060303839387e+01
3.519778401551037916e+01
3.665161336792542102e+01
3.819582403417598471e+01
3.761126170575421668e+01
3.884381792948047973e+01
3.943427195180557732e+01
3.623266862607476924e+01
3.764012714882458965e+01
3.717575488043482324e+01
4.157963349073693138e+01
3.578876711014915202e+01
3.026519983392594426e+01
3.711482752744096558e+01
4.026161548212738239e+01
3.533879050388015486e+01
4.139732397386212170e+01
3.327074307712367585e+01
3.513028105060652706e+01
3.988172405926879804e+01
3.536692973283758334e+01
3.827197569247448428e+01
3.598229099771525341e+01
3.649288273080609457e+01
3.380379922686665850e+01
3.763584267459448540e+01
3.677844560155273257e+01
3.810731592836088311e+01
3.820102848390219208e+01
3.848407592119747278e+01
3.741424004885122656e+01
3.695504019172242494e+01
3.921333683163287986e+01
3.504998661821956318e+01
3.957896504492828171e+01
3.926460117908200687e+01
3.815694043222087828e+01
3.786661789902258590e+01
3.325601411710763955e+01
3.731267752479536171e+01
3.710341447548861993e+01
3.901578918368247173e+01
3.397745742731028429e+01
3.962005630288437175e+01
3.826965634402769467e+01
3.490221972660263106e+01
3.687278701516851953e+01
4.167344794972370181e+01
3.814872316191858914e+01
3.926891394025540905e+01
3.307509901691334164e+01
3.841110648517788206e+01
3.528030751365245976e+01
3.381669263969553896e+01
4.023274910071454258e+01
3.531908695952798638e+01
3.842022897917242830e+01
3.811069797662117509e+01
4.048208500513292307e+01
3.517785741758234508e+01
3.503489876020871208e+01
4.062703986057747585e+01
3.840309028430740312e+01
3.857612115595385660e+01
3.962524318914733357e+01
3.710250738306645957e+01
3.847150673110945718e+01
3.702049402891248064e+01
3.781363822470749625e+01
3.942816241316669590e+01
3.632856602961867765e+01
3.791074719898092127e+01
3.678533366032213792e+01
3.655183047189427725e+01
3.288695031167841165e+01
4.120163224509792599e+01
3.441287298136168005e+01
3.949780077277773671e+01
3.742503971614615210e+01
4.128348985418687533e+01
4.224769575790603682e+01
3.982086819703608427e+01
3.377972311207992817e+01
3.987949455708953650e+01
3.867889087579764862e+01
3.949893062789090692e+01
4.189461010911188055e+01
3.570976841432748472e+01
3.321641966240956378e+01
3.302564057908972472e+01
3.874657311829903961e+01
3.838361232967027803e+01
3.528298713812733922e+01
4.097620285405005092e+01
3.975935143163495411e+01
3.177663845590429759e+01
3.789942789146608959e+01
4.037638863698519742e+01
3.748659530357427627e+01
3.595917325871254633e+01
3.837162060245345430e+01
3.279507261038374821e+01
2.936907161359596685e+01
3.841749043251373763e+01
3.780962064715013327e+01
3.791702022938707017e+01
3.462344338075079264e+01
3.635503323036845558e+01
3.954047078301351092e+01
4.171010830086974863e+01
3.773600703086217578e+01
3.508321580152199459e+01
