3.893440211183614252e+01
2.599847252971411393e+01
2.193569544898812751e+01
2.438456810167943445e+01
2.566101851119454125e+01
2.605675338257108820e+01
1.964447110310138811e+01
2.844432361670757103e+01
3.068149724790323774e+01
2.433015660526562129e+01
3.952064655940703375e+01
3.001864543730037838e+01
3.423381259408828470e+01
2.301934597354130219e+01
3.440997530599393173e+01
3.231044347234482217e+01
2.235052920035337465e+01
3.090674861564119169e+01
3.292440544991585227e+01
2.613931381133738086e+01
3.477195893832952578e+01
2.350172720236120938e+01
3.088156856580076948e+01
3.169277479861042224e+01
3.090837317461198097e+01
2.184897689293749323e+01
2.536830595676655165e+01
2.170915000240961845e+01
3.506731309893817183e+01
2.932304345847445859e+01
2.106696586785662006e+01
3.215666642784625395e+01
3.376337434989873998e+01
3.566542688477682077e+01
3.365758940868853699e+01
2.600965398323811328e+01
3.209116192354728270e+01
4.062409396718914678e+01
4.084377817041946201e+01
2.828756637419715148e+01
4.092491706085390746e+01
2.506108054762805182e+01
3.653051724693890634e+01
2.396126108006699340e+01
2.819197974605958024e+01
2.563332953423199001e+01
3.762768943798412380e+01
3.181107816060330507e+01
2.983779965351821062e+01
3.896664400321386523e+01
1.947940913015919406e+01
2.848299306500392092e+01
2.002514854039844394e+01
3.191375098386184206e+01
2.632827048717957652e+01
4.052553327136164540e+01
3.468766646051403058e+01
2.580540086607066641e+01
2.102461013020855418e+01
2.508834459422731200e+01
3.542527574218652120e+01
2.960733101587079119e+01
3.195071905403837675e+01
2.968947883079064809e+01
2.818095915973579935e+01
3.390783708739076729e+01
2.278356882814455275e+01
2.870855788087168747e+01
2.922167060627575097e+01
2.928736854986687277e+01
1.912243913107513649e+01
3.700790474589842205e+01
2.804684719181034680e+01
2.837923603502884262e+01
3.226173041061390734e+01
3.347413299367068618e+01
3.310997770687039576e+01
3.543631128448345180e+01
2.325558761366964333e+01
2.725513083375308554e+01
4.058511306533087293e+01
1.835014706134277418e+01
3.808540940080711579e+01
2.452227826507845876e+01
2.678160827904448027e+01
3.766200809112780234e+01
3.683126496325338906e+01
2.074987212739827314e+01
2.624828183268866511e+01
3.606926723712324190e+01
3.189607019944660138e+01
2.393743406761639392e+01
3.411786782458545275e+01
3.022650457098849230e+01
3.419858477231633032e+01
3.074667645860748522e+01
3.004377513843448710e+01
3.623298361955588831e+01
2.893568278585347997e+01
3.009585947356875835e+01
2.888801877483604841e+01
2.929753003970678193e+01
3.734925101389705304e+01
3.880928663239262733e+01
2.590082371198829492e+01
3.230941451554841137e+01
3.476621173277045784e+01
4.111104936363941675e+01
4.108690790730406661e+01
3.130335698716460868e+01
2.489319064480887178e+01
3.446994021196629632e+01
2.770613829908680614e+01
3.756513106283491510e+01
3.888977430864135698e+01
2.628163439207690288e+01
2.803428569035191842e+01
2.713782710975671364e+01
2.997064708815132050e+01
2.950529442344418740e+01
2.172669550567993468e+01
3.738798356129981215e+01
3.664486485194958476e+01
1.745047553984781885e+01
3.065398299704940044e+01
3.354704669697193253e+01
3.199580608647052671e+01
2.148860952634998256e+01
2.956515528422461259e+01
3.662355032987488102e+01
3.477616300722910836e+01
3.109179240700029823e+01
3.253903135220513576e+01
2.330304181743877123e+01
2.585409391568665427e+01
3.289020985362976290e+01
3.159624952662496611e+01
3.861703838311424164e+01
3.209407147478730593e+01
2.784637586492570094e+01
