2.641911028520335236e+01
1.926284908563128084e+01
1.789424785629178771e+01
1.510666729309091849e+01
1.975242335348203682e+01
1.909462474355555628e+01
1.475125237349772789e+01
2.164547986125681334e+01
2.106780853811496712e+01
1.942746883459670215e+01
2.665955346549126048e+01
2.200142078734252493e+01
2.460789331142539282e+01
1.558422455924822714e+01
2.475730528232931960e+01
2.489910127645922344e+01
1.538512220013044995e+01
2.145077161969739521e+01
2.479145816853134932e+01
1.958292282125999861e+01
2.435837044379915994e+01
1.599425422618634407e+01
2.512311405708270229e+01
2.246268345224093110e+01
2.226720666432931495e+01
1.547086517609516498e+01
1.809760624085060243e+01
1.691236007422825693e+01
2.555576548938548953e+01
1.998032587641464985e+01
1.745560651281700615e+01
2.324436348553287601e+01
2.644960420119343780e+01
2.751508991345904676e+01
2.310747612347983448e+01
2.043317098915725794e+01
2.403633320331573486e+01
3.546445800478022647e+01
3.260177374407403050e+01
1.863390566325328379e+01
3.208631994524518660e+01
1.858161400641688132e+01
2.562332071148880530e+01
1.806499501942085928e+01
2.507720488021345062e+01
1.795683099827369134e+01
2.449231777038320601e+01
2.321648596125979935e+01
1.951133876771006115e+01
3.095340949772345951e+01
1.790122448578991055e+01
2.167211871201878282e+01
1.460042387017286636e+01
2.298126901483664497e+01
1.986095710789779289e+01
3.114793792609894751e+01
2.586911060704518661e+01
1.996406117867309860e+01
1.720933595395991844e+01
2.014601719502818966e+01
3.032824419708427754e+01
2.116859368279953202e+01
2.415703716743575313e+01
1.965340964363353038e+01
2.101937209226653636e+01
2.180424736926753226e+01
1.678545214967651944e+01
2.110609917136261160e+01
1.898617842080223639e+01
2.396367133125112758e+01
1.465244619116888991e+01
2.862367444558076457e+01
2.158096466366142252e+01
2.354198249677369859e+01
2.328102559105779434e+01
2.524352613805305978e+01
2.315445746253855219e+01
2.676546265684863357e+01
1.635302415256476749e+01
1.973747345806956588e+01
2.830029451967788034e+01
1.461290248608825237e+01
2.748965220509654017e+01
1.441302409036384446e+01
1.970361072371656874e+01
2.673025574303469654e+01
2.754002946842335575e+01
1.633722520427759051e+01
1.771278855234089633e+01
2.713452200395594360e+01
2.092946372246227327e+01
1.920526850485827808e+01
2.388718908755454251e+01
2.149178516942866679e+01
2.335511121946950652e+01
2.101483873157861737e+01
2.158369094679708411e+01
2.592333541523040452e+01
2.023813007263639463e+01
2.093302450164316397e+01
1.871971363237839014e+01
2.185072472968427348e+01
2.384814702319090429e+01
2.832468080939692356e+01
1.835573487244423418e+01
2.330592858574070547e+01
3.175578422345022034e+01
2.859897980966953313e+01
3.023022758751490713e+01
2.260162750322564307e+01
1.690421580399187818e+01
2.681319281893415862e+01
1.891648895377301542e+01
2.778513465454094700e+01
3.058468524122586274e+01
2.061259749302841016e+01
1.924967900139115429e+01
1.744478721971666246e+01
2.457176425733236158e+01
2.194389333543103504e+01
1.633579438235392800e+01
2.525632013767549466e+01
2.636666915710359405e+01
1.486220005464882910e+01
2.199263853722601425e+01
2.646496956063957384e+01
2.238097984057412759e+01
1.755886242739056868e+01
2.303540006715400779e+01
2.291674241436125214e+01
1.878427739279105069e+01
2.334162949285682132e+01
2.311601460321579893e+01
2.151523749027350974e+01
1.717461020292693519e+01
1.961644230776577658e+01
2.454688618461875294e+01
2.761680421844484101e+01
2.268715396744929080e+01
1.900032276088016658e+01
