3.732201743366742619e+01
3.702484403174928929e+01
3.781557038012403638e+01
2.606464339345201964e+01
3.635934009996339711e+01
4.150496276388681594e+01
3.574049754091615227e+01
2.390364476347794565e+01
4.131211752784956559e+01
4.034335432317939052e+01
2.076065545489113617e+01
3.862816821246912724e+01
4.235036090468809533e+01
4.115777118371264720e+01
2.613582540567022150e+01
3.932057969328021585e+01
4.213408745642733066e+01
2.398092912050327996e+01
4.192019455742449452e+01
2.635171128427795040e+01
2.104659308939173812e+01
3.753223193683872694e+01
4.188209781662286701e+01
4.033993347786893935e+01
2.861847783574605941e+01
2.111983137102899022e+01
1.918574085547299646e+01
4.027960743960386480e+01
4.195207391010008990e+01
2.860075603172008840e+01
3.653159968041278916e+01
3.588922993019290431e+01
4.084234062907504637e+01
4.252471861390188224e+01
3.885038667998023953e+01
4.076571217644261225e+01
3.280085739356563579e+01
4.225565038540206331e+01
3.064249415210883853e+01
4.034747986870892333e+01
4.157949195615332627e+01
3.541714819757887511e+01
2.441447770791371497e+01
3.449023888048583331e+01
4.191426542413235978e+01
3.843799747951221946e+01
3.745050078430156049e+01
2.983104884408988866e+01
4.034366364376057845e+01
4.073423438346890180e+01
2.885809128800562817e+01
1.913207202321208200e+01
3.196399071843329054e+01
3.615063627487612052e+01
3.856054294551952921e+01
3.672847706817164237e+01
1.809970711722577974e+01
3.995365192452863567e+01
3.745323998169197210e+01
3.023390007052424977e+01
2.184566692311247138e+01
3.731009315712974939e+01
2.596588548116295669e+01
3.686439241004390510e+01
2.916470739449282945e+01
3.820211801445237398e+01
3.056891754425183549e+01
4.364982279577795765e+01
3.966845570838633961e+01
3.563448951371682227e+01
1.690262433587878732e+01
4.001700168555647963e+01
2.639362146452565483e+01
4.185047717758900632e+01
3.930267376608342289e+01
3.217929465453116222e+01
4.060802522758589106e+01
2.566927567768161467e+01
3.596636343974121530e+01
3.655523653886820767e+01
3.732982360322375825e+01
4.263997443729560644e+01
3.539735155232740027e+01
3.451471617658122426e+01
3.360979502287992915e+01
3.533514332224076071e+01
4.054597671807009363e+01
4.081947182432295307e+01
3.799908819223287537e+01
3.652802706571600311e+01
3.472335556122658318e+01
3.329984694971765435e+01
4.092775774887292783e+01
4.039734335209276850e+01
3.954512017845797800e+01
3.041987620907934442e+01
2.815511598559853823e+01
4.104366531133866403e+01
3.033669980963727042e+01
3.476872683799389563e+01
3.953730024223757056e+01
3.753247226925954294e+01
4.185462756280583818e+01
4.146092057544620957e+01
3.564829858187938072e+01
3.633303187424951375e+01
4.183900263444139256e+01
4.099867039562726490e+01
3.119981973015233123e+01
3.941309268919393105e+01
3.811228572861804054e+01
2.634027676175672994e+01
3.856514415492151926e+01
3.544404602122313719e+01
3.793861297840880553e+01
2.202190177678072303e+01
3.888641091929052607e+01
3.092599176074734046e+01
3.039460657348464778e+01
3.528285561756069910e+01
2.556806873222335241e+01
3.859389154981858638e+01
3.789666756663289959e+01
2.465734748897141060e+01
4.069393400501424907e+01
3.613456230692499105e+01
3.925248713421635927e+01
3.886453554405011346e+01
4.108218422210482146e+01
3.924510516570990148e+01
2.910160073856435048e+01
2.979353995748622097e+01
2.451388205947166909e+01
3.567410830316907067e+01
3.861562906180468957e+01
3.700890103412909582e+01
3.812073489288614070e+01
3.476186653727864950e+01
4.235535101399849367e+01
3.400110625125208941e+01
3.461563907617782831e+01
3.754442190694467740e+01
4.101986768641899062e+01
3.479176104853827667e+01
3.917532310028388309e+01
2.989510656029942837e+01
4.102078053679796454e+01
3.007565142430684801e+01
3.981008422307663608e+01
3.038849820402434077e+01
3.162272009648422255e+01
3.932387007778734755e+01
3.299555006746662400e+01
3.411277614713180384e+01
3.487500950687824997e+01
3.084787536949643538e+01
3.081349399146681733e+01
2.149527657867157515e+01
4.010881513015593924e+01
3.480921272984897286e+01
3.880335092312223111e+01
2.945089360953557645e+01
3.932705300310180263e+01
2.494849272141910745e+01
2.416685223733500010e+01
2.487192618188494109e+01
3.527764862306071336e+01
4.071595830719570586e+01
3.375267127297981773e+01
3.934510049966797141e+01
1.977324664097378815e+01
3.482021770428473673e+01
4.315026637332381654e+01
3.704479233311204922e+01
3.831333774951162496e+01
4.173194483821183809e+01
3.734618364946462066e+01
3.832710321841746293e+01
3.863785251190881809e+01
3.518954427075190239e+01
4.389092191165894974e+01
3.975962698664388029e+01
2.908511453925973100e+01
2.665504932049477560e+01
3.887103972845476108e+01
4.180431082541614529e+01
3.600853478010802888e+01
2.471456457705351895e+01
3.892038624622139764e+01
3.110616058934711248e+01
3.855540844321053839e+01
3.727645681248102960e+01
3.752596680776621696e+01
2.971649194946407491e+01
2.608023056631112624e+01
3.883401891560551888e+01
3.190583991389213026e+01
3.960435951037732849e+01
3.952146776104130765e+01
2.324658786217765183e+01
3.854125545879151105e+01
3.970841786311571298e+01
3.652011444742041135e+01
3.937511590477859613e+01
3.752427688960207064e+01
3.360748269405289790e+01
2.987915578937873917e+01
3.703216636915578164e+01
3.808778573974559833e+01
4.000240011086272318e+01
3.252142600454512689e+01
3.298817483213308321e+01
3.794933926211511022e+01
4.226951673017977384e+01
1.842088307993020280e+01
3.745788896456993911e+01
3.405832789863797672e+01
4.342846832329397699e+01
3.824308735815355220e+01
3.704576224694014286e+01
3.119630615087267955e+01
3.595257234407348790e+01
3.007750321303693042e+01
2.773795429312034599e+01
3.140953480931642972e+01
3.769207981657726947e+01
3.250658473925049918e+01
2.010564590040201338e+01
2.666364893482939991e+01
3.426677056988462056e+01
3.812329311229692053e+01
3.385336608150348781e+01
3.055837918197599734e+01
3.312918211989897088e+01
1.538644318992417581e+01
3.910705785315172278e+01
3.949868776053950370e+01
2.100932586793065582e+01
3.944003945060617866e+01
2.863621377376261279e+01
4.119260604171255125e+01
3.397658772603555377e+01
4.066301512913127425e+01
3.705600672983231192e+01
4.052494305431252997e+01
3.818958274336537784e+01
4.410597150762005469e+01
2.584148095235942222e+01
4.024181498749421593e+01
3.963649996716936386e+01
3.663652945637214486e+01
3.671888785788638643e+01
3.004756472427638414e+01
3.732693739509162612e+01
3.666517687783036905e+01
4.187340674273716701e+01
3.608012119250776095e+01
4.149210424001591946e+01
2.810934900254806834e+01
3.229271266363313231e+01
3.915468600582797620e+01
3.541526973305648340e+01
4.233662379884531646e+01
3.551939014254873683e+01
3.290403775434897682e+01
2.378944627519953059e+01
3.802035236958623443e+01
3.176475222733798276e+01
3.840035674458790282e+01
3.442968152039157559e+01
3.896455262636694528e+01
3.885009159015850599e+01
2.111830895019657817e+01
3.892168893986004008e+01
2.491996973409618477e+01
4.020428963822357105e+01
4.121790914445688969e+01
3.999143327687821170e+01
2.544593797098196575e+01
3.778618304463181232e+01
3.897231962103279557e+01
4.049587990629403578e+01
3.607081334569630826e+01
3.631914493471089145e+01
3.946608818218474113e+01
3.535388862193435244e+01
2.955259477193563811e+01
3.947250573357196402e+01
3.421321128737522343e+01
3.885304892407392430e+01
3.174818383691513191e+01
3.825850448925288561e+01
3.969483596569347839e+01
3.781223988246293288e+01
3.106841938791185243e+01
2.999586787404376409e+01
2.080245662053855327e+01
3.838546393978165128e+01
3.586941111273784344e+01
3.613249887799200621e+01
3.918089080357899689e+01
3.820799430565472221e+01
3.426894879436800778e+01
3.018488109039954992e+01
3.619089874053838685e+01
3.530596525744922332e+01
3.814493000087993835e+01
3.772008617157184318e+01
4.302071545678790443e+01
3.677361186756135680e+01
3.928202997719851908e+01
4.355523324434203403e+01
3.659799132471752614e+01
4.225540480023026646e+01
3.697050189946589427e+01
2.930404292481734174e+01
4.154002573937460596e+01
2.106232154499901554e+01
3.629823177892847497e+01
4.142172616808721131e+01
3.767968206015964938e+01
3.707269599454046727e+01
3.913045941712152853e+01
3.977572076175079019e+01
3.743636993759393050e+01
3.817324643300371179e+01
3.777432750893755298e+01
3.466986582431569985e+01
3.565265810358213372e+01
3.246402537527650622e+01
3.929727367010161032e+01
4.143355803440088891e+01
3.539312883948359456e+01
3.583473723008818723e+01
2.290926638099834634e+01
4.136691505367225119e+01
4.155446739849930538e+01
2.963603334665501166e+01
4.026452751231021665e+01
3.118608096225558057e+01
3.503736907361757602e+01
4.137742755676296014e+01
3.705717014368086382e+01
2.241792385001601673e+01
4.037973389306095839e+01
3.930159005060447441e+01
3.302542671290311205e+01
2.559586778417541097e+01
3.973099109530448914e+01
4.332792160928052283e+01
3.801319071707135322e+01
4.201309551317842761e+01
3.744498376984192589e+01
3.741196390130433969e+01
2.177459879682259469e+01
3.713944692232391986e+01
3.159256183898726889e+01
4.057477893197711438e+01
2.523465854893423099e+01
3.698540633405693967e+01
3.237095878239642843e+01
4.028779107038051421e+01
2.825294128650485703e+01
3.880711716485924967e+01
3.371453896291864538e+01
4.093703604066106294e+01
3.588344942130009230e+01
3.216152190412804401e+01
2.240254343544343740e+01
3.919943765293110260e+01
2.632358183188013356e+01
3.949235746515716272e+01
3.568494884553093272e+01
4.137389145374107358e+01
3.538662763506678033e+01
4.368526061379214553e+01
3.854357262252450056e+01
3.901925807424110815e+01
3.960805030290347872e+01
3.587705541606640480e+01
3.571921333025331080e+01
4.149911923524570057e+01
3.949059087716408811e+01
3.848479240156314773e+01
2.791731197205540127e+01
3.802951191613848181e+01
2.620799504971728311e+01
4.030560347566915880e+01
3.839687121491787991e+01
4.147162363733729507e+01
3.543407175394639808e+01
3.864882090419205696e+01
3.281082248374788435e+01
2.767790061656576839e+01
3.655209682915363345e+01
3.910972168379359459e+01
2.443884856663461846e+01
3.596920535195790336e+01
3.739329287622592091e+01
3.549268522515709634e+01
3.900068296519669531e+01
1.702162268745897933e+01
3.931847050326420856e+01
2.993059032051750989e+01
3.798491927439516047e+01
4.069590920960978053e+01
4.137990381708382870e+01
3.758862818605435763e+01
3.611117100905794786e+01
4.258470247484872573e+01
4.036769980979491379e+01
3.499197838222137591e+01
4.128533369292913591e+01
4.141945499694100619e+01
3.445122882970596123e+01
2.886994171759548067e+01
3.674402378949419301e+01
4.234168936474786449e+01
3.733918673945780142e+01
3.846092906553145241e+01
3.721521845436689802e+01
3.379424163375464474e+01
3.589346932130928280e+01
3.222293752673292744e+01
3.680368528492522984e+01
2.316259954340256044e+01
3.935014806302598345e+01
3.785444415927362627e+01
3.656036464812302711e+01
1.846060198743363046e+01
3.019758499878468072e+01
3.775477465882291028e+01
4.135174050632983977e+01
3.113853713424161285e+01
4.087503166463222470e+01
3.935959634966332032e+01
2.974262635764664253e+01
1.615250271190367926e+01
3.250645917507395666e+01
3.806438853232749864e+01
3.101743317773454578e+01
3.749367506143534001e+01
3.787418791548003583e+01
3.258972949291219834e+01
3.486391788194424635e+01
3.717442283172024986e+01
2.159439767002523070e+01
3.574149615575771577e+01
3.652184798939488530e+01
4.054814123725108033e+01
3.799751977994628049e+01
3.849267653186972638e+01
3.253350910052608214e+01
3.729185149476866457e+01
4.146143696049783500e+01
2.683234018410178479e+01
3.709033424589726735e+01
2.288725203962692945e+01
3.642009539613843572e+01
3.080302236094834001e+01
3.766344365998856603e+01
4.001619351449960504e+01
3.335715606256071908e+01
3.324126015736325002e+01
4.048702717067921242e+01
3.812015017947562967e+01
3.881054118452090052e+01
3.860123013507033107e+01
2.681056121829236005e+01
1.932505787581321499e+01
3.866547877381522369e+01
4.067763163295551720e+01
2.305430310693654050e+01
3.496613747198017563e+01
3.882215676616520739e+01
2.241848730730383465e+01
3.795843617477552101e+01
2.745537545712086569e+01
3.592565390143064263e+01
3.577063110952723690e+01
3.774188121343173918e+01
4.096173274535985342e+01
3.969223804886650697e+01
3.369102412731376717e+01
2.331125176556766831e+01
3.801229863145826471e+01
3.933828188888620758e+01
4.078813771489072337e+01
4.148379541390335135e+01
3.626456493819424054e+01
3.900484310769357421e+01
3.923083636478514791e+01
3.681618140387062965e+01
3.603080039828827807e+01
3.636809104634518519e+01
3.277326724123675916e+01
3.739024468276104329e+01
3.938305908859413762e+01
1.733853173569174189e+01
4.134797971669060246e+01
3.770127927231686016e+01
4.051633123687319937e+01
3.976948223285751993e+01
2.571507382644738016e+01
3.988602211846686885e+01
4.332042842696268536e+01
4.092835384302406965e+01
3.991529517441299646e+01
4.055097951274691326e+01
4.445872206810248173e+01
3.724893225888774850e+01
3.941133934283556783e+01
3.041306778329564864e+01
3.077684210791642982e+01
3.617741536008905001e+01
2.747304159317902261e+01
3.475373644876007972e+01
4.135473805479090714e+01
4.038599643969621411e+01
3.673952398852224377e+01
3.228729634524786718e+01
3.162559432442253282e+01
2.561844074178581465e+01
1.808210993058110105e+01
3.617116119306866295e+01
4.304430938684733832e+01
3.074698174911828730e+01
3.784346610127222732e+01
3.708368717317748775e+01
2.499918798537942877e+01
3.516105967481406225e+01
4.250697426542197377e+01
4.334716266581435207e+01
3.787786025400816925e+01
3.352082552817395111e+01
3.266915170399948920e+01
4.021994049067866683e+01
3.927236100183640843e+01
3.511470185327987537e+01
3.364916877622025737e+01
3.332494084761015785e+01
2.527812486053323937e+01
3.666017415167296178e+01
2.939725591313398922e+01
4.231632321008337527e+01
3.340432600153184950e+01
4.383198377646819210e+01
4.103045966073755579e+01
3.639867679001760337e+01
3.823888485065840825e+01
2.551137808597896139e+01
3.850587775611510466e+01
3.684698670853351388e+01
3.482830112673590151e+01
3.823488594378360972e+01
4.084293140552797041e+01
3.152331590134747685e+01
4.109161742127994188e+01
3.768194437591191814e+01
3.475869251093646284e+01
3.869719541693987708e+01
3.474406429685608089e+01
4.006605013156130468e+01
4.016167831822077972e+01
3.743830604447533261e+01
2.689684839187675536e+01
4.169933836230791258e+01
2.377794157295706867e+01
3.751424866472140707e+01
3.450708023459390006e+01
2.125261456085176448e+01
3.250454676862430148e+01
3.161695073183589955e+01
2.076730698701476641e+01
3.495098738642808911e+01
2.864720347825020852e+01
3.744045701240263213e+01
3.869541760133688513e+01
3.381583005921019947e+01
3.691396488127249143e+01
3.261549020850762304e+01
3.864082543883803567e+01
4.151011433653776805e+01
3.150033000924966586e+01
4.134705844581431222e+01
4.207745503213288885e+01
3.950163449536432125e+01
3.558206364789632659e+01
2.781302507153891668e+01
3.755110276512580469e+01
4.211211025462721125e+01
4.234458686245514514e+01
3.675872132244414558e+01
3.661497542921966897e+01
1.892591943119642650e+01
3.319747206775566895e+01
3.827954393381452292e+01
3.753059123599990698e+01
3.997135763352561355e+01
4.099738283322589183e+01
2.790474156983936638e+01
3.280779996728620773e+01
3.040415659467272036e+01
3.888714739025467537e+01
4.066791460615466036e+01
3.562046654759818409e+01
3.805167151732270270e+01
3.984491289290252780e+01
1.817919857420138285e+01
3.450699082804102602e+01
4.215458424081026578e+01
4.143808346841916546e+01
4.001574556642633240e+01
3.492138074436346784e+01
3.730525357808300413e+01
3.836778830740377799e+01
3.859793154703955764e+01
3.016847547537649277e+01
3.951018441330255371e+01
2.907356015211082223e+01
3.197970100992893450e+01
4.012269985404881822e+01
3.883773949601486919e+01
4.113362485764383791e+01
3.650348898559489896e+01
3.891212143566515635e+01
2.340219792757931927e+01
3.773145308221491945e+01
2.643136450181556896e+01
4.326851411982111273e+01
3.400661458578011320e+01
2.643728590574916737e+01
4.077703640382639350e+01
3.914116471610923753e+01
3.050207328052446343e+01
4.160836206178198182e+01
4.190478379221478633e+01
3.989634032618559445e+01
3.564428360668858886e+01
2.316468584271940756e+01
4.119747774346624425e+01
3.720414952097302574e+01
3.717215559147026482e+01
4.082188972152105322e+01
2.824412633737202327e+01
3.308314793006946530e+01
4.091011019496217216e+01
4.079978124696155106e+01
3.087311897301437824e+01
4.022377409174604423e+01
4.244071700093340382e+01
3.558352318030707551e+01
3.661899028596418759e+01
3.371622983750516056e+01
1.994727048203639796e+01
3.994743442440023529e+01
3.475462244713183679e+01
2.673803528097167259e+01
2.491453117118327398e+01
1.951728980716961459e+01
3.522654029857230995e+01
4.108927218772933543e+01
3.058561047868128213e+01
4.325655810181016392e+01
3.303283479895600294e+01
3.094894293065976854e+01
4.123732292406236155e+01
3.586048006696669432e+01
2.182208508733260999e+01
4.346187027185896312e+01
4.214341199314883823e+01
2.454719127424479197e+01
3.063087938265307386e+01
2.238701033169287058e+01
4.148098706442637962e+01
3.965464826474095617e+01
2.796064124020537989e+01
4.103037228970804762e+01
2.139317656824714931e+01
3.589681119342805715e+01
3.998126777200022275e+01
4.047037207606685172e+01
4.124440623333852329e+01
3.987463341060668398e+01
3.824803046610477253e+01
3.678514732840252321e+01
1.843348769410358301e+01
3.172252743451794998e+01
2.492072139198582903e+01
3.697756886132622611e+01
3.802802027939426921e+01
3.116306381181950869e+01
1.900972114526184598e+01
4.075840298036406750e+01
3.634322713919193149e+01
3.737360559063668575e+01
4.078529567534577183e+01
3.545895086753272096e+01
3.629413844699119807e+01
4.133855619154783057e+01
3.846268034964898419e+01
3.891951407653109385e+01
4.188194365473208336e+01
3.606460281081981378e+01
2.794792486067795423e+01
3.558030019167459557e+01
3.603957814303966956e+01
3.379460420800108977e+01
4.076005430493203363e+01
2.843286982933954476e+01
3.269483523547846460e+01
3.712651149597283506e+01
4.158958426815639342e+01
3.708511360378155075e+01
4.029359819666661480e+01
3.966956118733683212e+01
3.853037026546897437e+01
3.553195227130894551e+01
4.212629234216155538e+01
2.951395357792491225e+01
4.012313144386607178e+01
1.536299786606494422e+01
3.714198690508589351e+01
4.099563559611113561e+01
4.185282377901822315e+01
3.110172395846738524e+01
3.316918075067101057e+01
4.478915346746254755e+01
4.105283918985725222e+01
3.935818991637584929e+01
3.130475334366067131e+01
4.024992621363443135e+01
4.049978186530952229e+01
3.460605195013865654e+01
3.843997751191110979e+01
3.584650625540788127e+01
3.803818543237893124e+01
3.531475542472450257e+01
4.046532103959972204e+01
3.740298971930781846e+01
3.740362775467052359e+01
3.598052044861977805e+01
4.358860901085743222e+01
4.223405151538747049e+01
3.303384407579522986e+01
3.999793784268046437e+01
3.372136301045441797e+01
2.852556372871517354e+01
4.284258128186263548e+01
3.784954830737385123e+01
3.367553526396476826e+01
3.773601607182095563e+01
4.098632613345734654e+01
4.219886482308263709e+01
3.903385622698803559e+01
4.147105000760390681e+01
3.914243410071237861e+01
4.052759601559230163e+01
3.436163079748005345e+01
4.032141202059921170e+01
3.757379704526793063e+01
3.661169353604066146e+01
3.890271628236207846e+01
3.257046889176856297e+01
3.232548505852896881e+01
2.529313398686179326e+01
3.085767918087468331e+01
2.865034238315901760e+01
4.075569286749343689e+01
2.924836230396044101e+01
2.613660685893463764e+01
3.345751116561083904e+01
4.033860150467802441e+01
3.551884011208343139e+01
4.284961895509199792e+01
4.240834246915165551e+01
4.359998163294316242e+01
3.772938763553445796e+01
3.355207265511860015e+01
2.959983237337644013e+01
3.094063335999582520e+01
3.450580212447640349e+01
2.896684899014441328e+01
3.497434406885147951e+01
3.606252672629888423e+01
3.777454949341358770e+01
3.877932552415223455e+01
4.027456360848823635e+01
2.238549795234450102e+01
4.154602259689598753e+01
3.811784628644050343e+01
3.959494154233195218e+01
3.109255220902503680e+01
3.539573865254732254e+01
4.233159493976491206e+01
4.239409285813871264e+01
4.017414537950246256e+01
2.459860605753735285e+01
3.137958928320643537e+01
3.836841587190426139e+01
3.882687450845678256e+01
3.845966737888993947e+01
3.849021184615509839e+01
4.109038829427025519e+01
4.278805293173942204e+01
3.356258309703849108e+01
3.211006961187514008e+01
3.867297852540960434e+01
3.883430931650170237e+01
3.948351023066090448e+01
3.977689481238470393e+01
4.011462975095565042e+01
2.136895199271604540e+01
3.072892545955707533e+01
3.557085760790344153e+01
2.624063376635119482e+01
4.232336669768651660e+01
4.222330717393273858e+01
3.899353469187992260e+01
1.883809226825542638e+01
3.705392427910881281e+01
2.434645741597654123e+01
3.070443317627045943e+01
3.662626187927616428e+01
3.666002171917824626e+01
3.587770431047559327e+01
3.267740135647282784e+01
1.915448751454294296e+01
3.326813700408598606e+01
3.925539856226352242e+01
3.232606920098314163e+01
2.865614054329467564e+01
3.620638827101053181e+01
2.645702657723190754e+01
3.895038044829704660e+01
3.377037964337873177e+01
3.588055044167613516e+01
2.971413448065480623e+01
4.064417779716578139e+01
3.600861964988695263e+01
4.043608682137904964e+01
3.606065988124269239e+01
3.253735631876902801e+01
3.613036814193861090e+01
4.149207842303509608e+01
3.228910343710667519e+01
3.916842941992138805e+01
2.917766438831280595e+01
2.703212905042778758e+01
4.045064233587269342e+01
3.312616662115249255e+01
3.729542463509091732e+01
3.977035316740862214e+01
2.790748519711296893e+01
3.856034065231476404e+01
3.932764272077797330e+01
3.285684486772074564e+01
3.522184904701639141e+01
2.478238909313566296e+01
4.030676097414865211e+01
3.943954438949921126e+01
3.227701316414886890e+01
4.210753858386903659e+01
3.530633449200356466e+01
2.366220636650173148e+01
4.053080933076916637e+01
4.095183048883501442e+01
3.063193607094264337e+01
2.706382807041301675e+01
4.041053230337875135e+01
4.092544439989980276e+01
3.842506852898016945e+01
2.628555784622828284e+01
2.540902934502167554e+01
4.100446288445756693e+01
4.344477129201911225e+01
3.195964058455746937e+01
2.511336104113264867e+01
3.110072819154487078e+01
3.838644215494993261e+01
3.867043807212323259e+01
4.078320120154756268e+01
4.083183941411989082e+01
2.844100471169534572e+01
3.698966758109794029e+01
2.614575698863555075e+01
4.359704207574048951e+01
2.894542136388679054e+01
4.372299614268364110e+01
3.598181309738997413e+01
3.952256465809281138e+01
3.777655029887019822e+01
3.867509914716907105e+01
3.859356091444296055e+01
4.035682993414629038e+01
3.884841112139904595e+01
3.209822022990293533e+01
3.038036631551584321e+01
2.256850841640829941e+01
3.858274958024967560e+01
4.111827130096353500e+01
3.691946845974894842e+01
1.708757859620169128e+01
2.353255514854645014e+01
3.715619226959016430e+01
3.903285127461808912e+01
3.816605792408979170e+01
3.114587740133507054e+01
4.118608726625895855e+01
3.601426030468471140e+01
4.062949480352425269e+01
3.018028767251803757e+01
3.972777110610482509e+01
4.030544441662999589e+01
2.753184628926559441e+01
3.695822743869850768e+01
4.114004796936233532e+01
4.009355368915170459e+01
3.668495813660984339e+01
4.218286823683922648e+01
4.353934476503503959e+01
3.883628118089144721e+01
3.997040251949534451e+01
3.419035721907128078e+01
4.251253342736671925e+01
3.915604721942041522e+01
3.799408094478089737e+01
4.012516940136899279e+01
3.393874462671799108e+01
3.876228664341968511e+01
4.012758085164431066e+01
4.111304467565084053e+01
3.232144408013679993e+01
4.184585743265660085e+01
4.336442409341174908e+01
4.121928969297436396e+01
3.260253723077337895e+01
3.705354421945473575e+01
4.143297420188610403e+01
3.891667723286413150e+01
4.544608251503234442e+01
3.844613478996894429e+01
3.346981444221661661e+01
3.671989566263872007e+01
4.460902132069317361e+01
3.896388235687911816e+01
2.434855444914866140e+01
3.758942099634928269e+01
2.739301693906681834e+01
4.056078763621331973e+01
2.417076913660580573e+01
2.589018729125240981e+01
2.868992804407519159e+01
4.074864062335011283e+01
3.766345002401386211e+01
3.505287376608458061e+01
4.082808233898440875e+01
3.735103012450469606e+01
4.270564244565057521e+01
3.745251692341964400e+01
3.966400027942426476e+01
3.193757533762875767e+01
3.650579112486214939e+01
3.315756944936327244e+01
2.876462062249387230e+01
3.151427102223052046e+01
3.773762579775056736e+01
3.979665166414109478e+01
4.032515985800130665e+01
3.465228608001743993e+01
3.505431052060625063e+01
3.622240270313435673e+01
4.044233395575028567e+01
3.981615114394444532e+01
3.810281341482918549e+01
4.072407717526954229e+01
4.158697848825683963e+01
1.868001616752222915e+01
3.966465759980152939e+01
2.353086091185023676e+01
2.767842140212895075e+01
4.144336803355376020e+01
4.035401230060359268e+01
2.460549810338001109e+01
3.380268723755278870e+01
3.872561692769187403e+01
1.930094690296766657e+01
3.936272671510546672e+01
2.802190717537947506e+01
2.812010148881745408e+01
3.656736568262045495e+01
3.789470254596989918e+01
4.078249780907488997e+01
4.293265062124088161e+01
3.066416061150752270e+01
3.013902638751407181e+01
4.124017922631656319e+01
3.513362190597253232e+01
3.894031757121980775e+01
3.851542110012845654e+01
4.116184464615933081e+01
2.483389659464234001e+01
2.484408580858965720e+01
3.352695337455920566e+01
4.176848458124585051e+01
3.546623052978100787e+01
2.451231869210218406e+01
3.478603073358178221e+01
3.924601965141196303e+01
4.003741279287044819e+01
3.883016947160984245e+01
2.898194835419439741e+01
3.594819731375958582e+01
2.884233847712919641e+01
3.045713910844066419e+01
4.010459332201781990e+01
4.086667649246285094e+01
3.839342548848777881e+01
3.586099196034874126e+01
1.955715846482462084e+01
4.232706274552838721e+01
4.214385729816236648e+01
4.074786615215226249e+01
3.638462700321860410e+01
3.569734957800804409e+01
3.566177765337010896e+01
2.443168016903364048e+01
4.187181550844369582e+01
2.156111519241204277e+01
3.912001952730735610e+01
3.688171637524114743e+01
3.759952568931870331e+01
2.573752640046016182e+01
1.703559548527982770e+01
4.074557939191462452e+01
3.388930098075952202e+01
4.140024888171220852e+01
2.080476912314241744e+01
2.287705010401927197e+01
3.941916343238022336e+01
3.835319384857408664e+01
4.134942654247629434e+01
3.626642097254218555e+01
3.918861796182564916e+01
2.788189648476728522e+01
3.414631958967066083e+01
3.995182614200132321e+01
3.639511699517174748e+01
2.985845123726328154e+01
2.786683218442674814e+01
4.014533196391016645e+01
3.711068761465561039e+01
3.002090745805764271e+01
2.280208103639064632e+01
3.835161122290453051e+01
3.901156013823113256e+01
4.119793368944085188e+01
2.865186804251344554e+01
3.620209605417045395e+01
2.457363901583358512e+01
2.223468021575910214e+01
3.726427843076776014e+01
3.871407988050518156e+01
4.438781878028479611e+01
4.280214489853814541e+01
2.274874770098572441e+01
3.583450935542708748e+01
3.111609015643674070e+01
3.305395205525031344e+01
3.731530455670150559e+01
1.957873557478484372e+01
4.043758818707784286e+01
3.574645198258844658e+01
2.436011757352540741e+01
3.178264780475361562e+01
3.429644401720945979e+01
3.356345670677647774e+01
3.636210516392916503e+01
3.316551540102144457e+01
3.919811054810260487e+01
3.849024461534353492e+01
3.139429336212219823e+01
3.641205553243858617e+01
3.749702033944780055e+01
2.644456071860611956e+01
3.536616927598736027e+01
2.242986286141620056e+01
3.949223836194170900e+01
3.879322827983014577e+01
3.572282140618777646e+01
3.138075005183286592e+01
3.448662681888492187e+01
3.858655934602227688e+01
2.246640203670688152e+01
3.097479807055465173e+01
3.027209655523109433e+01
3.968207481550280846e+01
4.029301045038769757e+01
3.450698356654527288e+01
3.306199918018661776e+01
2.529875964849087566e+01
2.543962187802020125e+01
3.648678688377258084e+01
3.677718090634009940e+01
4.042565425009158275e+01
3.355077557920431985e+01
1.427077993386649446e+01
3.766169916105718585e+01
3.504509945631814105e+01
2.604089264255581426e+01
4.010489212770094269e+01
3.917632442111909086e+01
3.087908218756313516e+01
3.512866361485276911e+01
4.073105338581539314e+01
3.627137519261373910e+01
4.072510809887765504e+01
3.933406467471543522e+01
3.953185339891227557e+01
4.133744018999013292e+01
2.201429840360227530e+01
3.712770072976634594e+01
3.878285801255687204e+01
3.762247746029380835e+01
4.134798926918288942e+01
3.817766438728452272e+01
3.621799312107669522e+01
4.004462405667715075e+01
4.008876143360134137e+01
3.501548087255771691e+01
3.851073789019527283e+01
2.890637816421531880e+01
3.711298340043374111e+01
3.029006736787489373e+01
4.029654947094934414e+01
2.904634324021667879e+01
2.421331304007738083e+01
1.516338576042469732e+01
3.707499494814541663e+01
3.606610765667519303e+01
3.598411615863062707e+01
2.973312572036126511e+01
1.663430661251573639e+01
3.039877136554917314e+01
3.205385133465363623e+01
3.538616656264563431e+01
3.793967175263740188e+01
3.309354002295833652e+01
3.880771527673699950e+01
4.085386922450908997e+01
3.480507217391584618e+01
2.108266425203390071e+01
3.098101038915334371e+01
2.500166720886602079e+01
1.453713620862480127e+01
1.831675531926399714e+01
2.649611636994182717e+01
3.931333143692432230e+01
3.683719992147039335e+01
3.561299980662264630e+01
3.659682146820238557e+01
3.989177067310932756e+01
3.519488574479959198e+01
3.622076705580104061e+01
3.967328928718597325e+01
3.034467731218765252e+01
3.692657940384327730e+01
2.521897758708463755e+01
2.934001675105974627e+01
3.634141015495010407e+01
2.290378803791779561e+01
3.329554868444274263e+01
4.380214978432772455e+01
3.478923073251529274e+01
3.118569297827903242e+01
2.855540982085933166e+01
4.019190901770021185e+01
4.051218703478285477e+01
3.555193963504717658e+01
3.073913017132304049e+01
2.817089853073396810e+01
3.866808262734141977e+01
3.802688044514378873e+01
3.342852717422523767e+01
4.022011585900373376e+01
3.296726107908518344e+01
3.204239774742523394e+01
3.720233372277660067e+01
3.071467059540419697e+01
3.556532718348066879e+01
4.038911161702660735e+01
3.958892724308410749e+01
4.025126840127850869e+01
2.642744465430851974e+01
3.371732274738653956e+01
3.672658852669987084e+01
1.567937189762634453e+01
3.755498943559013725e+01
2.604939706276322298e+01
3.602189027046737380e+01
3.714692717875846739e+01
3.696699340171618076e+01
3.933519734927613598e+01
3.805841828749464639e+01
3.599571658429330512e+01
3.634447257432213974e+01
4.063863012857205348e+01
2.234105114029883055e+01
3.838781070998638256e+01
4.111716211401876109e+01
3.498901740571643870e+01
1.904129591629956764e+01
3.267046389213525259e+01
1.299500716128388866e+01
3.858615333133369063e+01
4.045394721204298349e+01
3.843518381438168063e+01
4.023782449206634482e+01
3.696099586866058928e+01
3.849898590306506208e+01
3.255749234895144184e+01
3.855044661031173092e+01
4.136932997469461526e+01
3.922796482126442896e+01
2.487522414733510345e+01
3.595674780522337954e+01
2.745805170885299873e+01
3.800900741297490981e+01
3.830204258321023048e+01
3.713923992125234008e+01
3.826827969063412382e+01
3.895057001436325095e+01
2.183778448327623067e+01
3.887053579430614292e+01
3.258206100864271804e+01
3.718128547167638231e+01
4.103022767426205064e+01
3.843620234895067256e+01
3.654704591068568931e+01
3.961120358296353317e+01
4.047835967292969173e+01
2.670523452359397965e+01
4.034123644330511382e+01
3.826533765983421631e+01
3.417787187245979652e+01
2.435966468302950005e+01
3.060184487565146227e+01
3.861617177662247258e+01
4.312008110490819490e+01
2.152074695134212945e+01
3.244162877468671979e+01
3.906128393043421454e+01
1.632960807582368545e+01
3.934452834573372826e+01
4.080725580550441833e+01
3.878944229519013476e+01
3.702525750664261039e+01
4.145356313507966206e+01
4.029031083182265149e+01
3.330330740496425079e+01
3.859739272616090489e+01
2.468584389184633210e+01
3.068760658103008865e+01
4.074423584305342416e+01
3.924676871627006136e+01
2.215796941010006904e+01
3.943449808705305060e+01
3.924531249465769633e+01
