4.191653541515547943e+01
4.028836934402151115e+01
4.385020331760170365e+01
3.486316380544369053e+01
4.369747734767566527e+01
4.040658117897368129e+01
4.087109409643895930e+01
4.084797941332031002e+01
3.893432799515479559e+01
3.940145592183598922e+01
3.918095743587904423e+01
3.994680663340627547e+01
4.231998557578695852e+01
4.227779506646295715e+01
3.990300893433059315e+01
2.950308200263633651e+01
4.166943862328160719e+01
3.948760153682712115e+01
3.860217703560111602e+01
3.493202870089014311e+01
3.745885862556263390e+01
4.011936206941885530e+01
4.307920506901473345e+01
3.435981235772755582e+01
3.799601978970260774e+01
3.656444957931943662e+01
3.850293994856269109e+01
3.603119355485741693e+01
3.772694184304368292e+01
3.909099643448791994e+01
3.014518514351852474e+01
4.101374524789746090e+01
3.039009933636383920e+01
4.048535923016751781e+01
3.601210200196445754e+01
3.297815920637123099e+01
3.659509881439716139e+01
3.616793977186875253e+01
3.733361741664683819e+01
4.003299412429064574e+01
3.363877799561117854e+01
4.175870657614534309e+01
3.727865039240612077e+01
3.936246931785368020e+01
4.149828225103888002e+01
3.963458890590158745e+01
3.857890118618156805e+01
4.039751332158958519e+01
3.048769958476887254e+01
3.470576060178613886e+01
3.707319620967876972e+01
3.635912848679539167e+01
3.975966582177030517e+01
4.232926119896623618e+01
3.432608010970911039e+01
3.243980930000319773e+01
3.399603157375070595e+01
3.750168066605268535e+01
2.293653648829434033e+01
3.273829204916167157e+01
4.051693711494586125e+01
3.880130363140169436e+01
4.107322875900987924e+01
2.827807403997619673e+01
3.707170427649101185e+01
4.185470684232598870e+01
3.665160405868314797e+01
4.471809709130531729e+01
3.888656384501532415e+01
4.258844155223384575e+01
3.577203494378036908e+01
4.603899983112567895e+01
3.963925267990701684e+01
3.775322178211828827e+01
3.481568279685360068e+01
3.564649351438184510e+01
3.982685427984805671e+01
3.882831044244294105e+01
3.889406617929135734e+01
3.888378822059556938e+01
3.997795798950451029e+01
4.226239169195051204e+01
3.912534480839028816e+01
3.903847373033514145e+01
4.061449101487986013e+01
3.272210479080110446e+01
4.119336478382196987e+01
3.873474522089228600e+01
4.002484233714494621e+01
3.815535643356110285e+01
3.797835670038871569e+01
3.939673338403807890e+01
4.094072648889125077e+01
4.385253959270653468e+01
3.616313634540262711e+01
3.671096150894047838e+01
3.703801465993917219e+01
4.079282656922103456e+01
4.003311582721105566e+01
3.292682356042902114e+01
4.012808613214615150e+01
4.287372153160488608e+01
4.238575758679274941e+01
3.589226009265066608e+01
4.101307488756604869e+01
3.929784595303171102e+01
3.114482685972755149e+01
3.953765373716879594e+01
4.043298490588242089e+01
4.159624172714200085e+01
4.037445371831007890e+01
3.801528181577815957e+01
4.075697145020082957e+01
3.652318284071699850e+01
3.612636317380226103e+01
4.010616788175394731e+01
3.262870059988357951e+01
3.900513078439103509e+01
3.566336928489076996e+01
3.984467943941596957e+01
3.633038445208409684e+01
3.705162622579539544e+01
2.197302419658076289e+01
4.180246139690689944e+01
3.730132814551225096e+01
3.295101656142634283e+01
3.616795574456337192e+01
2.702902890184615003e+01
4.047133460831363294e+01
4.077078691828619128e+01
3.959131846638402408e+01
4.042484955337181418e+01
3.927477755900895318e+01
4.035731069147974637e+01
4.103600106009877635e+01
3.095025876494381123e+01
3.906954691014309589e+01
2.316527265858704965e+01
3.273828516192514115e+01
3.872422480053401728e+01
3.885810052553633653e+01
3.958627251086861065e+01
3.460872678307578099e+01
4.079684484078593698e+01
3.890193537628725551e+01
3.965052755673726637e+01
4.100793332457899965e+01
3.743886654863734265e+01
3.909843092874856296e+01
3.893175849754555884e+01
3.990420036934855119e+01
3.651537677906181756e+01
3.712034433532600275e+01
4.099362288420648071e+01
3.696377964312582520e+01
3.808042976417855385e+01
4.007573936548646998e+01
3.968748407362580366e+01
2.467688622652250530e+01
3.924658907637415695e+01
3.984467813553678894e+01
1.871674617325285439e+01
3.491732872802145948e+01
3.600743488871594877e+01
3.549631421023433830e+01
3.618445016665928193e+01
3.584796061939877632e+01
3.445114117511177909e+01
4.004656984031808520e+01
3.876985337416885358e+01
3.526324929517380724e+01
3.937363958004081610e+01
4.096187790217596358e+01
3.965963293898581554e+01
4.018607296451519062e+01
3.531135329460189354e+01
3.544151715772582634e+01
3.859239668688579883e+01
2.437431313529802779e+01
3.349456478424198025e+01
4.327696276164100198e+01
3.910421820182671127e+01
3.750420996268661611e+01
4.336702265656820288e+01
3.843594910372065243e+01
4.303398848482162720e+01
3.776722651301580669e+01
3.611225157675713149e+01
4.025698693975446929e+01
3.717707788891488718e+01
3.969766551254838305e+01
3.486370841132746534e+01
4.300766274182781501e+01
4.064991146290298474e+01
3.733209792667418014e+01
4.007364793033441686e+01
4.154647085365682813e+01
3.980099527593409903e+01
3.836392074461245016e+01
3.592003813213092656e+01
2.917963279763607076e+01
3.326221324531886125e+01
4.012902204568522535e+01
4.091272048368276870e+01
3.022413209984094706e+01
4.119996256308623117e+01
3.296362088030070936e+01
4.109054643344325797e+01
4.257544518228542074e+01
3.916406527634310208e+01
3.865620919463276550e+01
3.940433266096644616e+01
4.157934568639230122e+01
3.995808232492871070e+01
3.913630925485975354e+01
4.060003471682996690e+01
4.053535959672982614e+01
4.286337793878417557e+01
3.786931358824873683e+01
4.025547798493406759e+01
3.812275443076848802e+01
3.760236084249296340e+01
3.602717360849081984e+01
3.778215578547155218e+01
3.860185897627053464e+01
3.975303434818634685e+01
2.667893518729679059e+01
3.302875030601974515e+01
3.580793638258698763e+01
3.104723554101213523e+01
3.598009189736224300e+01
3.938838071155600318e+01
3.707260746351538927e+01
3.991832506173800965e+01
3.415667644097502631e+01
3.378048745269524744e+01
3.221792677952738160e+01
4.009112308894840737e+01
3.958479784596131879e+01
3.523726761145274367e+01
3.940756001406841591e+01
3.708987165133867592e+01
2.881388136183861448e+01
4.121497385096390076e+01
3.605565081071360112e+01
3.948989777441787652e+01
4.038567946204031500e+01
4.166114241681476926e+01
2.688347307075284931e+01
3.751889004720391085e+01
3.506358298704926568e+01
4.060359533142597854e+01
3.870093667617451416e+01
3.311058245172606718e+01
4.192519403075930740e+01
3.982081495213358124e+01
3.935770784854942406e+01
3.462862083508391464e+01
3.399385265836549763e+01
4.012501094166380256e+01
4.037165119429447202e+01
3.856993273592660643e+01
3.813854482501718479e+01
3.789545331595063260e+01
4.080595282945755287e+01
3.640376880629049339e+01
3.977143492880720288e+01
4.092256190591376708e+01
3.215827710338623291e+01
3.791082676849325850e+01
2.673605655346683108e+01
4.311313166961048182e+01
3.799479536344670549e+01
4.012908275306362071e+01
3.746653650822204895e+01
3.338012957071016018e+01
4.316643195794468113e+01
2.683049343849005908e+01
3.865709414464770077e+01
3.902244961721049066e+01
2.416618361236220736e+01
3.972874372554208122e+01
3.381753948723117276e+01
3.920618167598851755e+01
3.967975734011961464e+01
3.781205243108892233e+01
4.094754065835650891e+01
3.725219058094233304e+01
3.802456261530996784e+01
3.706533413807419919e+01
3.760733034212191939e+01
3.496061207918729963e+01
3.820983640363614597e+01
3.751010085757237533e+01
3.881092134257271198e+01
3.396378343793997345e+01
3.471909932069259241e+01
3.550423927456274953e+01
3.158933175963298723e+01
2.933107205559246822e+01
3.038659212992589431e+01
3.864942951848094310e+01
3.818993604319407353e+01
3.812192813436476513e+01
2.816831447997621751e+01
4.199967289271980775e+01
3.919915298146657534e+01
3.818014221273251962e+01
4.174268772273567407e+01
4.113370648151648368e+01
3.539258543142724989e+01
3.769707335244239488e+01
3.494108660025994340e+01
4.324780339849974098e+01
4.124769724139941474e+01
3.322072785912435933e+01
4.105346325295592891e+01
3.976807277944936914e+01
3.803597287753067491e+01
2.859630108175903374e+01
4.067485488135285721e+01
2.760288786261316929e+01
2.705546580026573977e+01
3.697373680475772062e+01
3.860976928639726680e+01
4.103783443556724819e+01
4.083460657484997114e+01
3.767517974957821991e+01
3.864967872874952803e+01
3.928973245403447123e+01
3.537984910829089102e+01
3.713335628118595366e+01
3.902699888280385210e+01
3.182176212146945460e+01
4.037088756241945475e+01
4.063910751148323897e+01
4.019457274296841831e+01
3.839214871747336844e+01
3.486858118459372236e+01
3.883021819206139469e+01
4.155515030452651359e+01
2.818087061222093936e+01
3.929327856173681255e+01
3.539985831192593935e+01
2.366006325929984300e+01
3.387665503340275563e+01
4.202002884288265250e+01
3.203753337425903425e+01
3.553005041016771060e+01
4.083470159172654235e+01
3.667633327273073718e+01
3.259176157207319591e+01
4.416571537909632639e+01
3.302672030075942189e+01
4.038127709247849140e+01
2.551159196273006557e+01
4.098189544368653259e+01
3.796219334938917456e+01
3.369083081938550350e+01
3.803436626855022240e+01
3.574278811770494713e+01
3.552428857510489735e+01
3.614660310207551674e+01
4.179376787478381061e+01
4.102162122561318824e+01
2.699650617165140432e+01
4.090508972848280678e+01
3.727224863883685657e+01
3.330623944418908877e+01
3.256897087900838272e+01
3.677140923671954198e+01
3.805572760035090596e+01
4.015345117940653807e+01
4.046872908433433480e+01
3.680545346656314365e+01
3.884591245425022521e+01
3.606141415068490375e+01
4.030243551816055003e+01
4.098803096257373113e+01
3.388817264882251123e+01
3.900190580143357977e+01
3.974832698926351782e+01
3.286180461595768776e+01
4.068967178089879155e+01
3.527006077541984297e+01
2.547112759648829439e+01
3.858011085291256137e+01
3.882428101187396408e+01
4.012914045890494208e+01
4.236918983975760256e+01
4.040419021745075412e+01
3.902078963414241741e+01
3.867536957874776249e+01
3.928058726024670477e+01
4.083038520222843459e+01
4.315416107968230364e+01
3.378319736572727550e+01
3.017720083602190684e+01
3.258194654841388882e+01
3.893481518017022580e+01
3.846281809174772803e+01
3.638511275464516359e+01
2.964486852445618226e+01
4.071946402130001275e+01
4.010893913456136772e+01
4.143995936790613399e+01
4.012883506096092390e+01
4.274522963727470426e+01
3.905046064040996612e+01
3.237120090085681312e+01
3.590351585243860200e+01
2.705408104979666462e+01
3.831754177716663179e+01
3.354845982316982855e+01
3.739843330515695641e+01
3.707856976638401392e+01
4.105094203177672796e+01
3.721089878951934793e+01
2.717783077620472909e+01
4.024967275516833354e+01
4.000092373470483409e+01
3.770393418421362952e+01
3.729522951397196096e+01
3.987598773210880410e+01
3.093328491745680253e+01
3.700699175407390840e+01
4.008692977044007222e+01
4.219517462088330007e+01
4.035986822011983577e+01
3.748202798662274660e+01
3.637535803316116301e+01
3.614045994441107723e+01
3.660610073965506217e+01
3.818669465616984837e+01
3.764160569237343879e+01
4.039338492179098239e+01
3.698358256008365430e+01
3.552691992281889810e+01
4.368692672871711125e+01
3.560479381372898189e+01
4.059746943910320738e+01
3.156615356327068866e+01
3.239779123183738818e+01
4.110285014815420368e+01
3.837201464783610305e+01
3.961038971022374966e+01
3.489379922569495562e+01
4.112701601208490132e+01
3.720042607850796657e+01
3.898079100100233774e+01
3.930623979866355455e+01
3.387982451922297855e+01
3.917020933256588933e+01
3.194540346124813723e+01
2.838086418422273027e+01
4.035308369335168521e+01
2.525572973453697045e+01
3.897261137312109014e+01
3.646527549288239101e+01
4.141304555892085659e+01
3.089998285764932007e+01
3.897430271792798351e+01
4.275035251042630335e+01
3.820495755258876613e+01
4.133612059557636798e+01
4.014360482933962970e+01
2.787980729128994994e+01
3.951716238721655117e+01
3.624951750593837119e+01
3.842766933735817503e+01
4.033835489783111683e+01
3.421991271150745462e+01
3.780577289995842705e+01
4.164931616265781855e+01
3.342009702049466568e+01
3.721812835317848567e+01
3.961745940033036817e+01
4.153099131863591964e+01
4.074804811560400708e+01
4.144858723151015312e+01
3.635262545960249270e+01
3.797287938969381571e+01
3.466593123868991455e+01
3.978877013632626358e+01
3.455778183078322030e+01
3.762015775707152443e+01
4.034255565015455858e+01
3.787106839879260889e+01
3.236075307680840751e+01
4.083877647218734097e+01
4.047925871994235791e+01
4.119432915088319191e+01
4.100609310443001476e+01
3.668166286460976977e+01
3.307656665482405600e+01
1.956247718078289566e+01
4.026325334087707120e+01
2.488692705050231524e+01
3.651236365992303234e+01
3.829514289259946480e+01
3.173447672240805062e+01
4.019647893845790776e+01
3.552472118133365342e+01
3.864554525122414930e+01
3.577302471495041658e+01
3.921768758435024438e+01
4.120951385430507941e+01
3.813273635922413973e+01
3.634737283163087795e+01
4.364357547689549932e+01
4.244879510660733501e+01
4.084585814985564411e+01
3.677381448207026438e+01
4.193910363502968153e+01
3.282614925197928102e+01
4.004439896822619716e+01
3.318373973508014529e+01
4.235432939705746946e+01
3.246917051864345183e+01
3.554561281200945189e+01
3.935044628558772928e+01
4.123061426251408079e+01
3.745229774565085989e+01
3.484308548507267034e+01
3.909179663085582490e+01
4.183988239165722689e+01
3.478958960935728584e+01
3.551567798892710925e+01
3.235151258127095275e+01
3.137709588219563983e+01
2.911039834329099207e+01
3.586115606675053868e+01
4.126515029792082601e+01
3.961528907495863905e+01
3.998293665646075823e+01
3.686138387963716667e+01
3.846628844692106242e+01
3.663800029574793626e+01
4.221519800413488355e+01
3.855397343974892266e+01
4.069827334609183112e+01
4.076770336849532583e+01
4.070462328579463929e+01
3.466162727348017114e+01
4.371057007451130971e+01
4.166769162760172662e+01
4.411306647325243802e+01
3.762741455804742685e+01
3.289110811083767061e+01
4.311675905815624077e+01
3.366239002255639434e+01
3.996551623913642715e+01
3.866748603702735920e+01
4.363145691448777086e+01
2.841851361676959797e+01
3.748923374260768071e+01
4.079773092911605659e+01
3.723409290816953643e+01
3.564678399464656877e+01
3.479723265226429163e+01
3.089926377122420575e+01
4.094239690941576271e+01
3.978103453838022574e+01
4.237182967738695538e+01
4.267829732293306932e+01
4.310155354594454735e+01
3.396595237316554972e+01
3.697453472585734602e+01
3.633691049542817098e+01
2.397489032434551604e+01
3.149627278491084326e+01
3.812507915157641492e+01
3.961085701026324557e+01
3.081228967795301443e+01
3.999387224004416197e+01
4.103916403752575803e+01
3.482317618610966292e+01
3.828182895942227049e+01
4.139222749929712108e+01
4.051946903672060074e+01
3.916546733313613515e+01
3.410627910684365816e+01
3.842942254993245399e+01
4.180016345877458406e+01
3.355371565442464998e+01
4.389038713381747669e+01
3.859873739956128702e+01
3.890364174290721166e+01
3.735681472216049315e+01
3.900107017881048677e+01
4.271428843636144990e+01
4.325553155963224583e+01
4.076643181126145521e+01
3.472556946376333542e+01
3.689808683607480333e+01
3.964355273791129264e+01
2.322842989989382900e+01
4.056817018074898584e+01
3.742779331242177676e+01
4.096395028479183509e+01
3.940904731376551240e+01
3.974185876726078703e+01
2.050725533923443322e+01
3.987787599319016607e+01
3.543652046561622626e+01
4.131048743916351640e+01
4.024065308531697838e+01
3.269943313030722720e+01
3.722311801931681430e+01
4.051199310712187440e+01
4.065962871179209515e+01
4.246000028484844790e+01
2.881860480133635249e+01
3.897651661921291577e+01
3.637414315576278767e+01
3.595412029190497094e+01
3.944620648184285727e+01
4.017902049905109862e+01
3.632192717819395256e+01
4.125047663182350988e+01
3.849341735317118207e+01
3.102502392874275117e+01
4.160758789082487397e+01
4.153486020479908802e+01
3.955306792968582386e+01
3.687985116299694255e+01
4.139301250217341988e+01
2.498324732922806746e+01
3.878416917689240506e+01
4.347951222203745658e+01
4.058679502967274288e+01
3.520129077881798452e+01
4.221540737256716369e+01
3.687989942253631170e+01
3.514373988598951826e+01
3.874580208802952797e+01
3.996069847582035806e+01
2.833657990287978734e+01
2.538543223168435148e+01
3.945087946456770567e+01
3.863118378851566348e+01
4.123931448838927594e+01
3.955610950736895148e+01
3.529043453321992274e+01
3.581465293350655088e+01
3.993408891499632318e+01
3.699861062781633336e+01
3.685858840325830244e+01
4.082380727770411966e+01
3.783627603412961804e+01
3.690848326055940731e+01
3.538625086350391769e+01
4.062116022121430348e+01
4.072910621166765566e+01
3.726434647577955417e+01
3.152982020233557137e+01
3.957308170464959574e+01
3.350589076410902578e+01
3.440170157461366074e+01
3.238746515572136531e+01
4.058571813524764593e+01
3.936052030276353264e+01
3.874906310140162446e+01
3.923004325905112211e+01
4.261553020542389447e+01
3.777689395003085338e+01
4.198308362862100296e+01
3.994323874949657949e+01
4.014513356314383685e+01
4.005043081656666004e+01
3.548136587618756010e+01
3.692709457739577772e+01
4.119596308415825092e+01
3.579732289990791116e+01
4.102823417842334663e+01
3.394654485483159334e+01
3.860387676746079677e+01
4.050240319366395170e+01
3.532504305955242785e+01
3.498878084170078040e+01
4.044229824073386936e+01
4.161076427286047164e+01
4.143263439995513409e+01
3.944289749589833605e+01
4.095366787604658754e+01
2.307273441969794092e+01
3.655905752767859695e+01
4.088943231043809590e+01
3.735250881277914914e+01
3.517128321016975434e+01
4.193592185347733192e+01
3.953106261228713691e+01
3.335455623781732015e+01
4.303866569566266520e+01
4.168531080455419158e+01
3.454619751358428204e+01
2.524866993707565754e+01
4.166583313543696931e+01
3.996717003706765325e+01
3.926877428107958679e+01
3.500037531751861053e+01
3.881398334063038646e+01
3.876348752172329881e+01
3.219750797913091134e+01
4.095154252733895106e+01
3.909525624451988790e+01
4.076748095775129599e+01
4.050314598876496319e+01
4.316405183913791177e+01
3.972684192523048807e+01
3.948381843859225171e+01
2.427169229560988484e+01
3.546807891844582628e+01
4.230567347321740357e+01
3.378158159418837414e+01
4.035570428677589661e+01
3.999908746407442095e+01
3.075311644969344016e+01
4.060614208308848561e+01
3.700662208452011726e+01
3.901480229577609293e+01
3.279550315880074152e+01
4.102327565087152550e+01
3.973897270569027285e+01
3.870781717075444561e+01
3.596041963008096332e+01
4.225347707552103316e+01
4.358546590377943630e+01
3.797560068820104107e+01
3.544543677307341056e+01
3.932608299487137060e+01
3.007954444497427460e+01
3.777592841220839404e+01
4.058255661552054505e+01
3.386374701540915311e+01
3.817166012086228477e+01
4.029068360483721278e+01
4.095504046542452414e+01
3.994763405714491711e+01
4.358694246239346626e+01
3.978973605966541527e+01
4.088609013331718245e+01
4.378050254787108031e+01
3.264267065820664016e+01
3.846374081353722119e+01
4.149882509741130576e+01
3.822241688062279508e+01
3.638466957592704176e+01
4.152557793133544095e+01
3.435179629323124573e+01
3.848766961533709008e+01
4.114615527356024671e+01
4.092682015221051728e+01
4.099567814769059737e+01
3.868994425166689410e+01
3.717749639811164286e+01
4.181503452955693234e+01
3.580465473354023942e+01
3.764274499086317149e+01
3.483441074738408361e+01
4.021564660774450317e+01
3.941516983745121649e+01
3.461773854329569389e+01
3.333286490285917836e+01
3.881138592092904105e+01
3.865263584745873260e+01
3.767856498109554053e+01
4.064691790657611392e+01
4.073707705267322865e+01
3.828126309025358154e+01
3.858129986456566485e+01
4.325645361557723589e+01
3.916278901915273991e+01
3.981628113114300049e+01
3.310900821145361306e+01
4.303740293936247951e+01
3.948975596324702053e+01
4.131918499423618130e+01
3.879494067758592735e+01
4.180937085076026705e+01
3.956873376469145143e+01
3.776925970678782818e+01
3.959864827376542706e+01
3.775940104776864814e+01
4.028531426297436724e+01
3.595084017329942583e+01
4.000714475080089017e+01
3.728045529425472182e+01
3.898495321970830219e+01
4.130452118889250102e+01
4.070744359959410730e+01
3.772499500320414967e+01
4.216306629540896722e+01
4.067418185424263299e+01
4.273150071826311347e+01
3.129716090079319102e+01
4.047830200853711347e+01
3.756319288612425566e+01
3.935676584645013065e+01
3.751374815360452430e+01
4.154978151151938448e+01
2.412538862622717772e+01
3.399074856592829263e+01
4.195129011969755339e+01
3.710305423687810844e+01
3.964532690477891208e+01
3.878433042925910712e+01
4.114268325565635820e+01
4.080142923371411712e+01
3.223919514896380889e+01
4.114007736985260522e+01
4.152792223072824385e+01
3.872741457537384235e+01
3.604863222057383609e+01
3.954768640255973366e+01
3.693719900721418270e+01
4.494747894030414415e+01
4.195742287258408254e+01
2.996418479301355120e+01
3.775847549740821307e+01
4.063760995937742138e+01
3.916996933897324595e+01
3.928228569283212579e+01
4.006956013254742999e+01
4.213035011095087157e+01
3.165193561231843233e+01
2.332242146510817449e+01
3.928169270165444260e+01
4.281723590992918105e+01
3.473626944894837720e+01
4.064032512185203672e+01
3.729032384470315264e+01
3.095513677734448521e+01
3.948118977970106158e+01
3.614805544067387899e+01
3.919906146710354733e+01
3.937935134426917472e+01
4.111259326856784213e+01
3.777285183728462670e+01
4.386362354435024713e+01
3.599858579160583361e+01
4.032258873133554999e+01
3.886206206494253479e+01
4.159695539053249291e+01
4.052519248001980401e+01
3.936027081606864897e+01
4.038137793511149454e+01
3.754596141865043535e+01
4.143714049412007228e+01
3.599368138776289072e+01
2.548238426860910266e+01
4.224852808803865400e+01
3.239264547218321866e+01
4.040614048415499582e+01
4.690756026215285601e+01
4.051645867268118906e+01
3.716429690838289446e+01
3.997486837822111028e+01
3.931707237065226224e+01
3.637834151117357351e+01
3.706589933180107721e+01
4.136476458719830873e+01
3.911286195712049363e+01
3.829980277683403500e+01
4.064911730716688254e+01
3.921855361772926329e+01
3.407887163306727274e+01
3.764310805349185785e+01
3.414805760512901145e+01
3.864018661363182616e+01
3.435810837597891521e+01
3.100680235913484495e+01
3.736861369577404446e+01
3.884732697052125161e+01
4.031371403527934660e+01
4.403945383649192280e+01
3.848745166796697958e+01
3.820949303057685142e+01
3.714120833804928168e+01
3.544548902387666089e+01
4.158464957748201840e+01
3.605620356734925025e+01
3.686718311384566249e+01
4.092561983800504066e+01
3.589059940492860079e+01
3.502693185527058262e+01
4.446143531394262283e+01
3.627160253457658712e+01
4.449288590377283725e+01
4.123874329933763505e+01
3.983514154221590786e+01
3.639928635468434237e+01
3.713753028738700124e+01
3.309967086765274757e+01
4.040041840309523735e+01
4.253535777595367762e+01
4.092155907581550878e+01
3.316935697173473585e+01
4.161415544457167925e+01
3.181809492584931576e+01
3.426752837522231232e+01
2.743946901306544106e+01
3.644647588956318884e+01
3.925707113515115765e+01
2.233608414739271808e+01
4.171079913045194587e+01
3.942666788889367524e+01
3.778331714246807138e+01
4.129039247673336632e+01
3.762882734378978000e+01
3.772787933054864595e+01
4.045334588483472515e+01
4.316165218342749910e+01
3.970002113429769963e+01
3.926596936606468802e+01
3.981295925509644462e+01
4.330516135097384733e+01
4.253987077051716170e+01
4.096095287467208124e+01
4.138786447832364956e+01
3.290601117274548670e+01
3.295496471909501679e+01
3.905747163831048852e+01
3.954231296628877601e+01
3.791698583613301565e+01
4.068331411337093328e+01
3.360822757888417556e+01
4.072595542302393312e+01
3.603560100258415844e+01
3.510691338707499654e+01
4.103549357109552176e+01
3.970939100634540608e+01
3.904384724025500475e+01
3.674744584292086813e+01
4.262938859151510940e+01
4.126693201015884682e+01
3.806544387628464676e+01
3.421395241072659843e+01
4.067586014770080993e+01
4.083552872406767875e+01
4.202375042614656309e+01
3.994380335244360936e+01
4.288318929159351711e+01
4.139676482790839174e+01
4.498133615637519256e+01
3.449719301342415889e+01
4.333615036951815114e+01
4.009917611745980537e+01
4.138783355226235727e+01
3.680931175026026381e+01
3.668788532491731047e+01
3.642459605039149295e+01
4.355008805269795147e+01
3.509702417503173422e+01
4.274987438964907938e+01
3.818546522552907163e+01
3.154264559830077985e+01
2.603883507876399150e+01
2.987255552776641565e+01
3.874519216448310033e+01
3.907291707406343306e+01
4.151243191043196390e+01
2.485920025783665821e+01
3.961629780504939191e+01
4.013423344600509779e+01
4.113784475433956089e+01
4.114052179317460656e+01
3.066981848738457828e+01
4.282280604509857369e+01
4.245203464027821383e+01
3.911659110255158822e+01
4.117343056248431310e+01
3.193204945618688484e+01
3.733790979261445386e+01
3.269928023034017883e+01
4.147002088170562217e+01
3.796104359927207383e+01
3.507839393461330957e+01
3.498366802659901964e+01
4.248436361337282818e+01
3.790877120148683588e+01
3.414251944419144991e+01
4.186471307070830505e+01
3.500769139229744553e+01
4.117040118393880022e+01
3.940986567616450742e+01
3.723544782480903592e+01
4.295972580551588749e+01
4.217321829523595511e+01
3.449524247579567771e+01
3.984539635768412325e+01
4.135220909804770173e+01
3.881092650167392577e+01
3.822470890010150413e+01
3.714643739436147030e+01
4.024285273861796952e+01
3.870506200669156982e+01
4.005638050412026274e+01
3.980130514559453303e+01
4.121911724256460730e+01
4.164756229718049241e+01
3.952746080822593910e+01
3.750007012842929299e+01
3.883172046869966465e+01
3.242725991170899391e+01
4.050138139291362194e+01
3.827677440578037249e+01
3.941909798982143798e+01
3.839583333245705887e+01
4.140442404808467813e+01
3.737879909396898626e+01
4.050549444544612498e+01
3.933815860153675459e+01
3.851032523180034417e+01
3.968500044453393372e+01
3.594638130158939759e+01
3.809159144650090667e+01
4.137771749615830430e+01
3.667864255550796315e+01
3.880791642199648805e+01
3.265979155657267086e+01
4.261601962695027623e+01
3.708518458363806758e+01
3.847062925312302184e+01
3.075950103552595039e+01
2.743791031219003429e+01
3.512108532245820669e+01
3.535640808996861750e+01
4.030687814006711278e+01
3.130001678864340064e+01
3.673275162624602075e+01
3.953678603549756332e+01
3.731378347796611195e+01
3.828963293271227286e+01
3.937664006847609954e+01
3.926459926529543054e+01
3.465183777230443241e+01
3.727169001301844986e+01
3.972594850688371082e+01
4.102068829061639832e+01
4.171870962345656153e+01
3.376186530998568713e+01
2.873145237847595013e+01
4.117537139252861067e+01
3.983280807245324695e+01
4.082640345190593933e+01
3.762088792957160877e+01
2.088765480138263797e+01
3.729924732982271962e+01
3.498813544769789985e+01
3.897463427272865033e+01
4.052806923370418701e+01
3.966220754057434306e+01
3.624630762797460903e+01
3.551442767372547848e+01
3.806758885393918490e+01
3.572593214233430103e+01
2.763547529125943214e+01
3.994428630920275936e+01
3.162778268668196091e+01
3.802266471949008064e+01
2.362584241586263545e+01
4.072856690405201618e+01
4.392778947623041574e+01
4.281061155068324808e+01
3.852620841495239290e+01
4.169103977793228211e+01
4.029892761741105289e+01
4.007014444792302754e+01
3.910206853716609032e+01
3.468249513110508531e+01
3.794448484867999127e+01
4.257662034045458910e+01
3.962960214536003178e+01
3.929361317994737846e+01
3.686831985968854042e+01
4.224537349350811155e+01
3.500747325204827831e+01
3.962696582922125543e+01
3.342694297505028089e+01
3.132305455252085480e+01
3.844430154254406062e+01
3.968969304605548132e+01
2.270810278394434789e+01
3.858490503706572383e+01
4.053506091566416814e+01
3.855908695588780688e+01
3.866559340106700660e+01
3.673858271124768748e+01
3.704449606692865871e+01
3.942777518877083764e+01
4.001083769187210493e+01
3.958135121449171123e+01
3.856187801855732999e+01
3.725362663570851396e+01
3.696411050287279210e+01
3.685061797091920255e+01
3.507396456246340932e+01
3.587906648056341652e+01
4.049600270423892567e+01
4.098409013828822367e+01
4.042815214094489562e+01
3.928889627005531793e+01
3.972842022714906562e+01
2.744831697179181873e+01
3.838296202795304168e+01
3.380586924151678829e+01
4.067270698313332389e+01
3.914046244000313379e+01
3.551836415414739179e+01
3.755096465235639158e+01
4.119977321227391798e+01
3.794074463396176355e+01
3.806216358111100106e+01
3.575868468944079126e+01
3.884110211124598067e+01
3.910527765864443239e+01
3.222741295236482273e+01
3.321732012713381010e+01
4.066926207522390513e+01
3.711611711755372767e+01
3.639854682963190413e+01
3.699646577391937541e+01
3.615838349992149148e+01
2.643755649291750132e+01
2.676274801153029870e+01
3.783379125816546207e+01
3.210712983702519807e+01
4.072722950533474773e+01
3.666439973749015735e+01
3.214091285354722061e+01
3.210263798961175041e+01
3.261621314493140034e+01
3.927295868480988617e+01
3.945450315742280623e+01
3.638303446327105917e+01
3.773313690430343570e+01
3.236115567494194778e+01
2.431645395065119430e+01
3.221052518607390169e+01
3.319165478951514103e+01
4.119772568265042878e+01
3.608981706898133268e+01
4.180801610461305984e+01
3.811199715176019964e+01
2.880118701342094312e+01
3.905585623081356061e+01
3.865405620321450897e+01
4.013634238748362293e+01
3.804832968658561043e+01
4.095083295669492429e+01
3.638734238785747976e+01
3.715869068374561124e+01
4.185811724897587283e+01
3.404840804904279139e+01
3.712839096660601967e+01
3.314170266290416578e+01
4.052271459952439159e+01
3.146963407002528612e+01
4.141328685998571046e+01
2.690780792005098476e+01
3.895950631086904536e+01
2.762138056679658504e+01
3.933145394138019668e+01
4.147355908131746105e+01
4.267765342036072695e+01
3.418136157905093597e+01
4.032601317830390286e+01
3.701820462958218627e+01
4.021786972662188475e+01
3.824559405525632627e+01
4.248620170143821895e+01
3.624424681247192837e+01
4.040616911324229932e+01
3.877856107252409146e+01
3.742546129018792556e+01
4.159608698015821204e+01
3.849860396440273291e+01
3.903460197988087543e+01
3.501109734228556647e+01
3.732972033367012443e+01
3.983433059828974621e+01
2.118081399979013213e+01
3.768259145216186567e+01
3.469461088577727281e+01
3.950537692112485644e+01
4.224265548418743776e+01
2.774327004517074968e+01
3.480501772227710688e+01
3.583188797225474076e+01
4.006807989259399960e+01
4.021327273485505316e+01
3.662802592155956916e+01
3.367540031989844351e+01
3.639510713702309630e+01
3.904440804577991742e+01
3.530018068484478277e+01
4.043650967395655016e+01
3.596092216848748535e+01
3.884672638999842320e+01
3.187823169009543989e+01
3.913935050463388166e+01
3.795998138613147432e+01
3.377174138092454569e+01
3.680052102814138948e+01
2.378301363564667881e+01
4.082295921483341772e+01
3.878781041022639897e+01
3.272564814911626740e+01
4.050611446661786630e+01
3.431325863968349665e+01
3.614051141021865732e+01
3.980938404546652976e+01
3.024828876094921171e+01
2.903978673616150985e+01
3.841099243013128728e+01
3.185596795289656313e+01
3.301048606739054492e+01
3.595647279659036855e+01
3.930631699192427675e+01
3.533550740275183699e+01
3.594145311207005733e+01
4.204945572556489708e+01
3.372466392376527722e+01
3.623195426308377876e+01
3.778654470705952662e+01
3.557958158975255714e+01
4.068860471928485367e+01
2.644434196953595162e+01
3.387528472286377479e+01
2.216437082923892987e+01
3.076721287798686078e+01
3.389321512835110894e+01
3.599675740510394917e+01
3.877959737743195490e+01
3.406450971122151117e+01
3.792187257670666867e+01
3.990637008570256228e+01
2.920884117340729347e+01
3.063095321497245749e+01
3.604418670377209111e+01
3.666336306609479578e+01
3.848859014254126976e+01
2.959780059165150590e+01
3.210703907525352463e+01
4.099813641911030260e+01
3.988181238730783917e+01
3.743141314624273974e+01
3.700377794338388782e+01
3.629209721899411534e+01
4.069251923045047192e+01
3.835532754822389734e+01
3.247249741183899374e+01
2.619902132257054816e+01
3.969081776871038869e+01
3.656985559016063547e+01
3.551181353640110672e+01
3.299473290737777376e+01
3.906618126764698218e+01
3.840136181765442558e+01
4.204846040045085687e+01
4.200864037826205788e+01
4.157116042542951106e+01
3.897918958656608623e+01
4.065682415631260938e+01
3.929955516070506150e+01
3.703271537439765382e+01
2.513529410210773207e+01
