2.772927414681544533e+01
2.520380835244954554e+01
2.764475409155285845e+01
1.832320637278484554e+01
2.742165845731506835e+01
2.859190308980338813e+01
2.543420788938581367e+01
2.191287988710432089e+01
2.881252032447152089e+01
2.688422411933715495e+01
1.836044297845932860e+01
2.363730217733703043e+01
3.217345033431186607e+01
3.213062143493907286e+01
2.279712991414069734e+01
1.735002861608981206e+01
2.976885204866315249e+01
1.903091992911743802e+01
2.766708376223068910e+01
1.842891664180097422e+01
1.376305961795467958e+01
2.592040596020133592e+01
2.933425497246010494e+01
2.696019451567406477e+01
2.134576995562751378e+01
1.608902707529647458e+01
1.649043058977089871e+01
2.647164092362761423e+01
3.258116909566491870e+01
2.169206010988025923e+01
2.111367697167163016e+01
2.630277701964204695e+01
2.540079672097212082e+01
2.971665715850857481e+01
2.438323311948820304e+01
2.660676911075522355e+01
1.794331035759374160e+01
2.725852560792097989e+01
2.383231885397251659e+01
2.955311612576970504e+01
2.770101933846540376e+01
2.599635910415294049e+01
1.866937190675773550e+01
2.161892936665369902e+01
2.953244221455479490e+01
2.544506536762748183e+01
2.524989063122627897e+01
2.010346418141675073e+01
2.134198885077726260e+01
2.395463767869047444e+01
2.115797656546659411e+01
1.541374977524786694e+01
2.209029124273468270e+01
2.873012247359273275e+01
2.541131500680871724e+01
2.301002074659604091e+01
1.147977113037785912e+01
2.639476070943439368e+01
1.847138230366097034e+01
1.956046489374836028e+01
1.956116516626600088e+01
2.592199297309225869e+01
1.866254409705952355e+01
1.887848835526191849e+01
2.047954008991819208e+01
2.973898266418592584e+01
1.952232997602272491e+01
3.112312741721286713e+01
2.802015068758689154e+01
2.958631233847287945e+01
1.544191054974046828e+01
3.083250322905775676e+01
2.131656638118955982e+01
2.558379702761371277e+01
2.417374554553953914e+01
2.011247644676054946e+01
2.577142400648554954e+01
2.268810147397106292e+01
2.559158644788783121e+01
2.549417513843202343e+01
2.771834348458679287e+01
2.951833631162202920e+01
2.332571203619649935e+01
2.144145147633714643e+01
2.752692555444593836e+01
2.157277997971439376e+01
2.792285858579624502e+01
2.929697691627962186e+01
2.666475719344181883e+01
1.991355373650112526e+01
2.348127637103129928e+01
2.052008643201386207e+01
2.861262683668444495e+01
2.961653839855870629e+01
2.148578822545253431e+01
2.064002514548964129e+01
1.699248109703356491e+01
2.847394911555459984e+01
2.328250590178838664e+01
2.165123318369560934e+01
2.295799968237041710e+01
3.366815161990253813e+01
2.929606097802655285e+01
2.579335963160487921e+01
2.673770297628746562e+01
2.221070791383345977e+01
2.358892706210183476e+01
2.805403217886409450e+01
2.307448909918192825e+01
2.964585017034001169e+01
2.708144770924335987e+01
1.971755446004520707e+01
2.747976298424580932e+01
1.957653550632429784e+01
2.400929727460076890e+01
1.775800449110613144e+01
2.250373178124517182e+01
2.274041821282975206e+01
2.122430156831807224e+01
2.497789229466022221e+01
2.068675158907770140e+01
2.144917059266003179e+01
1.798289193796722785e+01
2.076594953106181407e+01
2.592933175593229933e+01
2.219153494756034917e+01
2.581342215754232683e+01
2.057297183306339505e+01
2.819364083681044164e+01
2.715818617224591947e+01
2.016499356315820179e+01
2.253276990750024567e+01
1.575849106229326857e+01
2.427731699980918378e+01
2.746033670902490798e+01
2.609194245257160816e+01
2.638548816270185071e+01
1.656789218310010625e+01
2.532415165880260588e+01
2.384114539325058502e+01
2.389063081766727237e+01
2.548156510411214626e+01
2.545504342448754187e+01
2.375128436358598094e+01
2.557298569938745203e+01
1.828535674488243856e+01
2.882422059802713932e+01
2.130590480808788811e+01
2.702847248784797429e+01
2.314224256913546895e+01
2.353078464042730289e+01
2.476996560592372987e+01
2.125950879954805472e+01
2.528142427533480330e+01
2.462396594050443355e+01
2.310908155707922518e+01
1.981798410615344963e+01
1.897778632115609554e+01
1.410477204226067016e+01
2.530734699232653995e+01
2.665165019975547622e+01
1.259355102708958718e+01
2.420046294779285745e+01
1.445322755509220869e+01
1.701478671150566768e+01
1.929587044072921387e+01
2.274914880129102102e+01
2.549639163830868327e+01
2.515010645466544048e+01
2.648038351721931249e+01
1.318319670370321539e+01
2.569168913769762597e+01
2.559913325016767160e+01
2.509590799919199000e+01
2.670188527658219613e+01
2.644045711849609503e+01
2.412295228133339720e+01
2.537773360182481142e+01
1.689764672415693170e+01
2.222149263366614136e+01
3.042128483302677466e+01
2.742073270728145928e+01
2.042914699407556967e+01
2.281782476043347074e+01
2.480417829046029965e+01
3.034677051687159377e+01
2.442620321547630979e+01
1.684427950324469947e+01
2.570597622817856731e+01
1.714358218820473567e+01
2.350349287166841350e+01
2.140376227726154568e+01
3.461304512661550348e+01
2.365996141638299477e+01
1.894257122413678474e+01
2.659734258209929436e+01
2.347382838518419845e+01
2.591599534890099577e+01
2.636986570072473413e+01
1.724573120832479134e+01
2.073383725571422431e+01
2.210722310854048800e+01
2.634396230223381608e+01
2.677787202086993901e+01
1.997794284637343409e+01
2.471038001320614441e+01
1.989721609597051710e+01
2.540190774683702557e+01
3.025464495811591092e+01
2.699716185102469623e+01
2.328005039815617039e+01
2.285052022256545001e+01
2.787223808836824901e+01
2.859726646303808550e+01
1.737783792318970200e+01
2.530396201811393198e+01
2.491600197042771825e+01
2.971408644786523823e+01
2.709712629514833182e+01
2.438450627121040526e+01
2.178761430715832503e+01
2.342528009209016204e+01
1.913037416935473800e+01
2.012976379412235772e+01
2.232130978337161764e+01
2.671681650287390397e+01
1.711209069578239195e+01
1.595932388102838928e+01
1.791253411278079355e+01
2.037888126935299837e+01
2.435281412150695601e+01
2.443526012919070567e+01
2.065195691464382222e+01
2.503201830278922202e+01
1.539464848389243024e+01
2.022412390912612778e+01
1.500154638726158751e+01
1.927792575812772569e+01
2.595903511079821158e+01
1.920380001861860109e+01
3.014129577308270314e+01
2.340617542718127808e+01
2.504004302619248534e+01
2.596629218805884065e+01
2.525476972096645056e+01
2.637697782265012236e+01
3.055375078943731992e+01
2.270699006713370238e+01
1.799234186181730877e+01
2.748250164984553834e+01
2.286203142561123514e+01
2.504879216261894470e+01
2.209185194580516054e+01
2.346312415264513263e+01
2.558747258284041948e+01
2.840715115761706855e+01
2.476486505386513315e+01
2.574355367422014496e+01
1.774733425312602009e+01
2.487551613781962345e+01
2.792499419563215213e+01
2.486174107386250753e+01
2.865132504322043872e+01
2.022489897388615177e+01
2.693434292047169620e+01
2.229493106781828260e+01
2.679367922701732141e+01
2.531718227329260174e+01
2.297138547848160073e+01
2.398848724694583012e+01
1.668859472266673194e+01
3.432225941966558480e+01
1.485869450027560745e+01
2.648737214545909779e+01
1.842863606165672508e+01
2.679476974125873667e+01
3.920503782385056724e+01
2.031414969207787635e+01
1.985615235913728682e+01
2.618723426633166440e+01
1.938308648883116092e+01
2.608645505290238020e+01
1.899617808801506058e+01
2.544225873113578729e+01
2.637595983968786939e+01
2.419893949833175384e+01
1.995408689430748694e+01
2.492404605979972487e+01
2.088837677187467179e+01
2.255485101845791718e+01
2.209990412018152384e+01
2.420004444820533607e+01
2.518154863698450896e+01
2.512066413699561096e+01
2.302726481058666863e+01
2.099277849467245005e+01
1.216497837937865256e+01
2.694987712223919374e+01
2.187587088946909120e+01
1.891528688674450365e+01
2.430585196281191074e+01
2.547322178999445796e+01
2.235817717863704246e+01
1.891052746906293791e+01
1.963561078432751117e+01
2.537813021379871969e+01
2.549329445193899701e+01
2.225550302130804781e+01
4.029473428427726134e+01
2.623440504120294747e+01
2.518494958090971636e+01
2.981059030892074446e+01
2.311337213686006464e+01
3.349214710062420863e+01
2.744210677167655987e+01
1.951164893898824104e+01
3.568994377448548505e+01
1.453553264143049972e+01
2.467694670817490632e+01
2.330760947627948099e+01
2.655893065824289678e+01
2.045160999985048278e+01
2.137984027880521509e+01
2.511946189250632600e+01
2.503345390950569893e+01
2.565239796135881889e+01
2.630396621089444764e+01
2.363930032713667728e+01
2.017883510781068779e+01
2.364892127160036850e+01
2.161563669738232818e+01
2.386045986745092762e+01
2.405295187260809087e+01
2.098792818399390825e+01
2.075987699572885603e+01
2.441666703429123331e+01
2.796378103621972500e+01
1.900377224251167263e+01
2.473783604826184757e+01
2.269774474692095367e+01
2.564989599338894166e+01
2.391486104329426965e+01
2.116287463619382692e+01
1.556350559546555523e+01
2.099556060299889637e+01
2.360442604904848807e+01
2.491317941066008501e+01
1.713408217377270049e+01
2.476293533396209412e+01
2.935421403050899514e+01
2.589161784013267464e+01
2.590904917676981256e+01
3.009550937268958037e+01
2.315937879754610051e+01
1.654130988599735730e+01
1.532490205381176196e+01
2.388640517281620390e+01
3.008666809631807837e+01
1.779548611874395192e+01
2.488116772244847752e+01
2.142838439270846607e+01
2.487786156884675393e+01
2.026210945119040119e+01
2.768272312471468055e+01
3.172271813749700797e+01
2.269085915063438108e+01
2.546236897389380260e+01
2.110448086556672820e+01
1.511296514787039946e+01
2.311838346783674325e+01
1.960514589235691929e+01
2.627918822623447426e+01
2.245149564291044442e+01
2.719256257680472544e+01
2.422465307533544276e+01
2.804088973467147738e+01
2.507157619757698441e+01
2.683664387654532035e+01
2.780613800660647428e+01
1.856947403357099091e+01
2.512558739190578905e+01
2.746043469572421358e+01
2.585922250544468071e+01
2.632793828788244994e+01
1.799613668394721699e+01
1.952655356719155577e+01
2.488345132458774955e+01
2.410112710213503817e+01
2.887857093049598944e+01
2.869296341790522575e+01
2.208813085826751887e+01
2.173342384935820348e+01
2.269926791541343292e+01
2.081444408719015371e+01
2.522852751737845622e+01
2.939899640131627478e+01
1.943338716594931270e+01
2.097619884145451863e+01
2.192272483562902252e+01
2.485866436886690778e+01
2.623139484327445459e+01
1.521646248158251957e+01
2.203697458218963234e+01
2.443340421227267001e+01
2.755070149189609907e+01
2.811861278177058665e+01
2.400603051709406444e+01
2.855941179758197634e+01
2.547010201571917420e+01
2.668504227712602983e+01
3.015919102846395816e+01
1.504131726691550952e+01
3.085645630549300833e+01
2.435962565518645206e+01
2.448461605563755228e+01
1.884631567434145438e+01
2.542066622487228145e+01
2.253644967342939509e+01
1.835823709480833443e+01
2.636558175645824420e+01
2.624690991082582769e+01
2.389094769656628259e+01
2.228982133709295965e+01
2.340713418931654033e+01
1.880140820822336423e+01
1.714730429319408245e+01
2.793297485402315061e+01
2.777418517651814511e+01
2.204973534307088556e+01
1.291593014649992455e+01
1.726355008617772313e+01
2.697551255901851164e+01
2.578142848446799817e+01
1.914837959678348867e+01
2.931869191579883704e+01
2.743795009507740801e+01
2.083600947420612925e+01
1.631958963361867987e+01
2.369386351196327567e+01
2.435761842752757289e+01
2.376821676906597247e+01
2.328469660732284652e+01
1.876081269367574222e+01
2.448258294900878340e+01
2.006869127836623434e+01
2.612499639782497596e+01
1.606384978335414360e+01
2.593144026940518998e+01
2.334221746613591009e+01
2.533619613490357025e+01
2.605220715265081566e+01
2.404234820590315991e+01
2.032711158405811602e+01
2.211944279399248714e+01
2.340322504255405534e+01
2.126410439254755147e+01
1.950047687853988521e+01
1.931498159604086240e+01
2.362412127022362185e+01
2.114264569378564573e+01
2.165740388825257057e+01
2.641166409855038566e+01
2.732562358248936007e+01
2.285121823518243289e+01
2.666328337605130372e+01
2.627452735829822927e+01
2.113189007367047267e+01
2.606275585200330269e+01
1.959795443692205197e+01
1.397605824488403137e+01
2.476135697679193370e+01
2.537873710157967011e+01
1.855336963381990500e+01
2.685715397291838613e+01
2.393403971942439767e+01
1.826527337929030281e+01
2.749434005981362361e+01
2.269408738237134671e+01
2.534631326992531442e+01
2.568308335894977645e+01
2.366438502715145020e+01
2.744796505205147596e+01
2.486027402188977220e+01
2.227535704937544025e+01
1.408918057008199298e+01
2.537371853039120140e+01
2.425507639533448767e+01
2.704700082832902197e+01
2.486752209467480768e+01
2.640964334806164260e+01
2.585895741782566049e+01
2.811348667733668449e+01
2.827805261382318491e+01
2.358398913192485580e+01
1.895571205321878594e+01
1.300611084241374193e+01
2.578738199728782732e+01
2.112504628923001704e+01
1.643324289118239889e+01
2.817943912413236163e+01
1.910892731586460158e+01
2.788819912202221829e+01
2.502928443384481838e+01
1.902284697512469691e+01
2.440180761482652727e+01
2.827832214135338873e+01
2.880648945851383758e+01
2.678937179863256191e+01
2.410973454972501528e+01
3.141347014192420772e+01
2.819695371399224726e+01
2.717770382660468087e+01
1.826677720526037518e+01
2.591684660725187328e+01
2.334630290968100397e+01
2.276714520379625384e+01
1.852371705133672464e+01
2.882599333103465611e+01
2.324119180294707832e+01
2.390952371836978330e+01
2.459627012772248378e+01
2.404075657865806548e+01
1.945464081000877599e+01
1.076619315887763584e+01
2.556645704461301705e+01
2.868466593292054156e+01
2.128698647608368688e+01
2.427893383834067365e+01
2.528060487913291254e+01
1.478832815787961330e+01
1.653295808369898268e+01
2.829054148173300121e+01
3.002060240137838321e+01
2.324144476398055303e+01
2.539648123110088207e+01
2.094876899496086153e+01
2.607327730348794859e+01
2.511101474448500426e+01
2.585474722134922843e+01
2.440571206737004673e+01
2.493649670155611631e+01
2.095269212844741702e+01
2.218756578448522276e+01
1.957568038811813693e+01
3.316991958639832205e+01
2.128430604745130594e+01
3.145539923902391877e+01
2.580822132774467192e+01
2.243054344206646178e+01
3.703907859725097751e+01
1.681895858251323617e+01
2.658558058555852810e+01
2.183322475182794165e+01
2.686166082901118557e+01
2.416551496606073712e+01
2.394924443651704848e+01
2.298311016976934695e+01
2.534977978076448579e+01
2.496578253925305546e+01
2.859782461976573487e+01
2.247565574031678892e+01
2.478588922639520931e+01
2.794278455189656540e+01
2.892106048695289289e+01
2.794108405256822181e+01
2.442506335749931523e+01
2.619099008895144465e+01
1.821551399714428854e+01
2.449173736829336434e+01
2.044063759758414278e+01
1.209653456265007954e+01
2.432801972709932059e+01
2.156416794197960485e+01
9.959075413151781575e+00
2.570732533906993922e+01
2.507497567608125522e+01
1.969288994594536746e+01
2.461690340102082430e+01
2.543663699234654985e+01
2.472412722288566655e+01
2.434067552234276732e+01
2.396617163743230350e+01
2.718910083589744175e+01
2.464765975376417373e+01
2.396296253567463808e+01
2.948764852427616034e+01
2.623156126325476833e+01
2.536463816018506989e+01
2.382809258162146904e+01
2.784010386827326045e+01
3.029300355577286297e+01
4.155365685402530573e+01
2.670361453543628372e+01
1.985642575554483358e+01
1.357025531034777721e+01
2.335213680834648287e+01
1.850015846982110901e+01
2.683659584194359127e+01
2.619628129425895580e+01
3.067019462242539163e+01
2.095141577460441695e+01
2.310859111211176753e+01
1.209561812162178640e+01
2.661833949373661312e+01
2.487787361166747502e+01
2.523596313412320313e+01
2.272483569327736319e+01
2.242489491126807621e+01
1.663057634680315644e+01
2.663362476334582496e+01
2.805865562393112356e+01
1.876464771944405285e+01
2.194695919337380019e+01
2.448652461018100013e+01
2.419327442983750487e+01
2.469490014496791730e+01
2.704836320270090155e+01
2.316740480977238903e+01
2.692941006270572402e+01
2.336666936410142270e+01
1.947979164548707942e+01
2.084065358576798133e+01
2.770713676377223322e+01
2.582764483738814576e+01
2.144893036065775149e+01
2.819753543444068100e+01
1.671923320183325856e+01
1.950507978865183389e+01
2.084322158176817297e+01
2.909651340669108066e+01
2.370947459941864466e+01
2.362210556453872456e+01
2.867419610631437266e+01
2.418285707186813127e+01
2.327791498652552704e+01
2.689326622718834159e+01
2.658069490473030072e+01
2.184685496559696460e+01
1.860695818050055195e+01
1.948379887281471312e+01
2.785002529361221946e+01
2.739855223173277921e+01
2.117340018325644024e+01
2.187423711575076624e+01
1.567042511445407271e+01
2.075694760477224676e+01
2.788212144565601491e+01
2.945425508576001405e+01
2.474821490973028659e+01
2.704734519510754964e+01
2.595696933070371415e+01
1.820958060969059744e+01
2.718180238489139455e+01
2.655515660015609569e+01
1.645099726261490858e+01
2.412712723611354804e+01
2.369800273193778040e+01
1.275750276989097109e+01
1.748203753655624837e+01
1.518425742973803416e+01
2.482783683588599288e+01
2.843332779649222175e+01
1.799708479712612430e+01
3.433575364153305998e+01
2.738292191711792256e+01
2.192259478518808891e+01
2.955530235790672222e+01
2.296183385788434705e+01
2.119190301608503901e+01
2.621457645765142885e+01
2.667623852814796237e+01
1.806818084226678423e+01
2.297864749425440323e+01
1.708314557300947811e+01
2.882689815525836252e+01
2.390939353598226447e+01
2.416716369809639531e+01
2.812068971945489793e+01
1.357612161140272988e+01
2.324195379235617054e+01
2.360424837555446942e+01
2.899695620829999143e+01
3.050897162092818249e+01
2.675333305750742952e+01
2.612421113789582350e+01
1.770894638656174891e+01
1.723623220580514115e+01
2.436153888696729553e+01
1.978027153957431494e+01
2.004103074426000930e+01
2.765128277276012625e+01
2.416679843055485577e+01
1.480315309919879674e+01
2.983762863936340892e+01
2.967751688272705834e+01
2.209870584389128467e+01
1.749495598544614339e+01
2.594028391655307786e+01
3.228168322929222001e+01
2.760283764599054734e+01
2.800210451170413251e+01
2.613328964623174144e+01
2.895035370433553368e+01
2.177569935330511086e+01
2.013928841183347629e+01
2.066211498300037874e+01
2.507563446797612983e+01
2.421821017929501352e+01
2.829455459505060233e+01
2.722333955400102568e+01
2.466538902673974931e+01
1.738029144747708443e+01
2.666339503302432590e+01
2.664752472204343547e+01
2.487101464762766767e+01
2.989494502825169064e+01
3.078124443931852028e+01
1.747309270460154451e+01
2.892306378619684537e+01
2.162487585722792005e+01
2.229835899550654332e+01
1.415853604304455438e+01
2.683970280707997347e+01
3.029431534261450309e+01
2.721721338630556986e+01
2.127496442477730909e+01
2.568251351667906235e+01
3.083568034052151319e+01
2.682090824073923230e+01
2.421438873070355058e+01
2.198538770469197701e+01
1.933872338957322157e+01
2.635530425063168281e+01
2.553174208360935893e+01
2.407130959953400051e+01
2.457327946508922523e+01
2.739603252903093278e+01
2.557805088864039078e+01
2.673287345081827127e+01
2.996731196623919757e+01
2.584508178946506618e+01
2.584238296848694816e+01
3.731818439551044264e+01
2.433094168006211433e+01
2.261085769893562869e+01
2.887604610125223914e+01
2.287139367116595778e+01
2.124123995818874988e+01
2.967845806791515528e+01
2.358535973816224995e+01
2.525745874979976691e+01
2.802181359850587938e+01
3.001398644383006697e+01
2.976807718414409720e+01
2.620805393580091192e+01
2.718858359670481661e+01
2.814940545706972230e+01
2.427964855591491755e+01
2.362697486749606313e+01
2.651963999604705435e+01
2.724449316783211827e+01
2.141280048882791931e+01
2.489619590715207309e+01
2.038180629965370727e+01
2.254916750169125805e+01
2.162456190741226791e+01
1.803187995121972520e+01
2.382076430690474567e+01
2.827906122244242582e+01
1.789264398783740262e+01
2.176745620981515827e+01
2.632333417091355088e+01
2.742560945506399506e+01
2.532419051616528449e+01
2.700106940163870206e+01
3.858469929026834677e+01
2.831813703637437030e+01
2.716990013169770180e+01
2.545868574698479847e+01
2.337048371713666128e+01
2.297191903970040983e+01
2.219243887227342782e+01
2.267671883625887119e+01
2.556111222510934411e+01
2.562248737949713018e+01
2.080876389951637506e+01
2.459748873941832059e+01
2.650981733759399361e+01
1.881565760661869291e+01
3.066271407510301117e+01
2.594336434764371546e+01
2.491361052742098892e+01
2.590257828016736141e+01
2.676628542608684924e+01
3.915780408790867284e+01
2.529419744698026662e+01
2.809482929224085268e+01
1.995705712876721449e+01
2.147803147232393073e+01
2.524920487585234952e+01
2.793293330106142491e+01
2.104483657954621023e+01
2.267879171158471152e+01
2.941109015415496586e+01
2.804257024096922990e+01
2.211785410368892002e+01
2.169732493694328923e+01
2.913368319979261400e+01
2.869909327664468535e+01
2.425019308954182407e+01
2.671665948341311037e+01
2.886788404253151796e+01
1.604060223477311808e+01
2.005930543494726592e+01
2.349659881379344739e+01
1.988577904880452252e+01
3.150146187999115099e+01
3.177791778179201643e+01
2.270513117912024370e+01
1.732508774952526664e+01
2.649055733629549536e+01
2.066235170386644526e+01
2.203501710165577165e+01
2.228852983999370352e+01
2.549271700651881289e+01
2.164826757893381881e+01
1.333301876447644041e+01
1.369588710932340980e+01
3.092116175707292314e+01
2.003053968316084621e+01
2.424478972796434562e+01
2.037603265291327759e+01
2.118006061648789640e+01
2.111791084040336841e+01
2.131460976836704901e+01
2.385540840498255832e+01
2.637456131261466297e+01
2.355460718778422091e+01
2.573880989537803998e+01
2.658371297358506880e+01
2.471275450926039596e+01
2.205209644705262662e+01
2.316741121133597758e+01
2.582977108504756814e+01
4.040038372552243118e+01
2.073550235930055763e+01
2.566997011525831951e+01
2.109124360737180481e+01
2.225397816534661999e+01
2.094351950333421186e+01
1.675378881622277660e+01
2.696565103720594436e+01
2.007284992766959775e+01
2.251278497792384670e+01
3.077015790552219698e+01
2.643139029551099739e+01
1.854663760115419890e+01
2.592911500521976720e+01
1.574985942166439834e+01
2.483186268175330369e+01
2.546406905637709883e+01
1.243007348304820603e+01
2.799713605378690673e+01
2.510917672935915235e+01
1.959638774286199592e+01
2.692338385844495363e+01
2.500185409296910777e+01
2.195157585328597349e+01
1.850169525778416357e+01
2.692251266819862821e+01
2.150684273236691268e+01
2.258952036516668116e+01
1.990994999452446379e+01
1.685100539515514129e+01
3.111784042371059655e+01
3.333918139344752518e+01
2.234661586006077272e+01
1.963015007959602798e+01
2.099513108737737710e+01
2.389634626029771525e+01
2.825953134379335552e+01
2.588933237037970869e+01
2.424676431351714712e+01
2.060985226202385334e+01
2.286895088486038929e+01
1.847523194547891379e+01
3.270153045897657051e+01
1.986514743310276998e+01
3.777164771762600282e+01
2.492409909089537479e+01
2.730724884027486610e+01
2.466369055352373962e+01
2.580673290193170288e+01
2.264858084268058036e+01
2.521631539902343633e+01
2.779354306161314270e+01
2.047009857816032863e+01
1.964837843489528879e+01
1.848217083885408840e+01
2.184502207242151428e+01
2.535712487649436042e+01
2.260491122156962973e+01
1.606887928344825767e+01
1.604622294699469620e+01
1.972122619192663961e+01
2.938083099462900449e+01
2.647902956218680970e+01
1.919441824919856288e+01
2.854002941938469107e+01
2.240783104723734098e+01
2.726424827261028838e+01
2.336331468247863086e+01
2.887239733573072797e+01
2.804970702830732421e+01
1.852674721310896544e+01
2.906449303838393305e+01
2.813789047725392223e+01
2.857345626241911063e+01
2.712812063984512534e+01
2.731831289020844977e+01
2.582632635856601055e+01
2.088737370589725018e+01
2.668056090786667056e+01
1.976223843639428068e+01
2.755348633860263874e+01
2.394414925433532204e+01
2.315229061487639228e+01
2.709457749058448073e+01
2.349295379766727265e+01
2.510712853453644300e+01
2.436605402505365703e+01
2.742333706977343866e+01
2.255855903524209793e+01
2.610962561457672493e+01
2.972777916381795293e+01
2.791043873672241560e+01
1.913078845591500610e+01
2.269267791003236212e+01
2.672109562470646082e+01
2.664520206026630689e+01
3.526942506563974433e+01
2.867190142808788877e+01
2.693327846445373552e+01
2.601838909263181066e+01
3.269890312206680960e+01
2.318851904072413816e+01
2.152662377905930313e+01
2.593749357333736683e+01
2.483195627419868146e+01
2.773966924361240061e+01
1.798961678699161126e+01
1.870133413439101489e+01
2.611616444310965335e+01
2.548868562743411914e+01
2.883249272040390210e+01
2.326362691092120372e+01
1.880351482339949243e+01
1.807218694463051989e+01
2.607800065325234939e+01
2.529575640215898957e+01
2.243585480322944292e+01
2.382819539136422193e+01
1.722087891599257858e+01
2.490756711168418747e+01
2.278754232415814229e+01
2.005855749887410866e+01
2.670481426584677820e+01
2.328399606181843495e+01
2.904831011347298997e+01
2.585479951924038389e+01
3.412906129559864610e+01
2.480126863803425152e+01
2.598925231720539486e+01
2.343086624418375408e+01
2.190051489553847119e+01
2.443537794682446318e+01
2.607573626080218787e+01
1.453995463201100513e+01
2.398470882044630059e+01
2.078393330706907705e+01
1.702277300647436675e+01
2.200003696226998429e+01
2.861657651329841556e+01
1.528384460981386539e+01
2.669093736635707614e+01
2.657679847988895006e+01
8.776492374183440859e+00
2.755797662472340903e+01
2.463668688551427621e+01
1.560529238182624034e+01
2.428109727377700366e+01
2.659960393645319954e+01
2.375025277346274066e+01
4.325438290834426880e+00
1.762203899161382026e+01
2.121261713980841535e+01
2.716107440301508547e+01
2.513843404730953779e+01
2.668650480947478698e+01
2.650470971169978540e+01
2.453687823974158633e+01
1.680978765188664070e+01
1.943354205045029914e+01
2.322293526802000585e+01
2.472696151104894113e+01
2.241157446206599602e+01
1.925153315721219727e+01
2.552107147627746286e+01
2.244215169906354035e+01
2.605701838175926710e+01
2.190225482350922093e+01
2.252685309977683659e+01
2.456436858692280367e+01
1.751916086522921745e+01
2.321635513225219682e+01
2.462257765413838939e+01
2.801466104713711047e+01
2.813408114722441766e+01
2.268294958275805229e+01
1.946053013331604831e+01
2.515642281452624118e+01
4.253256810269113686e+01
2.241668083099755648e+01
2.444879203375363019e+01
2.039180911540484331e+01
1.910793975617500706e+01
1.807418580602730529e+01
2.634022074591482721e+01
1.723229041102767312e+01
2.302919051891649360e+01
2.446417237988578464e+01
2.716627456517097627e+01
1.970298522287862752e+01
1.547651135176643677e+01
2.711684452518127841e+01
2.350639589259786533e+01
2.324923247207116006e+01
1.598683721662098201e+01
1.940831923260815373e+01
2.658754499515917047e+01
2.299482019956480983e+01
2.457857092708447411e+01
2.104537102374115776e+01
2.934786738500450554e+01
2.465615195470495635e+01
2.434002129312711560e+01
2.477484767955921185e+01
1.688333306797552780e+01
2.772613133613479519e+01
1.922177938884026460e+01
2.799272856876330096e+01
2.766555783225901166e+01
2.161279721740651638e+01
1.765524728436603041e+01
2.079459816594310695e+01
2.597661512247835702e+01
2.719318295168791977e+01
2.048845561157942896e+01
1.962107088545052136e+01
1.690314624800045706e+01
1.936979554604292986e+01
1.866276353885113082e+01
3.017174810755460257e+01
3.252320283178789140e+01
2.655799247540853258e+01
1.882253880839351723e+01
2.653511431316832869e+01
2.185943837325559258e+01
2.391887990862402447e+01
2.658221475454238103e+01
1.555688540458661251e+01
2.724188772217072696e+01
2.634497356556817138e+01
2.105507693571387051e+01
2.323718772323826087e+01
2.071297449460982421e+01
2.514111594353864021e+01
1.826697757606780925e+01
2.382580607626983848e+01
2.314357701371801923e+01
2.194938568013532887e+01
1.852802942312321832e+01
2.684459904453220247e+01
1.762138552374930001e+01
2.008012507281842218e+01
2.555365772621788167e+01
1.921015956643784506e+01
2.800005976455767609e+01
2.509717158118401059e+01
2.279008934637232642e+01
2.374671119153022758e+01
2.454667027945136581e+01
2.720186751453664797e+01
2.320834269869749633e+01
2.125063370907529503e+01
2.046159080950298659e+01
2.561026499066987938e+01
2.525160359609501270e+01
2.264672513001083587e+01
2.414166895771893451e+01
2.231857050973923862e+01
2.738870174869863661e+01
2.128061745470405342e+01
2.506907843825596416e+01
2.194991040540517702e+01
2.320881629924569722e+01
1.320182829193978691e+01
3.013699280129264579e+01
3.013403815351756521e+01
1.835085384826241039e+01
2.585786576822574290e+01
2.598212837661155561e+01
2.406391729322364625e+01
2.503306482017863033e+01
2.701696388065034071e+01
2.529124911156597477e+01
2.709015376322662050e+01
2.437355239354040393e+01
2.616564287470750827e+01
2.724106396409687747e+01
1.702336810833693193e+01
2.385733081669536304e+01
2.288370357018516543e+01
2.313150571084598539e+01
2.331524488346429180e+01
1.966836998831875150e+01
2.561416620779113629e+01
2.643762157513166855e+01
2.766594746898282509e+01
2.588909524301401888e+01
2.317917752539542775e+01
1.853542931016647444e+01
2.138641040075426147e+01
2.292040094914603543e+01
2.728479219460436056e+01
2.048819659472239252e+01
1.876159413492862171e+01
1.171893929728645922e+01
1.847776162084286966e+01
2.166968147756189111e+01
1.896229388830017726e+01
2.357112867223529662e+01
1.526369256113204820e+01
2.504635660662533425e+01
1.953386375360643257e+01
2.012198443354928656e+01
2.576557373498926040e+01
2.247224048139936059e+01
2.775962235517699384e+01
2.603567712423246761e+01
2.286311227722082862e+01
1.575185093398999747e+01
2.094035646701046360e+01
2.110471134660172154e+01
1.327642441489765801e+01
1.585516562877279334e+01
1.380966278413931470e+01
3.218170805334901985e+01
2.003138590048272505e+01
2.607890216160778962e+01
2.033851864129224296e+01
2.587641793717764926e+01
1.716206109576081573e+01
2.383411779704064415e+01
2.816682638785894710e+01
2.379403824662075095e+01
2.281979153656920190e+01
2.111309605264606404e+01
2.071209387149926684e+01
2.581943212531962217e+01
1.948201919451142672e+01
2.674758850781842767e+01
2.901533039918195200e+01
2.477216599422945364e+01
2.129542931210328405e+01
2.046863225465900271e+01
3.089229045393574324e+01
2.828350039200373089e+01
2.119839044641776127e+01
1.832417448760509515e+01
2.003547204726755027e+01
2.599725444197463986e+01
1.368898809471629008e+01
2.422887856139726992e+01
2.360828869178755696e+01
2.367417790895939333e+01
2.299123387555680864e+01
1.736094133273036633e+01
1.919507113928579756e+01
2.273428752711235745e+01
2.799180615178965681e+01
2.434411150457883011e+01
2.748617202222812139e+01
1.696935402375809687e+01
2.214106099698880570e+01
2.562104209728784099e+01
1.396483782594866163e+01
2.449360378009520289e+01
1.936538570414263916e+01
2.471470429511419198e+01
2.337533502952076603e+01
2.221102686746321453e+01
2.550385586453927900e+01
2.430194471749064533e+01
2.315108055028781564e+01
1.500627888045688607e+01
2.767259814273310781e+01
1.925289975460504976e+01
2.471051570430661926e+01
2.789529629970433788e+01
2.217715319500069526e+01
1.622337497318341804e+01
2.323910916602388710e+01
9.600339716412696234e+00
2.427294624503171150e+01
2.658936267719231594e+01
2.191933703823129775e+01
2.393028827252263113e+01
2.305046320701762497e+01
2.773336768518127116e+01
1.688853588753944024e+01
2.334401700378257161e+01
2.550129647993638571e+01
2.681263119609567624e+01
1.889347054551590688e+01
2.403751805153759946e+01
1.888774378235601858e+01
2.621001810248386477e+01
1.557705699854438919e+01
2.217481382098188547e+01
1.799434120429553019e+01
1.926171826746257665e+01
1.316501252822177825e+01
2.410702404874910698e+01
2.050394607019467230e+01
2.211458801057669277e+01
2.644592548486697225e+01
2.605469314887238852e+01
1.774852655487920572e+01
2.362106517159660868e+01
2.474132627011364960e+01
1.534960842480545296e+01
2.537177339536879828e+01
2.409560579447784789e+01
2.398528483487961438e+01
2.178798387779129797e+01
2.461682796927884453e+01
2.077903251260957163e+01
2.919368737877005415e+01
1.766521894298728412e+01
2.433432211920861832e+01
2.720269056120113405e+01
8.769461031704738119e+00
1.997222300298256314e+01
2.596240598922914700e+01
3.772411706099862982e+01
2.274059009315347879e+01
3.112617270558765625e+01
2.635750334309075882e+01
2.272171638412873307e+01
2.870772274951301029e+01
2.295722850764801493e+01
2.563762302432481022e+01
2.660684749974359420e+01
2.842035624822570838e+01
1.929610638140869128e+01
2.504749625952992176e+01
2.145576409674999852e+01
