3.936416120942097763e+01
4.204587357287014271e+01
2.040951650590524125e+01
2.613025838907438114e+01
3.702682799932145485e+01
4.114015714933436385e+01
2.398778802446453895e+01
3.833987148399829437e+01
4.136648055463090401e+01
3.798211290255667194e+01
3.861828624434096469e+01
3.580438811296295398e+01
4.196780488682765764e+01
3.812960541792566005e+01
3.666513650176083416e+01
3.522218343823573150e+01
3.575880672327755860e+01
2.046307046803096341e+01
4.235448192863395889e+01
3.782565767209593588e+01
2.795431404271320375e+01
3.649502138206452884e+01
2.778937845424909980e+01
3.853421405276091605e+01
2.693488463765979546e+01
1.919286865292817268e+01
3.372802636072341897e+01
2.096957504208331713e+01
2.660282047874856559e+01
2.584870329129062938e+01
3.766399425244031107e+01
3.894463144434560320e+01
4.176166420127644585e+01
3.959850441759163431e+01
3.696209129065212551e+01
3.959584569439540758e+01
2.031821671064489720e+01
3.577341786998905349e+01
3.050730049689419943e+01
3.896542673550470681e+01
3.366571256574695781e+01
3.310522079941826945e+01
4.058524118137187742e+01
3.727066225008089617e+01
3.324619118813717478e+01
4.039682531313593472e+01
3.433059832861464145e+01
3.971283864108982442e+01
3.628470787252470586e+01
3.299084625628390910e+01
3.645233336301466665e+01
2.624289019369628306e+01
3.889454222577597164e+01
3.461046815641892493e+01
2.760891594702225404e+01
3.834989708314205359e+01
3.981525289848430305e+01
3.524743826114627154e+01
3.097062838449515354e+01
3.125377951113089736e+01
2.593334233647573583e+01
4.009063306646664415e+01
3.490120404961705702e+01
4.154404814109013699e+01
4.333868277155168869e+01
4.070144817444106877e+01
4.070328409854906937e+01
2.601096297025155835e+01
3.422021999598109687e+01
4.187975588677251437e+01
3.534583025947787149e+01
3.217289758444798053e+01
3.474067172226887834e+01
3.582567489966533714e+01
3.620108644629862482e+01
3.770637267878954901e+01
3.119328365090227351e+01
3.957096052437153588e+01
4.002955286558454873e+01
2.681914095238562012e+01
3.010038328073312996e+01
4.002172442907654926e+01
3.250679880970775315e+01
2.214163618458725225e+01
3.610793643461989433e+01
3.358448866268124533e+01
2.760992918449445455e+01
4.103304241002589237e+01
2.848456364576191291e+01
4.029306204959933524e+01
3.680464209318578384e+01
3.030276058724980714e+01
3.579124445765718576e+01
3.929735682169870614e+01
4.197934319720481255e+01
3.537903708333682573e+01
3.148098463664437219e+01
2.953499550656928108e+01
4.103715456683750773e+01
3.866298434053054933e+01
2.904129297267569143e+01
3.588281028083424928e+01
3.809835513085887015e+01
3.890259092544565078e+01
3.832142909294856281e+01
2.950107463983574263e+01
1.792158981458474898e+01
4.013984207960233164e+01
2.240206035634543724e+01
2.667001589014120455e+01
3.199873318796110766e+01
2.847519359465586675e+01
3.011719933148174988e+01
2.483969099905648648e+01
3.110503315191195384e+01
3.727439720892455455e+01
3.758206839772603303e+01
3.686016701863329104e+01
1.938583362227988971e+01
3.812499670105369631e+01
3.559430069764061955e+01
3.515725459943045195e+01
3.616443439121722747e+01
3.948187753745038009e+01
3.360559223665453032e+01
3.845869020078823297e+01
3.965783764969015834e+01
3.270349063148664470e+01
3.463205466948576827e+01
3.539515157722153305e+01
2.495879586867325628e+01
3.862226221883985033e+01
4.052575376593168954e+01
3.738098559898845963e+01
3.493078557194823475e+01
3.218143565650105131e+01
3.653815694665662051e+01
3.815943935584432722e+01
3.377889971419422466e+01
3.278654660825336720e+01
3.415004585114660784e+01
4.013454486378277153e+01
4.084409141909814878e+01
2.296305365097893514e+01
3.938355649871663644e+01
1.760615411621652271e+01
3.508667083527340935e+01
2.064540481298687880e+01
3.673243359434079025e+01
1.571523016087650504e+01
3.985203611135709423e+01
4.082119973664200785e+01
4.036539626384404045e+01
3.416064106994824812e+01
3.451650849891097295e+01
3.895458657994116436e+01
2.369012058024430800e+01
3.893186951674918106e+01
4.157582441273063978e+01
2.707943228099665589e+01
3.282576143096322596e+01
3.014617288390127925e+01
3.707906893707595231e+01
4.110444173251691780e+01
3.721934561510242645e+01
3.607968414799370294e+01
3.961871810026890728e+01
3.890800344903762920e+01
4.146290931375053646e+01
3.339831125007496837e+01
3.610010801799202795e+01
1.922270157807158597e+01
4.188442066815247955e+01
3.209399616431267077e+01
3.690136240238379628e+01
4.200866384432427481e+01
3.867361612144214433e+01
3.901488867521894122e+01
3.287795487535346695e+01
3.840350573011810553e+01
1.704192475141948648e+01
3.868669601212634035e+01
3.616690781029096513e+01
2.031699536636610404e+01
3.460874541444067631e+01
4.090901279768677767e+01
4.027541064203876431e+01
3.656198719168009603e+01
3.172909215235724290e+01
3.072380542883885823e+01
3.693224453944863939e+01
3.473700671411059204e+01
4.058839297438874638e+01
1.982953456472052167e+01
3.694572656558077028e+01
3.749210066058383006e+01
4.041945836184048346e+01
2.682992812058981258e+01
4.180382837960929976e+01
4.006073923729541519e+01
3.642585691964343653e+01
2.644712639066598214e+01
3.999373462997993300e+01
3.817374587734260416e+01
3.385843604460622203e+01
4.078688087742296631e+01
2.504181490702168489e+01
3.916061076663448404e+01
3.801970096679553279e+01
2.730168011263855021e+01
3.801985450782397891e+01
3.334563889135621650e+01
4.194482425358345523e+01
3.226316494233656584e+01
4.028679653880286082e+01
3.318906228369338152e+01
3.519117314634126359e+01
2.695808031779788294e+01
3.501827159344237828e+01
3.024872128524021164e+01
3.752730269824722598e+01
3.294450300243428131e+01
3.968422458202603309e+01
3.694087875735397120e+01
3.830523324698576459e+01
3.669878792872737705e+01
3.759804121460696535e+01
3.118956860852832946e+01
4.305868017978400530e+01
4.306307349001804852e+01
3.914405113130774794e+01
3.613385230149909688e+01
3.749170559164834060e+01
3.820602496490083411e+01
2.749753906403390147e+01
2.940423201981431589e+01
3.454977078358940190e+01
3.921498884741563273e+01
3.586441907244320504e+01
4.030364427196704469e+01
4.277047841213789070e+01
2.704502260308228045e+01
3.587163521780861686e+01
4.047737615826976310e+01
4.112572169610292860e+01
1.702236611787790466e+01
4.128319044936500859e+01
3.790099001261624778e+01
3.278829896218455531e+01
3.223148916727311075e+01
2.817649074409058940e+01
4.066552335244141148e+01
2.782658737327399479e+01
4.104854865662335328e+01
3.778437753578927527e+01
3.831634200313905581e+01
3.936017921273231934e+01
2.702087629808284319e+01
3.257280134585144538e+01
3.194801367760294752e+01
4.073479171519471009e+01
2.887124299500534264e+01
3.417601798551239511e+01
1.507625529100291928e+01
3.854369028984266521e+01
1.893170304355448152e+01
3.221751638472598955e+01
3.528236866693715257e+01
4.001367641573953904e+01
3.725054344039212140e+01
3.193448669061695000e+01
3.650892445894226768e+01
3.624330830861806163e+01
4.243568310224421936e+01
4.067806939272233535e+01
3.519723108342878959e+01
3.956236391842919886e+01
2.716564533323666453e+01
3.538791965385868110e+01
4.117179550606496719e+01
3.653882152403947003e+01
4.020739837213032075e+01
3.923966690910906863e+01
1.671395282386982473e+01
3.965445020286986022e+01
1.949827331746264747e+01
3.800936637681559915e+01
3.271204562948839367e+01
3.397566257330915818e+01
4.003950814778345091e+01
3.699820430632090051e+01
4.276332860968687299e+01
3.365840379233145541e+01
4.249057257989726111e+01
4.011989614659577086e+01
2.451505446788107889e+01
2.610942016907818086e+01
3.979778715200347250e+01
4.127894952362722591e+01
3.012639218588473256e+01
3.850496203462557077e+01
4.330327526255003789e+01
4.025763548721503327e+01
2.639347767738392747e+01
3.889995799086006656e+01
3.228333931600693774e+01
4.117884453580324333e+01
4.078145331138073715e+01
3.728819206936417174e+01
3.025702161296079851e+01
3.202945870329158140e+01
1.911163796815607441e+01
4.074242019312347907e+01
3.747906122231247394e+01
3.334499397052146463e+01
4.237761964695383909e+01
3.666953052649653699e+01
4.303402743928550933e+01
4.177532350431025776e+01
4.111553279191615928e+01
3.642936335493772049e+01
2.464584633377757328e+01
2.534724588969526593e+01
3.802290118989175483e+01
2.447568368623227997e+01
3.064172518633343856e+01
3.266753259979554258e+01
3.864124294233830170e+01
3.409688051686798360e+01
4.196425708789940501e+01
3.925900337792108274e+01
3.301362137444461098e+01
3.315657175483197250e+01
3.747636812784359961e+01
4.025431987605985285e+01
3.468204498598904451e+01
4.063666729884620565e+01
3.763573482896116218e+01
4.010689130403993374e+01
3.881064485741181613e+01
4.201840808476158173e+01
2.548327335597264920e+01
3.879679870170609490e+01
3.965048640204889807e+01
4.125217764227554085e+01
3.103995936400819389e+01
3.417665968882297278e+01
1.899360340936939195e+01
3.003091525418995289e+01
4.098222930923272855e+01
3.911847647621293333e+01
2.522926949828204357e+01
3.812008431079936344e+01
3.616741607653604973e+01
3.724124590608582253e+01
4.071699507326611922e+01
3.608484019607779203e+01
4.176317357196576552e+01
3.639856413582173644e+01
3.879885453813605523e+01
3.530089744726995349e+01
4.005765322052558730e+01
2.597746340620635763e+01
4.218676285300091422e+01
3.758162948997071595e+01
2.506193393830991312e+01
3.851635894889902545e+01
3.291268989224710140e+01
4.220955337138578756e+01
3.398968399342375335e+01
2.530620913074152156e+01
4.146669340583726893e+01
3.896162755405119782e+01
2.247271683940006071e+01
4.021218874550411471e+01
3.994628575244824020e+01
4.127670967831934945e+01
3.633847714075357516e+01
2.784973540330173947e+01
3.431179659555752437e+01
4.248787140709744392e+01
3.622365118252901794e+01
3.449840785977434621e+01
4.471821704900304439e+01
3.481727781513295383e+01
2.332589394966027996e+01
3.200553349914378032e+01
4.009204161287856039e+01
3.689459787361477794e+01
3.934613049062493673e+01
3.986979100472963466e+01
3.834537672862396818e+01
4.206638842862252403e+01
3.936541060972647443e+01
2.869214168661880038e+01
3.701493264737576538e+01
3.367392561920989635e+01
3.515275079063778207e+01
3.945054049401393570e+01
3.071614009469184126e+01
3.167391434657906402e+01
3.188332812958555706e+01
3.906462387120512858e+01
3.981650022934205424e+01
2.647666730543281588e+01
3.999469010697470850e+01
3.142989883937648798e+01
3.275422391232543617e+01
2.800781827646740041e+01
2.304641925628417454e+01
3.061706833520380400e+01
3.311918361739243721e+01
3.866915184542565243e+01
4.006646703455922420e+01
4.150939396383202507e+01
3.367415475699887395e+01
2.545520941265011672e+01
4.227810433478352792e+01
4.073271534580065634e+01
4.069337795042630290e+01
3.865633615347990570e+01
3.840099729003399887e+01
1.717340990448250793e+01
3.987483525996876210e+01
4.059242773668529480e+01
3.469345174197948722e+01
3.879972632074787953e+01
4.026956991995438528e+01
4.158081183875903264e+01
3.976096822677141063e+01
3.686648924323138488e+01
3.507595053368514471e+01
4.125043166560916319e+01
3.693605753069449094e+01
3.628247666763703450e+01
3.453547262123124995e+01
2.704794445347161158e+01
3.921181621742059065e+01
4.193703812068969938e+01
3.833207059002528183e+01
4.042083072580985004e+01
3.895064049436993514e+01
4.111843830857029758e+01
3.266797577888473825e+01
3.884122531372781140e+01
4.029046021309336822e+01
3.624185993543194684e+01
4.084838932903424080e+01
2.639497614908616541e+01
2.853238835783884042e+01
3.894510922437966371e+01
4.082472808812723031e+01
3.807376541423074912e+01
3.934082826793772369e+01
1.985920444646827221e+01
3.788127442148521595e+01
4.064108551854025819e+01
3.868492899155101838e+01
4.231455528959057943e+01
3.602596215187090678e+01
3.996977679285243568e+01
3.968812865760251185e+01
3.552310915066428265e+01
3.723131849183322117e+01
2.483434630984520197e+01
3.724983149229532131e+01
3.460748126816125136e+01
3.957016050313958999e+01
4.168522569092467478e+01
2.137058508025966930e+01
4.296681000096629077e+01
2.337273328931275174e+01
3.847394473034359663e+01
3.911958084396212598e+01
3.367134591268532517e+01
3.981554855155472694e+01
3.606584341497686808e+01
3.988694051167991006e+01
4.106540254808173529e+01
3.938288655488452150e+01
3.411920035727704459e+01
3.810703157007855424e+01
4.134973990727196735e+01
3.784438251583191715e+01
3.827696389222469264e+01
3.690899521574722542e+01
4.197695937329786631e+01
3.438751158207365677e+01
3.411515753399027773e+01
3.810671344281423245e+01
3.883110147067839790e+01
3.860181297355144636e+01
3.914293226949607885e+01
4.413316063197961370e+01
3.963830895733089221e+01
2.494972609314802625e+01
3.356134800986387035e+01
4.200259235310833361e+01
3.829554155243165781e+01
3.338303506346640148e+01
3.542695358881104539e+01
3.656725853119286995e+01
3.027352865933716330e+01
4.046031794068824894e+01
3.823208342305701279e+01
3.759086003703157530e+01
4.084243545579080603e+01
3.752386100830310767e+01
2.519288909382516906e+01
3.991293587373106533e+01
2.971706616170931525e+01
2.776253191300995127e+01
3.681343554499948567e+01
2.470421327668877254e+01
4.153291990127142697e+01
2.174353193175984700e+01
2.595900067613415629e+01
3.725874240807306137e+01
4.219716730387476389e+01
3.894866923012784810e+01
4.205989601604282058e+01
2.879523304564700936e+01
3.880369199069813391e+01
2.590394680559223772e+01
3.254232328003830332e+01
4.218834228154801735e+01
4.003737102906302425e+01
4.177627367080330600e+01
3.953265854486203779e+01
3.982295389790417772e+01
3.641451801204517125e+01
2.253763962671099463e+01
3.967284418669792956e+01
4.015092152596736241e+01
3.622951996339262593e+01
2.280878265414408190e+01
3.692559367232006196e+01
4.178018869224614207e+01
3.358396979192696108e+01
3.608985522249923150e+01
4.267067277621944044e+01
3.848687635092559134e+01
4.132681737344662309e+01
4.079898072218988148e+01
4.079342886878855268e+01
3.780596060707087958e+01
3.035757680098847544e+01
4.280449710074741176e+01
3.536641256528647403e+01
3.801074981493632521e+01
4.159826188607446795e+01
3.300089561440298525e+01
3.522941873738295726e+01
3.612233765950404774e+01
2.804270562734028260e+01
4.212561982484123035e+01
2.191555641300202240e+01
3.876599596688921423e+01
3.350919472305687918e+01
3.587546363218699241e+01
3.913009800311207442e+01
4.175578410672669349e+01
2.809070092159779719e+01
3.924351771818314916e+01
3.945244063635935561e+01
3.275602255293531329e+01
2.198729958059680811e+01
3.165585222386672370e+01
3.421233312553591333e+01
3.812730268590843252e+01
4.457075414304757288e+01
2.984595742447040578e+01
3.876215873442717452e+01
3.947798767653104335e+01
4.046567581423653337e+01
3.692465098305950733e+01
3.533442177615686575e+01
3.427551745628044699e+01
3.924608658763072100e+01
3.691226632492352877e+01
3.602846616014789305e+01
3.537513824281590757e+01
4.491489478236962185e+01
3.070806676417615932e+01
4.223885025449580866e+01
2.565838508862461609e+01
2.381312073287170961e+01
4.107539435531428040e+01
4.030575649405267313e+01
2.720550242361455773e+01
3.743546818628801276e+01
4.001596316017738530e+01
4.056754029867160227e+01
2.344865072068601464e+01
3.404020437450095926e+01
4.271903474325358019e+01
1.659985114790961802e+01
3.664773930313706529e+01
4.020311504913599521e+01
4.081079736939280167e+01
3.861369510794212800e+01
3.192991410434418853e+01
3.769712388226658817e+01
4.294633357080653724e+01
2.222392030981722399e+01
3.026964865671848059e+01
3.244989418037439322e+01
4.117700341681573661e+01
4.094547941234603172e+01
3.812066109065223429e+01
4.233141726178817521e+01
3.754529610067584855e+01
3.857865240116908012e+01
4.069443284827705298e+01
3.978485462964564334e+01
4.135706909166442102e+01
4.032963932437984766e+01
2.120074013249315570e+01
4.231712200436810178e+01
4.289436995029949884e+01
3.225282686919268826e+01
3.007266933839134282e+01
4.315541061198357653e+01
3.888629740926370459e+01
4.138796078789495425e+01
4.001207964381452342e+01
3.882544929799240663e+01
3.695500677838774095e+01
4.057239982455667615e+01
3.615630121697353161e+01
3.647892477096664976e+01
3.547634652370523867e+01
2.698890510539148124e+01
3.515042829833062399e+01
4.407394083699222165e+01
3.854260971158644367e+01
3.817766579185346387e+01
2.963378035283610856e+01
3.368885000591481571e+01
3.265373606597594147e+01
2.699436185139753164e+01
3.932510391179949494e+01
3.305760664415128502e+01
3.872127364387642245e+01
3.191820682720704383e+01
4.076182734372854810e+01
3.469554123635625587e+01
4.271824348249165126e+01
3.504742160612958202e+01
4.069545013928684085e+01
4.079362760529373588e+01
4.438628178070707264e+01
2.995013481939193056e+01
3.942120589997985292e+01
3.690718749176562596e+01
3.094111729393971899e+01
1.815475082554833008e+01
4.187791413695576637e+01
2.446926616481428596e+01
4.236447146721501156e+01
3.527969643613710105e+01
3.733027537356782943e+01
3.893708358218174226e+01
3.652360627262613235e+01
4.103523964145825431e+01
4.060630938691524960e+01
3.221027891197041271e+01
3.237541600153057431e+01
3.769316848522365859e+01
3.749756916912153315e+01
3.990331536885535257e+01
3.829583758571193641e+01
3.639987016040714707e+01
3.265593249022704470e+01
3.870890730008272840e+01
3.918557191465554013e+01
3.693792885691240713e+01
3.952875455706963237e+01
3.991555586097502584e+01
3.123016929009494902e+01
4.018824838007530076e+01
3.670681416953202358e+01
3.932041107044361894e+01
4.186337321924560229e+01
4.082662187667801845e+01
3.725656604969820052e+01
4.080122897232195101e+01
2.549241041133005226e+01
3.930077056884050535e+01
3.688712269238548913e+01
4.393438955448498717e+01
4.004422863708971647e+01
3.013219833486985522e+01
4.102941412759823692e+01
3.827176176463559898e+01
4.058467566836463192e+01
3.711617746316131417e+01
3.581700158956134317e+01
4.215052657666737446e+01
3.749720675451527541e+01
3.816957818127438884e+01
4.211492959795409519e+01
2.992150368848399111e+01
3.791898290537717031e+01
3.964949903131449105e+01
4.101930369161787127e+01
4.217423643334077354e+01
3.408624119885993764e+01
1.798767111052905676e+01
2.604730272202780839e+01
3.125537513066815265e+01
3.492729025504233675e+01
3.723565656681730474e+01
2.721019141995670765e+01
3.382401093745519916e+01
3.262134145828697029e+01
4.214002712175707899e+01
4.081033161450640989e+01
3.902456111388273996e+01
4.043389078639712153e+01
4.271387080282959658e+01
4.096707168039065294e+01
4.291497249001323411e+01
2.590798152406902943e+01
4.231150719454579701e+01
3.995209834123119208e+01
3.894333281541111802e+01
4.107052034291193365e+01
2.486949951226192113e+01
3.871109110064650594e+01
3.414613321829776993e+01
3.070062009967414340e+01
4.275755776444224665e+01
4.065966209534084896e+01
3.386789915518220084e+01
3.912619370716263489e+01
3.830233460457602490e+01
3.967969758494614041e+01
3.962654362143677389e+01
2.801887143616772136e+01
3.956722613884777928e+01
3.921037635718635528e+01
3.452807932704052263e+01
3.204743744408337136e+01
4.194179744279459499e+01
4.239020390389072901e+01
4.357403198487818941e+01
4.237073231026856490e+01
2.290168930977174711e+01
2.721148712579423545e+01
3.882671760893104107e+01
2.941561150594954199e+01
3.023819786542081189e+01
2.967596555102204192e+01
4.080517888187181796e+01
3.337858220566176470e+01
3.884586485431711367e+01
3.905245800572212289e+01
3.343409953290449721e+01
3.854119639487454663e+01
3.787095148613725826e+01
2.835196431747006329e+01
4.085537806395018379e+01
3.678197886203989952e+01
4.155152466536426914e+01
3.729241443455892835e+01
3.532773684360871869e+01
3.921566768150494653e+01
4.004129565193994011e+01
3.709936544445022832e+01
3.893832126583489384e+01
4.156473965491160527e+01
3.290901380510005225e+01
3.681433410286688712e+01
2.751873109347582513e+01
3.972392383260731208e+01
3.632949016806912113e+01
3.780580709421440133e+01
3.407631938459009291e+01
4.086245567279227231e+01
3.352014872266335743e+01
2.518615215254051876e+01
3.665539983197925977e+01
4.140036507141758193e+01
3.524546156572823463e+01
3.658508741787963459e+01
3.984611622951175747e+01
2.721322062123071106e+01
3.543235269188583203e+01
4.116607678996430764e+01
1.970234368468346631e+01
3.847797257420641159e+01
3.179363830879826835e+01
3.981736351604616431e+01
4.211754215786559286e+01
3.704858568399259156e+01
3.739875271322071626e+01
3.862926371105433532e+01
2.748838543355411446e+01
3.913495870565387946e+01
3.703579435037701018e+01
3.290204048578036122e+01
4.112204447960612441e+01
3.984976863470634356e+01
4.176026090428327109e+01
3.189643711195920517e+01
1.907217038225884309e+01
2.285539150996283908e+01
4.031345963998489168e+01
3.310500548439736690e+01
4.072364589119210621e+01
3.798205207799575334e+01
2.978016489869368755e+01
3.058035337487713434e+01
3.103259481605451953e+01
3.581802784749503132e+01
3.814525544369789145e+01
2.992266944786085858e+01
3.043085713746702936e+01
4.073625735068979026e+01
3.967780085985022964e+01
3.370025568325134202e+01
4.231648822871670035e+01
4.168051749365021408e+01
3.870017508164991682e+01
3.348047115920137884e+01
4.232109910771004735e+01
3.410920919724876654e+01
2.700668831041889462e+01
3.672857970595121202e+01
3.230381133211756861e+01
3.993356280345799547e+01
3.477386003728806685e+01
3.651624657198636470e+01
2.715927669682232448e+01
4.173381681056699222e+01
4.060063418847929029e+01
3.872928644226293216e+01
2.723366787738174821e+01
3.887769002577449839e+01
3.845251016596136395e+01
3.659949151503823828e+01
3.853239573346506575e+01
3.402045615695633529e+01
3.358238168124712075e+01
3.231420035290830128e+01
3.775892285038583651e+01
3.680725135303327988e+01
3.974770123404924504e+01
2.216685923736671882e+01
4.182392993343747634e+01
3.580771917016199524e+01
3.823040002679685045e+01
2.501178677759655500e+01
3.588490530131387857e+01
3.293080951940633128e+01
2.238620717011161787e+01
3.425740285020599885e+01
3.678163263292918117e+01
3.841891005260907122e+01
3.531033987426224030e+01
3.746069281839981358e+01
3.761034555733203888e+01
4.074329299909292246e+01
4.300042138713421025e+01
4.223864101386568848e+01
3.939596625169118482e+01
4.186460763391274043e+01
3.448345793810340609e+01
2.476454383820960103e+01
4.049201539180578635e+01
3.826057192772337601e+01
3.983108915785739867e+01
3.993023737371772341e+01
3.886076691701109809e+01
4.174846421736683055e+01
4.012483662972808673e+01
3.377640755934612571e+01
3.331809136535551374e+01
2.062295457682307642e+01
3.918989271164262078e+01
3.063425457507672789e+01
4.212624188035604078e+01
3.964052650986378978e+01
4.164165785634192218e+01
3.023271207648231496e+01
3.891407301996943602e+01
4.105358033285628494e+01
3.772936404630331708e+01
4.283819972550777067e+01
2.862021665320848030e+01
3.503858178901528220e+01
3.921747946108814631e+01
3.931453938442881935e+01
3.969289108222336182e+01
3.201580753682231517e+01
2.220739673052874608e+01
3.167122727336257881e+01
3.295828881674688660e+01
2.604663651896388643e+01
3.785859944563869561e+01
3.758414774413334669e+01
2.841654551955554098e+01
4.203193042698604387e+01
4.012742332881516916e+01
3.579607386102151168e+01
3.969305441711637883e+01
2.583732018718207968e+01
3.370382326532869399e+01
3.791347115728953554e+01
2.908235368388320907e+01
3.632618565360407104e+01
3.906559818465657941e+01
4.161172331818188042e+01
4.221519011851608383e+01
3.809250292105965485e+01
3.918115872682386680e+01
3.669454659847500722e+01
3.522488178196687159e+01
3.818706882388928392e+01
2.685695444148938194e+01
3.932140093658230029e+01
2.921374780556025286e+01
3.770606895297667194e+01
4.198436290788428948e+01
3.137930979281857802e+01
3.074653390810863840e+01
3.747857783400829845e+01
3.808628200266835506e+01
3.707834453864244750e+01
3.766035767910432241e+01
4.110378615346678544e+01
4.197737442448337220e+01
3.767092760487107483e+01
2.962285603211335783e+01
3.989682489500926721e+01
3.402771873721027873e+01
4.212265234465824904e+01
4.061899355933753952e+01
3.449852725793711983e+01
2.593357511239834423e+01
3.747944526220991435e+01
2.827363482985881404e+01
3.853628794047603634e+01
3.259766044552558384e+01
