3.959263242162255381e+01
3.455805300103567390e+01
3.477890416213793401e+01
3.635720291438668994e+01
4.167877601801973242e+01
4.065319527241393871e+01
3.896234229351892964e+01
3.728161638143575374e+01
4.504211467806130997e+01
3.504439583450260898e+01
3.588889261379171813e+01
2.740414807740503988e+01
3.907952285031102235e+01
3.822473369766943563e+01
3.300473573275453987e+01
3.200706335196722563e+01
2.626356508936544998e+01
3.787388356788085275e+01
3.758951101291238217e+01
2.926219465732216918e+01
3.798568352515941626e+01
3.045756662838851625e+01
3.847917052729688692e+01
3.526400585673918897e+01
3.739566999134665792e+01
3.564075077070791764e+01
3.968870919977727851e+01
3.398327126756872474e+01
3.899541843229561522e+01
3.823619193179939657e+01
2.801805346739543623e+01
3.987083150873078097e+01
3.462533927285703328e+01
2.937567051136680973e+01
3.447909535363753264e+01
2.481136714669689880e+01
3.738261967920961126e+01
3.974463711134588095e+01
4.143270626631375819e+01
4.057173378807757302e+01
3.831043325633880414e+01
3.897138052613231451e+01
3.753225598526973528e+01
4.126761465609008184e+01
3.915241790139707234e+01
3.813610363050107566e+01
3.929684438329241658e+01
3.670552233890695959e+01
3.512936520864396073e+01
3.876121996905413170e+01
3.947886946872480252e+01
4.082500887393700850e+01
3.905235643248067134e+01
3.907303788992437887e+01
3.763549241208114893e+01
3.763397253367087814e+01
3.340893015505993446e+01
4.044769285460843378e+01
3.545954365075880332e+01
3.874750466951311267e+01
3.882514213778004830e+01
3.923634645295138057e+01
3.985915414060112028e+01
4.030270178268666115e+01
3.548921864539912718e+01
4.049984472120913637e+01
3.492309941854676225e+01
3.929507200687107371e+01
3.842187455810955754e+01
4.248424425785547953e+01
4.069743841754483071e+01
3.909439382785939898e+01
3.818052768889386073e+01
4.026695564667908656e+01
3.986188863103825497e+01
2.779312653130072874e+01
3.810149716386700902e+01
3.962285517986946815e+01
3.683471592464665179e+01
3.520374427215851654e+01
3.659404813976261295e+01
4.185929103367792692e+01
3.772573543893228987e+01
3.728090595935556451e+01
3.016972934502293313e+01
3.728415247894535156e+01
3.680724356506559758e+01
3.538901924880424588e+01
3.494935778693051986e+01
4.230058519674701500e+01
2.761224425523945669e+01
1.522238000051857654e+01
3.870950593990926336e+01
3.644479106640991972e+01
2.997129201670267307e+01
2.755695998648999279e+01
3.990899791182464185e+01
3.849021021189010128e+01
3.823859472324078013e+01
4.048171059362994839e+01
4.034442545323506124e+01
4.249590910436010205e+01
4.180877546121542565e+01
2.141122418213145906e+01
4.077125238514754813e+01
3.711627933787743672e+01
3.548939136996104082e+01
3.979419880011866439e+01
3.470963607046387267e+01
3.961071708829704363e+01
4.266531877746783863e+01
3.947844982138871472e+01
3.954854215133433115e+01
4.209370334140180603e+01
3.870918042251844327e+01
3.463407423089046233e+01
3.033840234106881084e+01
3.605400493106182580e+01
3.644093926378650394e+01
4.054993736693854345e+01
4.009785635688445637e+01
3.960539183011650266e+01
3.897672244299291577e+01
4.171497367245100207e+01
3.815037202918537673e+01
4.204275254783171079e+01
4.124553861490714013e+01
4.094602559876329906e+01
3.589856568619673283e+01
2.665493459939801824e+01
3.970823587457386594e+01
3.519853010137017435e+01
3.563512667845768789e+01
2.987795389654434075e+01
1.840095019673440291e+01
3.904070993643640008e+01
2.791696012563312834e+01
4.060282259413225603e+01
3.799211611258576937e+01
3.895190384189704957e+01
3.742526072781883073e+01
3.897726575520434977e+01
4.258819461866716694e+01
3.641035922756432797e+01
4.025172348706313841e+01
3.566660670202151806e+01
4.144637248145662767e+01
3.217915713739539285e+01
2.662706068029092776e+01
3.532440524514835545e+01
3.766161371870200014e+01
4.106408367012486593e+01
2.374637036592868000e+01
3.994230506164763739e+01
3.971965676923431943e+01
3.442984019059075962e+01
3.248107511406303161e+01
3.717643059922917104e+01
4.376499744147250226e+01
3.466833934589664779e+01
3.723825002237312276e+01
4.023870033513952649e+01
4.214549175548021509e+01
4.083073233385862721e+01
3.358065561511919839e+01
3.561950250605855217e+01
4.039911900803331690e+01
3.032731175183331729e+01
4.066665190117026896e+01
3.976514404657745416e+01
2.319869159900470734e+01
3.858759287991026810e+01
3.888409969636840202e+01
4.111857382903541236e+01
2.457530043686445964e+01
3.556373668042751746e+01
3.593175795306824938e+01
4.016862146686477786e+01
3.059449164669672783e+01
3.656321667418359311e+01
3.677697802285621265e+01
3.464947916889371982e+01
3.514994310083562112e+01
3.694943632606607764e+01
3.596416604146025975e+01
3.387387344034591763e+01
2.972900756350969331e+01
3.587446130750024054e+01
4.051344856871093469e+01
3.778254588054578278e+01
3.864116006099780520e+01
3.708175820065731898e+01
3.112110499491786086e+01
3.300848600858955706e+01
3.104700064782512570e+01
3.199108204037228376e+01
4.075473412215644231e+01
3.584509880374623236e+01
3.906091244829477205e+01
3.704868973768797957e+01
4.013625380317262881e+01
3.324607572093321295e+01
4.311691629057145292e+01
3.281624342375086911e+01
3.911514948468074948e+01
3.598391921747170841e+01
3.790380561662049530e+01
3.741799018671302690e+01
2.858661295638547983e+01
3.691137541801181499e+01
4.084242574083279465e+01
4.096405993838801152e+01
4.140065231961910541e+01
3.754046536142443813e+01
4.330260010222063727e+01
3.721922329072654634e+01
4.109425466063499499e+01
3.546855674729202690e+01
3.948287273330478087e+01
3.808216892459867609e+01
2.696430920470844583e+01
4.037089898399334231e+01
3.339597087557857691e+01
3.328016756306274004e+01
3.184967865024653477e+01
4.074203233349464881e+01
3.830911442392741861e+01
3.857877411902195064e+01
3.891996573438846241e+01
4.310910260620707390e+01
4.010625867668551336e+01
4.091813682464852775e+01
3.931036429993449843e+01
3.684075604805840243e+01
4.101613583748299163e+01
3.631507620787677837e+01
3.284751602264270076e+01
4.363886157391440435e+01
4.144326107017528216e+01
3.804603300744121697e+01
3.951683104007837244e+01
3.944703624891464955e+01
3.319891441040354607e+01
2.647246317096454504e+01
3.826760436226539497e+01
3.638805351469597582e+01
3.476734139104344479e+01
4.088205576159379717e+01
3.795322365110570928e+01
2.899636178030104716e+01
3.392445042370670905e+01
3.994629803103188692e+01
3.632945872944752352e+01
3.325004168164612395e+01
4.082976395708106310e+01
3.615827921594288341e+01
3.232999411544384571e+01
3.846379210052042907e+01
3.889994641038665435e+01
3.590002261964467323e+01
3.707669764900222020e+01
4.019829184154306034e+01
3.855366574471468510e+01
2.874324772390041005e+01
3.933181614476819732e+01
3.807879325566571538e+01
3.962274490986088438e+01
3.754688739768712935e+01
2.905112960205303096e+01
3.931758753278038654e+01
3.964187582603322824e+01
3.572285885673569084e+01
4.058551681284481560e+01
4.111428277118347552e+01
3.870649677750938622e+01
3.791409053475466351e+01
2.255582012730439345e+01
4.062840421672331814e+01
4.107977113838565231e+01
3.491240329079084859e+01
3.073084221030547880e+01
3.848485465062977084e+01
3.659206310033959397e+01
3.587480729666933144e+01
3.824967633665996658e+01
3.874733271861340711e+01
3.992981461014183964e+01
4.130114933920509657e+01
3.855421897022947775e+01
4.117232005412142826e+01
3.435584630254078320e+01
3.866007075290439587e+01
3.914849685325492601e+01
3.225707708327028200e+01
4.195043757380825156e+01
3.528596403938207970e+01
4.082371526753583879e+01
3.714103963988424795e+01
4.214568990364958267e+01
4.104038397582581865e+01
4.066760245539305174e+01
4.066487787307018209e+01
3.876675867266280306e+01
3.964623085448224060e+01
3.803687737392287005e+01
3.804531308125765321e+01
3.670525359956309330e+01
3.108327308349316453e+01
3.997861246566305482e+01
3.668583380266635174e+01
3.901052056898092246e+01
3.714610598022245824e+01
3.983319673482233725e+01
4.225335857937402295e+01
3.831093368178928671e+01
2.754578711487243226e+01
3.317921498776710365e+01
3.793169262693790955e+01
4.262385958548795628e+01
4.179940499248642283e+01
3.941217355710742964e+01
3.450134272055693430e+01
4.034289900063932066e+01
4.024213330162884006e+01
3.757966906343749969e+01
3.770858518144871852e+01
3.764234601507092748e+01
3.831100127244010167e+01
3.968504107737018671e+01
4.248986076445343940e+01
3.991510967773334073e+01
3.708596552775936317e+01
3.883895553421504587e+01
4.053624975018733068e+01
3.583777123788902941e+01
3.898598732595051075e+01
3.854219053634250969e+01
4.183345782105261179e+01
3.699841028738944715e+01
4.429538481335828948e+01
3.750370496183600721e+01
3.829440231905160630e+01
4.145978724430150919e+01
3.878989909982273332e+01
4.115453457889562827e+01
3.944120815359350019e+01
3.794973439101589463e+01
3.816091660278351583e+01
3.872793374979796255e+01
4.091580386428979210e+01
3.105326132737871347e+01
3.823316100263299688e+01
3.630760597521596367e+01
4.084327074042474237e+01
3.634575420727442463e+01
3.464351823433588606e+01
3.935723273592753912e+01
4.150742234561172239e+01
2.739752162994742690e+01
3.409341167547468388e+01
2.245055941557369295e+01
2.501984736545704280e+01
3.544223946902212674e+01
3.906557368895676063e+01
4.561368909108005454e+01
4.019943061290365449e+01
3.450345584033655655e+01
3.672008741940661736e+01
3.134917670607876872e+01
4.187474894208876464e+01
4.100256291851483326e+01
2.756802394701810144e+01
4.068286809098697887e+01
3.958139149342576246e+01
4.032783589405779168e+01
3.819987425335956743e+01
3.437539918220440427e+01
3.138334418820737426e+01
4.200693906724291793e+01
2.812115519116110463e+01
3.942064370784965632e+01
3.969646467789761601e+01
4.142382854572569784e+01
2.667442091069396426e+01
3.866868948615757517e+01
3.751179296854395062e+01
3.538840690251588228e+01
4.290535416791696122e+01
3.202833700946646189e+01
2.491686751409368128e+01
3.745484445221496372e+01
4.318152676368787724e+01
3.667047686109019367e+01
2.392762589717533572e+01
3.789156056616423029e+01
3.860036125346677238e+01
4.075932667335339232e+01
3.938611847303225488e+01
3.945337193861867320e+01
4.016149958636429318e+01
3.821277378299961214e+01
3.960256376200251793e+01
4.253067354273290590e+01
3.613085375309395886e+01
4.012328024269795890e+01
3.183591378914235648e+01
3.637186254845141065e+01
3.922406262237139174e+01
3.758545692216898004e+01
4.109982597396032844e+01
3.723260637222438874e+01
3.969160037639528582e+01
4.394252277064089895e+01
3.298363933534977122e+01
4.272761990220704575e+01
3.957709077507605855e+01
4.008243799179789590e+01
2.669928117937380563e+01
3.065986356057516460e+01
4.038222658347309846e+01
3.424348717154187227e+01
4.090793785646874881e+01
3.635119376954573056e+01
4.120215238516468048e+01
3.720403756116173355e+01
2.385415819482524924e+01
3.917621798963710944e+01
3.013038923520960211e+01
4.244513542722291533e+01
4.255495259585422474e+01
3.881092666653898249e+01
4.174597086531422718e+01
3.203803242597714274e+01
4.074967282012601544e+01
4.114592427180723888e+01
4.348142186137172871e+01
3.989115467760571931e+01
2.989482365350405502e+01
4.215735478916040790e+01
3.147780351010379007e+01
4.359378088717580368e+01
4.070264212549155758e+01
4.285481830501165490e+01
4.131121790466761468e+01
3.976212418078183930e+01
4.054677673591316989e+01
2.657290950762067894e+01
3.360464181961960151e+01
3.825480832318232416e+01
4.055026482812093747e+01
3.490194752234162934e+01
3.525919817084788832e+01
4.149856964010324134e+01
3.101853816601225944e+01
3.885147992315942389e+01
2.211414967767476369e+01
2.956565729621136640e+01
3.961780655711922350e+01
3.595967028470430193e+01
4.197785204171490392e+01
3.616013009085131813e+01
4.149754384865980228e+01
3.982193132208185204e+01
3.467664275006993080e+01
3.470361430563441729e+01
3.342046173618655303e+01
4.278016317842399729e+01
4.279112350239385876e+01
3.668966079920348733e+01
4.040979915579679016e+01
3.396697383649600255e+01
3.967952248091363288e+01
3.640225790866060152e+01
4.141762685655045573e+01
3.829497705043667821e+01
4.352074528767271033e+01
3.865866469780299752e+01
4.170070886700460022e+01
4.083145189142808817e+01
3.876811386625615796e+01
4.287339098969570728e+01
3.554379696312910397e+01
4.026194089013124966e+01
4.154449353741817674e+01
4.014906106588363599e+01
2.723946512790724839e+01
3.482111744316640767e+01
3.942024833073627121e+01
4.054112896634371310e+01
4.366253862654057372e+01
3.861736285957422865e+01
3.281464184416939389e+01
3.339075272403569983e+01
4.424907086794227951e+01
3.650087699617179737e+01
4.015219378130699823e+01
3.984232634809812623e+01
3.854306247155896870e+01
3.979173985698727734e+01
3.752601941548200415e+01
3.962644826662172193e+01
3.764352195073078633e+01
3.737708141202806900e+01
4.201817874228468952e+01
2.838332433165526680e+01
3.198732172686381858e+01
2.925038454330901061e+01
2.761060295921109287e+01
4.004754856266681173e+01
4.122449513938691723e+01
4.217978203279672300e+01
4.135796580552840140e+01
4.056355042512839759e+01
3.610428081307247794e+01
3.793289356576417504e+01
3.717786316089432574e+01
3.604263200420643898e+01
2.914005021343190549e+01
2.704835490742460635e+01
4.085971602403780167e+01
4.268242247704446868e+01
4.153409395638507817e+01
2.936227706672012872e+01
4.022301977485677327e+01
4.163377045847401803e+01
2.969686176804247424e+01
3.082838646721358344e+01
4.066900576209381768e+01
2.470097309642463301e+01
3.931852338056598484e+01
3.921066493725571434e+01
3.882180870508793902e+01
3.850167549710677406e+01
3.403755498315133821e+01
3.986013444203926781e+01
3.846385002409544995e+01
3.682966807516816488e+01
3.410846853993012928e+01
4.277259766219472681e+01
4.028149989368331774e+01
3.878323531327861673e+01
2.462434760786399934e+01
3.410679999085078151e+01
3.527127477958245549e+01
4.092418384153504718e+01
2.297309941736527961e+01
4.033543402033456005e+01
3.188863170769872823e+01
4.293227040616854850e+01
3.963967712396549814e+01
3.780131859118395710e+01
2.592626842400386167e+01
4.066332014468517286e+01
4.290020638282852872e+01
3.724387732394958306e+01
3.150551536122802787e+01
3.214757015367950999e+01
2.847803569479350472e+01
4.038985135420487893e+01
3.738421772427708589e+01
4.018239964704976330e+01
3.500566080167587302e+01
3.820923146104166790e+01
4.346518156109470254e+01
4.191414232965004061e+01
3.926982094437936155e+01
3.882806159714625238e+01
4.120639534368373091e+01
4.187518071253808216e+01
2.568181835107057509e+01
4.456523151898255009e+01
4.507542343113539118e+01
4.153072667213091762e+01
3.720190857140251950e+01
3.654389910500506744e+01
2.039004630721745670e+01
4.171374785584477962e+01
3.445579175086412249e+01
3.656966703397259977e+01
3.266899095319642754e+01
2.824850810972591830e+01
3.903274502490673115e+01
4.286478154176604249e+01
3.947265720067888140e+01
3.871907271144807083e+01
3.575651949689690667e+01
4.079176064807423074e+01
3.933676035697310880e+01
4.196033827692988893e+01
3.535402899071185345e+01
3.388539377507334649e+01
3.934199851992154606e+01
2.623620492025594331e+01
3.692304930174358901e+01
4.152467125745425136e+01
2.791946511091452976e+01
3.474573128933858612e+01
4.085102800736547124e+01
3.925184389006400920e+01
3.636104647596754802e+01
3.664963213965730660e+01
3.638020898146752558e+01
2.733654576960248050e+01
4.300738144360824577e+01
3.751587731150438998e+01
4.397839662869914434e+01
3.734395381483105325e+01
3.890913896310483011e+01
3.520605041492174792e+01
4.288766007015544801e+01
4.207514779541072869e+01
2.631643810928171945e+01
3.341710999591050779e+01
3.807177526426382030e+01
3.984753698376145792e+01
3.804088421102905215e+01
3.937754790910077674e+01
3.818971560629132256e+01
4.090959309672031452e+01
4.134517282937238036e+01
3.804058527521746669e+01
3.878502587031479010e+01
3.848149923075197876e+01
4.101015341304840689e+01
3.827830140157179528e+01
4.179130547767532278e+01
4.240627838263024074e+01
3.556180695543522319e+01
3.606288753415491755e+01
4.165445982129445923e+01
3.843984860399536529e+01
2.786706272462675926e+01
3.083469930712622897e+01
4.030234218210932795e+01
4.204550302428047104e+01
4.027963994699592831e+01
4.101899963935347415e+01
3.808651055905422567e+01
3.866108388888059721e+01
4.257487763091735644e+01
4.256168111381155228e+01
4.113743244648480157e+01
3.868997478528027045e+01
3.774824230871399777e+01
3.979086218645410611e+01
3.695705126312532940e+01
3.774709618556843793e+01
4.608365811905463971e+01
4.060563119293654211e+01
3.990111709010190566e+01
4.297241148821162682e+01
3.308870768785798333e+01
4.044487068902636651e+01
3.243696621070505159e+01
3.827729159944986748e+01
4.227433796133836807e+01
3.736190358652259391e+01
4.122677929066803415e+01
4.212187066254573864e+01
3.370258946254356403e+01
4.026450431174320954e+01
4.158395907280146986e+01
4.249995499212678141e+01
3.983639518718848649e+01
4.214677257666421895e+01
3.781473983124871552e+01
4.055161307424423001e+01
4.063402697238305450e+01
4.199120412065167329e+01
3.453125293483578417e+01
3.116933713439512488e+01
4.196982100199420529e+01
3.995472871318365549e+01
3.617118707105795750e+01
3.808769225770204514e+01
3.774653256133218093e+01
2.638397694852474018e+01
3.088414106044796625e+01
3.588037360392280561e+01
3.995202435675722796e+01
4.119628398285971826e+01
3.301772393104565140e+01
3.933671735003121483e+01
3.769672858270660498e+01
4.366310955792984316e+01
4.017051678934995351e+01
3.270400499975350783e+01
4.024855412134040478e+01
2.557409051940231137e+01
4.086276068300208664e+01
4.028717005800063333e+01
4.426429166332675891e+01
4.008843090550841737e+01
4.015271066763613561e+01
4.250047335935325776e+01
3.122260113807544357e+01
2.730294786955919406e+01
4.172061881488269819e+01
4.108917366554646833e+01
3.996675480020405047e+01
4.192961104304352205e+01
3.982031085794837111e+01
3.810888368485033340e+01
3.022869056893332029e+01
3.831944754325708402e+01
3.291287861231661083e+01
3.483101927219527738e+01
3.976960123474091091e+01
3.676030038604319827e+01
3.922690427069938579e+01
3.731779874762882798e+01
4.361045463217629248e+01
4.114694971471193696e+01
3.623916123993713256e+01
4.225739287672870859e+01
4.037357157690249210e+01
2.927245220682933180e+01
4.041122064304382633e+01
4.109259720437406571e+01
4.270527376187886404e+01
3.930892122174241621e+01
3.232856430468743980e+01
4.562097713408476096e+01
3.687889013409686356e+01
4.336391950902467585e+01
2.202235539423839938e+01
3.300778900125477833e+01
4.195753102288870906e+01
3.492834781592685545e+01
4.252763585825570658e+01
4.052201122450571091e+01
3.910628480724196976e+01
3.971570978864858859e+01
2.761137215290466429e+01
4.408274794978038358e+01
3.639578661113360170e+01
3.552320212730229798e+01
4.067671419733321159e+01
3.457429944588751880e+01
3.687775843160630984e+01
4.028529376044895116e+01
4.388422619058962226e+01
4.192556385015031850e+01
4.230056907952946688e+01
4.111599752655362039e+01
4.327934444703237205e+01
4.429847793904754383e+01
4.024764449370003661e+01
3.525291816500535447e+01
3.763585386842605374e+01
4.116281435546343914e+01
4.102995016846922738e+01
3.917652967731372371e+01
4.415272960894786536e+01
4.394128454780683768e+01
2.893738982211662503e+01
3.996603559519854088e+01
3.367512812534204869e+01
3.922327162388867805e+01
3.807433316144350499e+01
3.471985165919080174e+01
3.807063927186025154e+01
3.608235524612219791e+01
4.191558659912729468e+01
3.823006083728886040e+01
4.196001707673883629e+01
4.026187801693413348e+01
4.108123891683432305e+01
4.366273168492393353e+01
4.190808265562122870e+01
3.510173749340714267e+01
3.647995472959082264e+01
3.551243393162045692e+01
3.985200727524215125e+01
3.970685762893332083e+01
3.015742393155278833e+01
4.036896630359513694e+01
4.104275045771397856e+01
4.029623296612625438e+01
3.335906800061705724e+01
4.016765032411336733e+01
4.111688949329422371e+01
4.049753818514258086e+01
4.152525506281938306e+01
4.261243066708795624e+01
3.995854881819528259e+01
4.154548423113388367e+01
3.878654737169831179e+01
3.942329759976723125e+01
4.073580774256546277e+01
3.542162661210144847e+01
4.004327542914135307e+01
4.020130174416210167e+01
4.125200055444380354e+01
3.867183963759372745e+01
3.164468963300720361e+01
3.301769898429920147e+01
4.161021889551709307e+01
3.570097816747800579e+01
3.458006054835088605e+01
3.532337406806104241e+01
3.853496749374536279e+01
4.117778385710222722e+01
2.752934690804431028e+01
3.501319214169329541e+01
3.884500253259545843e+01
3.815949295548358577e+01
3.841487435633056435e+01
3.874150169537727351e+01
4.034498891970290657e+01
3.128027970811249858e+01
4.016498567178697954e+01
3.547781577242268725e+01
3.950124185146874112e+01
3.937431496244953166e+01
3.009713302796954437e+01
3.585492603442217785e+01
3.632722146989571854e+01
3.941023271976679609e+01
4.150746847247287974e+01
3.484178240735693777e+01
3.684247231981804305e+01
4.281092607528224647e+01
4.009003024109483704e+01
4.134791263308461851e+01
4.145655346558157817e+01
3.802184258850709142e+01
3.702194132385152159e+01
3.674749786372554183e+01
4.182793188901624148e+01
3.996142561201847343e+01
3.765979855523930553e+01
4.079431964566569491e+01
3.538718825865714734e+01
3.601530660229726521e+01
4.192325102096379652e+01
3.871039830516762947e+01
3.996301402754694720e+01
3.966589901941229357e+01
4.012397526247058721e+01
4.053385114375621612e+01
4.038354874658684679e+01
4.376186242609313126e+01
3.995316949929340922e+01
3.899493312806185941e+01
4.007809601156505863e+01
3.104552286893132163e+01
4.081566833520736992e+01
3.909733719580566458e+01
3.986622402239160579e+01
4.226213008862803377e+01
3.792209239090809092e+01
2.540636065021993417e+01
3.917784306099384395e+01
4.326842722334269808e+01
4.124511746840603621e+01
3.902800017284123868e+01
4.099294177409183249e+01
3.977540465793271807e+01
3.961543163187754857e+01
4.019883663632688808e+01
2.213823860095958551e+01
3.536290648853061214e+01
3.903837144909554269e+01
3.949386523285321005e+01
4.102192320465648123e+01
3.586110695126247805e+01
3.539255642101984023e+01
3.272343299555556939e+01
3.458869282871332729e+01
3.835596569684972934e+01
3.941286050767848081e+01
3.986744581895394646e+01
3.234978744834706532e+01
3.434520731353857315e+01
3.409786143215528398e+01
3.921760089819592565e+01
3.888864507755287292e+01
3.775731613140295195e+01
3.946503956619948639e+01
4.071570711437971113e+01
4.165423130604884250e+01
3.451040040866674730e+01
3.564842270200688290e+01
4.048281332055250914e+01
3.450911226569533596e+01
3.864855132210325195e+01
4.396748102102616684e+01
2.984410411754313941e+01
3.982121361281373595e+01
3.960316504359674639e+01
4.078458055415258343e+01
2.526094267928715809e+01
4.092601934776376282e+01
2.830186336924700896e+01
4.051135511566536707e+01
3.545369732408079244e+01
3.776055566874882174e+01
3.819112838354810435e+01
3.922756707023615519e+01
3.605162758536876311e+01
4.038932367799841927e+01
4.245305692377609574e+01
3.691136468714601193e+01
3.515509974506452551e+01
3.809122657000642675e+01
4.006584260954369370e+01
3.866450739798634828e+01
4.237632941068297754e+01
3.082046852427961170e+01
3.902782524280016929e+01
4.048669878866495964e+01
3.239710995455970277e+01
3.688816098019842826e+01
4.022323097560283856e+01
3.503322098496043679e+01
2.823569387720279522e+01
3.949991653100921241e+01
4.132230976085052987e+01
3.545111149928309402e+01
3.691233689821783059e+01
4.124188882648998344e+01
4.219370541735069224e+01
4.413573986949390360e+01
3.790870133986567225e+01
3.855606061519712568e+01
3.773072848428558501e+01
3.498376074760589205e+01
4.241900795519334366e+01
4.241906132995754319e+01
3.587705838031107675e+01
3.908704395547057686e+01
2.809040904393528848e+01
3.984176195732759851e+01
3.749265379741891024e+01
4.116910397655034615e+01
3.920244837378618286e+01
4.301131980377610375e+01
4.226087330275028364e+01
3.887753876596048741e+01
4.069751084082447790e+01
3.836348355377372599e+01
3.779308490458279834e+01
4.150809857555062621e+01
3.741588180406902353e+01
