2.637585993779964610e+01
2.611147445669197253e+01
1.585235203115722413e+01
1.726873754333741573e+01
2.681769638822631663e+01
3.777849395953305844e+01
2.131912600666847979e+01
2.130870843055856412e+01
3.518279077335767369e+01
2.317285204123873754e+01
2.490814596132607761e+01
1.977180569067020599e+01
2.882979785751338042e+01
2.496076876325796334e+01
2.173872901086170017e+01
2.085436320918561748e+01
1.773357116337632888e+01
1.950546252849859385e+01
2.670708668493952587e+01
2.237240608063194003e+01
2.052638143907845958e+01
2.078394420201009041e+01
2.140855073195026392e+01
2.623936796184330689e+01
2.082857976249247045e+01
1.270788406858248365e+01
2.389254429831047233e+01
1.521482003984278109e+01
2.043561953876671566e+01
2.095790777938945837e+01
1.774884284836928217e+01
2.736370379171266265e+01
2.204950579402238020e+01
2.202702083933328225e+01
1.916255037672985395e+01
1.698345231524955423e+01
1.741982536227127909e+01
2.417193860582338871e+01
2.544666578789146882e+01
2.736603584423615132e+01
2.821896057651870038e+01
1.982523004473125994e+01
2.473691254015331964e+01
2.334224785982382144e+01
2.313479319538804546e+01
2.630445624030593876e+01
2.506848222478674160e+01
2.568512038928870567e+01
2.009694883897073581e+01
2.191193546141215620e+01
2.534833127301786604e+01
2.189042583152656363e+01
2.209659683086512416e+01
2.280902841158307481e+01
1.913334292999886799e+01
2.544897969589136721e+01
2.311453773298434200e+01
2.474493736787067277e+01
1.827448857235501833e+01
2.429008922875463838e+01
2.147791596996312080e+01
2.708211003239899384e+01
2.105403977247587122e+01
2.624738227209039465e+01
2.835001418026688924e+01
2.970375418659001099e+01
2.293346821733362262e+01
2.080632724792006627e+01
2.008242126351052903e+01
3.005638963658728002e+01
2.850073860698353556e+01
2.263180727952539328e+01
2.197806261815909323e+01
2.590925443172454834e+01
2.514288195782434343e+01
2.056055304621777324e+01
2.211321054504971428e+01
2.461903794036053128e+01
2.598835601377682636e+01
1.664460092447515649e+01
2.203707210489190516e+01
1.659422545073771360e+01
2.268997869122647160e+01
1.805372993765336176e+01
1.626725805868016650e+01
2.273076891078270734e+01
2.030156203170325213e+01
2.203226178330872642e+01
1.837392842193039044e+01
2.671044082193002112e+01
1.694145657236736469e+01
1.154745107705127616e+01
2.561182033098248212e+01
2.168719418627498641e+01
2.537375998562431789e+01
1.894622367248646810e+01
2.629812946242771687e+01
2.279209989451929275e+01
2.902042841284063357e+01
2.935716031537060644e+01
2.396352729849433061e+01
2.722902772979105990e+01
2.651291630595865811e+01
1.775468778578039775e+01
2.749344196253948880e+01
2.037089228675518982e+01
1.514428659168371283e+01
2.389902976908312127e+01
1.638228365812453902e+01
2.209419639686820958e+01
2.493217605480266386e+01
2.352632622342400026e+01
2.260247051306772903e+01
2.367193139442736793e+01
2.311358359573942423e+01
2.156828705454864448e+01
2.262164835779383765e+01
2.483304908547518153e+01
1.576124013196749551e+01
2.732217290207515603e+01
2.487931290492437952e+01
2.469780481757015167e+01
2.526701661378386632e+01
2.792530649972416157e+01
2.414874113720319926e+01
2.864045422155298581e+01
2.705493745039088438e+01
2.124743588366220237e+01
2.266287614858493882e+01
1.890960551471528461e+01
2.108785169602859000e+01
2.433418627072571638e+01
2.616885371094006629e+01
2.114420805132017023e+01
1.593106240479543700e+01
2.333918627970057003e+01
2.055799507975417484e+01
2.356126676142775977e+01
2.400124847888946533e+01
2.347160190448473571e+01
2.367097893135674624e+01
2.704090171513801621e+01
2.816484485089582179e+01
1.742322846680524862e+01
2.392023731019720145e+01
1.599710148406608212e+01
2.439191872127229743e+01
1.400823682817098792e+01
1.975540217193904979e+01
1.353909651662381997e+01
2.467806462896014352e+01
2.963146265786830824e+01
2.010084863436414082e+01
2.720786778362962721e+01
2.418202669589039644e+01
2.543775734421026513e+01
1.262328528937804428e+01
2.500433174167612549e+01
3.413286678307037647e+01
1.757392389297556790e+01
1.895175791381806008e+01
2.131962512367808316e+01
2.637945585281434546e+01
2.823216260041501613e+01
2.223640670064855129e+01
2.012356404625293038e+01
2.475659349798136688e+01
2.357129135565592648e+01
2.752178030911058570e+01
2.320912442007849563e+01
1.757012862367670181e+01
1.442248559726400536e+01
2.760276063578804084e+01
2.237609738315960328e+01
1.822995614383903629e+01
2.631944305630866054e+01
2.443746847442739423e+01
2.552744682219186245e+01
2.179679514629112091e+01
2.409458776988653028e+01
1.630943176883532431e+01
2.420666360543935269e+01
2.341299502263785470e+01
1.336308808297184214e+01
2.129245376844133730e+01
2.489311826613285916e+01
2.184529301504490917e+01
2.394433389142556479e+01
2.448885862694846338e+01
1.817867092111191951e+01
2.416675624059568506e+01
2.421313875986047037e+01
2.160339958998564214e+01
1.441446556001886670e+01
2.073147416119575936e+01
2.237257520184747861e+01
2.457789482435013895e+01
1.897857969582188176e+01
2.786024670994947172e+01
2.636281045233652520e+01
2.403568277543563170e+01
1.692991304908595041e+01
2.995163746020181961e+01
2.379473769349275258e+01
2.336067009630716029e+01
2.470920593713638524e+01
1.742291419620704218e+01
2.235792597538620896e+01
2.047469376267963881e+01
1.955117980958801738e+01
2.670858605931175589e+01
2.176938692333460068e+01
2.862634103828304433e+01
2.130414926577614665e+01
3.302223264256326019e+01
2.333255351060676119e+01
2.520501086815367486e+01
1.874173467724558506e+01
2.381524133420262501e+01
1.909752470807488223e+01
2.080517237453517154e+01
2.399955517460148613e+01
2.079691653388037054e+01
2.296267810803238874e+01
2.433530165128397016e+01
3.050128344820998905e+01
2.512249362997614455e+01
2.230213143794771824e+01
2.794759589697745028e+01
2.980469751075477802e+01
2.675680014227751258e+01
2.647414607408702736e+01
2.331875335971544061e+01
2.489646024749402642e+01
2.236894753427341698e+01
1.983910468988495523e+01
2.174787743068603518e+01
2.952738679705685243e+01
3.076397756312099574e+01
2.597465212517964162e+01
2.959652695768397379e+01
1.926004514906934162e+01
2.155740786799163544e+01
1.560642885016088321e+01
2.667821953064984797e+01
1.280340172318515002e+01
2.460347482726143298e+01
2.763361040029105808e+01
2.176319200937861709e+01
1.760573041689569962e+01
1.580220163052249482e+01
2.675392194804471302e+01
2.010658781962915143e+01
2.472161654294198740e+01
2.465831298088923518e+01
2.124929012114977311e+01
2.378016656150620278e+01
2.253406582964081650e+01
2.456174212529493772e+01
2.190817844593646413e+01
2.535101208218646818e+01
2.135191443730460392e+01
2.138374742616091950e+01
1.070014981071565607e+01
2.579686627116533870e+01
1.796126323117531598e+01
2.292007702876060193e+01
2.435060628350436218e+01
2.253957270250336720e+01
2.406748770683607574e+01
2.012057448277259653e+01
2.256741366170384566e+01
3.114999910038445563e+01
2.852674658171342870e+01
2.712145341644556140e+01
2.322954789097189376e+01
1.811258980066421742e+01
2.253101597766582387e+01
2.523467334178146260e+01
2.693583416893626747e+01
2.133529936400565319e+01
2.560857366548084002e+01
2.567870102398055110e+01
1.074197117897114317e+01
2.784368038562425696e+01
1.803754198666524644e+01
2.506341172310814613e+01
2.556019849198969141e+01
2.319970172574811329e+01
2.700706899284434215e+01
2.404195292326662070e+01
2.816646714565312593e+01
2.391087036886320405e+01
2.451562677293118853e+01
2.906489225995816028e+01
1.778429179172990970e+01
2.157118422245130418e+01
2.610032244030982795e+01
3.196934254467487335e+01
2.451175278682585557e+01
2.552783853351825627e+01
3.549298378128488451e+01
2.631050266283299166e+01
2.126526946411340191e+01
2.202136244644301044e+01
2.290847584607005416e+01
2.718215625713987293e+01
2.373860420339858024e+01
2.383772788443068436e+01
1.757799359816725726e+01
2.238331724803904876e+01
1.742056025315200074e+01
2.675578671315721735e+01
2.618421836339249609e+01
2.307704690809172021e+01
2.381323883957517751e+01
1.885690009680845947e+01
2.999200002884719396e+01
3.010015076434019576e+01
3.009780001765054891e+01
2.419778732780349628e+01
1.784903554480658272e+01
1.945132578641596410e+01
2.589598541468283699e+01
1.868449543182677530e+01
2.033205231964284110e+01
2.188288722562007749e+01
2.467232257375741966e+01
3.003262892378718973e+01
3.762840371215679625e+01
2.438973325965153904e+01
2.312113212805018847e+01
2.299776633933271341e+01
2.516116460390610143e+01
2.456244081129418788e+01
2.522835191389103926e+01
2.778066650991684838e+01
2.828887992424003528e+01
2.678835010840924014e+01
2.692885948287503695e+01
2.759161020115096719e+01
1.959191728053134440e+01
2.773718522084165983e+01
2.647024980562366636e+01
2.513537511013277737e+01
1.843287328294407601e+01
2.362241499034008285e+01
1.783348613539741478e+01
1.896493688019642576e+01
2.824853466995264029e+01
2.155522457438476636e+01
1.651570365534345797e+01
2.416014305708652543e+01
2.360180392803544080e+01
2.041528892867749079e+01
2.525476108976353018e+01
2.296732860253994346e+01
2.979510407051434129e+01
1.952216959135098762e+01
2.405418160547165840e+01
1.807828883854451618e+01
2.064204678125549108e+01
1.852165731803329507e+01
2.821058015931438234e+01
3.505115890289076930e+01
1.770470127114171532e+01
2.392672856800173875e+01
1.895797725738954753e+01
2.455261579402858985e+01
2.213120084220241779e+01
2.101297774499315452e+01
1.791371850747771788e+01
2.734327903550134309e+01
1.666888753550745861e+01
2.800145455801894556e+01
2.703311571855731898e+01
2.624358800437935813e+01
1.799151073497245790e+01
2.353536954278176552e+01
2.007296946926145154e+01
3.066203660079420601e+01
2.659467670495080327e+01
2.808003925847070192e+01
2.248907057437697432e+01
2.455397515372522221e+01
1.935007040486960150e+01
1.886473529282236328e+01
2.780949212656621938e+01
2.116627918795855479e+01
1.737305320860749802e+01
2.642065530890064906e+01
1.814696558808336135e+01
2.813284000563900378e+01
1.774112331119253838e+01
1.824466865661084825e+01
2.567371955743305989e+01
2.366192088169817254e+01
2.532731478223533372e+01
2.595092862141509116e+01
2.272056629619385859e+01
2.286737529131391966e+01
2.329185093649447680e+01
2.872140654383247949e+01
2.121907141556715004e+01
1.769092441588142606e+01
2.473732726478447930e+01
1.860645724615432783e+01
2.303050560979965056e+01
2.200358220215665739e+01
1.953859895946282421e+01
2.240824229001897550e+01
2.498445896646066444e+01
2.981000751884493383e+01
2.480165125678802696e+01
3.029274650196609997e+01
2.427344666065389234e+01
1.899068250177096928e+01
2.157799986755475885e+01
2.357807620314553176e+01
2.755308643945700808e+01
2.444055992786777409e+01
2.773086993333989270e+01
1.440662457419521836e+01
2.862357924679199783e+01
2.640295161261255785e+01
1.767501581860597071e+01
2.630074744281059296e+01
2.328425989971153598e+01
2.886876531250507227e+01
2.800514436196280599e+01
2.476943581504295366e+01
2.609638049702892815e+01
2.496785161405554376e+01
2.512351750322479660e+01
2.922958853807893220e+01
2.793293928545210747e+01
2.087867792831896452e+01
2.177506299422393710e+01
3.046699625798071054e+01
1.969266295535276612e+01
3.014423657422608827e+01
2.773171209393948189e+01
2.985151680938415808e+01
2.464559237608010278e+01
2.666292742521974546e+01
2.352687767354270676e+01
1.896494078725436339e+01
2.864896593776473210e+01
2.122882400174560047e+01
1.971547742324932173e+01
2.214361550647540611e+01
2.526740326351112742e+01
2.800868109448461141e+01
2.374601561927756066e+01
1.853036956682522529e+01
1.846005780388652084e+01
2.310305802097725092e+01
2.659414665370133335e+01
2.706513872406002008e+01
2.784685879097794015e+01
2.463385271568699508e+01
2.798974328433642356e+01
2.682037998497164111e+01
2.177137993777593294e+01
1.588710221331087880e+01
2.159858873076397856e+01
2.630506070218857317e+01
2.914687404695964190e+01
2.672883199036258617e+01
1.973252372634132001e+01
2.909157764029712823e+01
1.858899994527283894e+01
2.422111730113608985e+01
2.888575463389495468e+01
2.420964240755560581e+01
3.698189291454563232e+01
2.481159304555701794e+01
2.867313452860643608e+01
2.820964886749735001e+01
2.528274770327831078e+01
2.598634188110255749e+01
2.448272671145979729e+01
2.772125727192635836e+01
3.171631189343398560e+01
2.327530976517735439e+01
1.966331143439537499e+01
2.738146206799155635e+01
1.879645402901637041e+01
2.539216889915811848e+01
2.867632965100492370e+01
2.707777323904294065e+01
1.952335303337207506e+01
2.427983847095651981e+01
3.475240775041341124e+01
2.644361692088337534e+01
2.087946797941777533e+01
2.571868438683416613e+01
2.797957584722535174e+01
2.796243909624132229e+01
2.220297132178519561e+01
2.600728999083191795e+01
2.438412524491819866e+01
2.033096605778509414e+01
2.892176228888941480e+01
2.217520573914217863e+01
2.050951416708520725e+01
2.355836200130672609e+01
2.144869674080842259e+01
1.943561444342052980e+01
2.716087669204778621e+01
2.350061104181009952e+01
2.144801787998225961e+01
2.520189181993706029e+01
1.737772348762774755e+01
2.523285507580282427e+01
1.820175898803992354e+01
1.945070103947335838e+01
2.127078715551106924e+01
2.250676568755001838e+01
2.731631552089344339e+01
2.956351480946199572e+01
2.178182972887150370e+01
2.125689225191354126e+01
2.121155303134263903e+01
2.880965821396256743e+01
2.185823489861502011e+01
2.224559805027865522e+01
2.735360181056680773e+01
2.125902934178839487e+01
2.622452437084983146e+01
2.184199417622485839e+01
1.904900210499852875e+01
2.746954228283345856e+01
2.537566192278696064e+01
2.500784301731434667e+01
2.059833226290562536e+01
2.342291366173984102e+01
3.123435792372231390e+01
2.583929037525601657e+01
2.637530798754348638e+01
2.995009251557054242e+01
1.954057984328297337e+01
2.364772682398459125e+01
2.606538630510517507e+01
2.712521111395302142e+01
1.858538371661190070e+01
2.025569491447842196e+01
3.260855581169456485e+01
2.630418126032476067e+01
2.627223058517026288e+01
2.384736971351036772e+01
1.741087778107990403e+01
2.471870166892790266e+01
2.709219931244718893e+01
1.644167810738688829e+01
2.541434889828840582e+01
1.372258628553266036e+01
2.510887955456855991e+01
2.760636498096144464e+01
1.990330634105412955e+01
2.806019995621245400e+01
2.339079415301332787e+01
2.118504151028327342e+01
3.338979812438535077e+01
2.465830235681583815e+01
2.297344730047955963e+01
1.972870656960021662e+01
2.331486926138615701e+01
2.623938295427132061e+01
1.668808769781698587e+01
3.747573321398132862e+01
2.482986417606194252e+01
2.853951719934993392e+01
2.635654609977412122e+01
2.615861835946278902e+01
1.543177624483152144e+01
2.577973965143296553e+01
1.924469218521800684e+01
2.508903631031459724e+01
2.188453517046638908e+01
1.731014478027355707e+01
2.811164415077139367e+01
3.884384341888462444e+01
2.171924010158056007e+01
2.682129379782048062e+01
1.433714780859267002e+01
2.026377506629236080e+01
2.759923768419064771e+01
2.454953040721619573e+01
1.882646406216375468e+01
2.227434600347822524e+01
2.721250847985248811e+01
2.010900413038337575e+01
1.727453606029619948e+01
2.638226199236371627e+01
2.353633162099839993e+01
1.481229104778238259e+01
2.626357985718218657e+01
2.781813557619171817e+01
2.962531710502141280e+01
2.446852994772872592e+01
1.916291877832880175e+01
2.050381229966148666e+01
3.036608979653174600e+01
1.695503250859936273e+01
2.396251755051522636e+01
2.150119486154586212e+01
2.794459341582220446e+01
2.737874167370717515e+01
2.583793858539993593e+01
2.619113293706518419e+01
2.201496957133550580e+01
2.088922826602424720e+01
2.643603538816059029e+01
2.779370241737005642e+01
2.747314938024343434e+01
2.671130659611615599e+01
1.764657948636236284e+01
2.808262262470645254e+01
2.910520306031386184e+01
2.213818983113554850e+01
2.009427513674397758e+01
2.835364765511064178e+01
2.786754562679153935e+01
2.404364506533109136e+01
2.787244375048130607e+01
2.925505177187125483e+01
2.209563042090223917e+01
2.598206729659236203e+01
2.585381915818865295e+01
2.436071203203156799e+01
1.892648411533906128e+01
1.553416354345320372e+01
2.216526334503642559e+01
3.055643661190258342e+01
2.704364269764402451e+01
2.296859396054799873e+01
2.137641473060840980e+01
2.289949599123022494e+01
2.691216151662046485e+01
2.224447060956342526e+01
2.616530187380159944e+01
2.295590999406395483e+01
2.629030542710039953e+01
2.283146995832525761e+01
2.649916077886495458e+01
2.392051348369149366e+01
3.274180078083234235e+01
2.487533706713049497e+01
2.668197703449287772e+01
2.881815920860329427e+01
2.750376291322087141e+01
2.304269418089237575e+01
2.375649027082130615e+01
2.604412010183321513e+01
1.999008194090175650e+01
1.615979980703669483e+01
2.877871364188773740e+01
2.036920005896172725e+01
2.563892857967936934e+01
1.703536007058645652e+01
2.618760903326436562e+01
2.679617765646736061e+01
2.434576636551469520e+01
2.484283564402700861e+01
3.032983832690778669e+01
2.071710039930071190e+01
2.395283764383324154e+01
3.505813759860426160e+01
2.297588160024671566e+01
2.272938993760962134e+01
2.711956457638873985e+01
2.617836485062316498e+01
1.901372311901588219e+01
2.295555774929231774e+01
2.602063892564155623e+01
1.761859954923096439e+01
2.392789000217312889e+01
2.275130372775448606e+01
2.284534353607802970e+01
2.798280974064651616e+01
2.231639994640346458e+01
2.337464638932882366e+01
2.791937913639907265e+01
3.019514629841953735e+01
2.633783408387689207e+01
2.386137027929563459e+01
2.272165825189125599e+01
2.153666499433684223e+01
2.192679144297972726e+01
3.002469298099563133e+01
2.976331564096441795e+01
1.970300319980401937e+01
2.520236206242460852e+01
2.730507540368702379e+01
2.512600086182013115e+01
2.058533457581615878e+01
2.417603242505948558e+01
2.880403606049065957e+01
2.427770581772022496e+01
2.828542759519467964e+01
2.917626783589903638e+01
2.096386632264399452e+01
2.069882944912383138e+01
2.410270817139253907e+01
2.403925012235510650e+01
2.688963653358689143e+01
2.404166996957558666e+01
1.645124813094057004e+01
2.092336255378431886e+01
2.081284964941974636e+01
3.100517329660662824e+01
2.490723549474989440e+01
1.800946916751574634e+01
2.573444213992459240e+01
2.434627159466796087e+01
2.384909999354331234e+01
2.826956826939780854e+01
2.733242979338585599e+01
3.011091888546854278e+01
2.862725567092077839e+01
2.486063215996261988e+01
3.132854846193797727e+01
1.940907099601304253e+01
2.801954297894852886e+01
1.929745464477583994e+01
2.225133716295135855e+01
2.557764006994052863e+01
1.397793440125098030e+01
2.851291381262584679e+01
2.442423534881372404e+01
2.152213545401420092e+01
2.862139286003848326e+01
2.312596262212019838e+01
2.788483151216300371e+01
2.552876884250244416e+01
2.302475151385810648e+01
2.723523876042661129e+01
2.121459205558161898e+01
1.941168497739904808e+01
2.341285938087559160e+01
3.116435724881031888e+01
2.633608388502408815e+01
2.573098907691471027e+01
2.505551687777876779e+01
2.882408340016428738e+01
3.110037940837750625e+01
2.833667442103763534e+01
1.715922630273147576e+01
1.917252113584494921e+01
2.798783506841102309e+01
2.660201787352651337e+01
2.148360749953525684e+01
2.384416657856719723e+01
2.882986078496360349e+01
1.743176336483200117e+01
2.744907111134549638e+01
2.418340312124657743e+01
2.302820519354268569e+01
2.228773976149040692e+01
3.449183162700648353e+01
1.758706621345084642e+01
2.630649522524831951e+01
3.422014670805258874e+01
2.692352264262054007e+01
3.481552115900002065e+01
2.138584656001973272e+01
2.761314994300028047e+01
2.939254409851807637e+01
2.578360753155092056e+01
2.441655182719665973e+01
2.664577279414030286e+01
2.136598997469013383e+01
2.683445548931203106e+01
1.808498793147882111e+01
2.239370722793760393e+01
2.557340206309716280e+01
2.403439709593360618e+01
2.148583622207634747e+01
2.489480889854830181e+01
2.369415144493417813e+01
2.176492884044427001e+01
2.407196098152506636e+01
2.930351443298430070e+01
2.464926815805363347e+01
2.458668572948996811e+01
2.765029196559500591e+01
2.239679661305985192e+01
2.338047150978119149e+01
2.756050826056991454e+01
1.462906621912918403e+01
2.710400188967536295e+01
2.365197407884715375e+01
2.793633825760452183e+01
2.804236902206680071e+01
2.399704418340400736e+01
2.382367582252584981e+01
2.694489527802870654e+01
1.915409179493532932e+01
2.459423634767568245e+01
2.069227111068191860e+01
2.243199937002654565e+01
2.891566759852221224e+01
2.070270790310368270e+01
3.216126692074664106e+01
2.186556145231394055e+01
1.738969820851098902e+01
1.812627382881820992e+01
2.558191527117310926e+01
2.187595959890722241e+01
2.397527050960808026e+01
2.632222742155672535e+01
2.082456360403710960e+01
2.271660808945419774e+01
2.055457463586303035e+01
2.097705872200711852e+01
2.443311843314919685e+01
9.127330124199373174e+00
2.227742480091189492e+01
2.901545837377891601e+01
2.664411635523868327e+01
2.402320717178424303e+01
2.912907265039673632e+01
2.778906898284115812e+01
2.732469033013762072e+01
2.484464822665299621e+01
2.655398158315975010e+01
2.280195908464363796e+01
7.430521558208314836e+00
2.172095768216705736e+01
2.368351150180014386e+01
2.645242594658780177e+01
2.199066753566104282e+01
1.955779606525940295e+01
1.895427919568830788e+01
2.995728430021392086e+01
2.731560612591740878e+01
2.727842991269103479e+01
1.683328660684313149e+01
2.556392229985583953e+01
2.718459408913049558e+01
2.258140381842073552e+01
2.958260241446375716e+01
2.357348643293832779e+01
2.350639574948323229e+01
2.729112180288952061e+01
2.274962381822596313e+01
2.529417135688302309e+01
2.712971624301628992e+01
2.005946261829400612e+01
2.856262688722350873e+01
2.417820571369678362e+01
2.094787591656293557e+01
1.923611626973395516e+01
2.747484332317709388e+01
2.527473227042045067e+01
1.899525540964146231e+01
2.299557888952836038e+01
2.553964140835685015e+01
2.652700182012539187e+01
2.416497425420699940e+01
1.839150120060418203e+01
2.309562549480099136e+01
2.694433503156781740e+01
2.898689757548149615e+01
3.491692045070353601e+01
2.525092014188718181e+01
2.607913199220017120e+01
1.730445064495642171e+01
1.713546289417138979e+01
2.319554185335433871e+01
2.642228217135937030e+01
2.839022975992394748e+01
2.326907315080386951e+01
2.507343959907154129e+01
2.327350469484831308e+01
2.410993024468547219e+01
2.307442706869547067e+01
2.203632488987310722e+01
1.890329285022919947e+01
2.670835369763219092e+01
2.522708138194021288e+01
2.463659487619246491e+01
2.638056820788399293e+01
2.915600881855873538e+01
1.883523099964046921e+01
2.578631225236208024e+01
3.075437775570781795e+01
2.122974302011742154e+01
3.171463516620126200e+01
2.384423552701796112e+01
2.201850629754901689e+01
2.131064660506810426e+01
3.156480222313043171e+01
2.223455776630526515e+01
2.296571290205092097e+01
1.692291588446434503e+01
1.985672245423595328e+01
2.196636987071965308e+01
2.129707997677737197e+01
2.387152729924022765e+01
2.732344803796617683e+01
2.502747917069335060e+01
2.739226743101876949e+01
2.558249476242928466e+01
2.127742362314193869e+01
2.762798540997426500e+01
2.005206822711910775e+01
2.577238782540191764e+01
2.372368886002344723e+01
1.929497249728918717e+01
2.577073157827059546e+01
2.170464517789097414e+01
2.512339114982171751e+01
2.900671430834771058e+01
2.331177457315538604e+01
2.335910660768821501e+01
2.268819687680246133e+01
2.312290862063900576e+01
2.464983989958978228e+01
1.835917976256882866e+01
2.977033153257526976e+01
2.115777375924997372e+01
2.891500423966657962e+01
2.637047604729931649e+01
1.937225643892993432e+01
2.193720711844123983e+01
2.313177942279631338e+01
2.984984729653543667e+01
2.742501668894317035e+01
2.409637404268313077e+01
2.763236901674619617e+01
2.051225336964684232e+01
2.578348904029197897e+01
2.150417382749888517e+01
2.797792588149306781e+01
2.835045687128679859e+01
2.899122620605774969e+01
2.927340757775746738e+01
2.319042759617962446e+01
2.058976068710944674e+01
2.488893321880770770e+01
2.082051058262899446e+01
2.626585170203703257e+01
1.618826156776539449e+01
