1.070533287638288158e+02
1.095690818626691794e+02
1.066260837830386237e+02
1.041965434862704427e+02
1.058375756605104954e+02
1.087917774246983385e+02
1.081269136469016559e+02
1.099170577535987832e+02
1.043758319084740123e+02
1.046996650907805844e+02
1.048345330671937887e+02
1.065505226295594525e+02
1.028139792708638112e+02
1.071802207476401918e+02
1.060613374453816959e+02
9.414051065943947094e+01
1.045867686760832100e+02
1.073511006993607992e+02
1.064707705928470034e+02
1.072824011491601368e+02
1.022153290576345341e+02
1.079874576805102606e+02
1.071128285605557693e+02
1.080405216895707809e+02
1.054736256257768048e+02
1.040416165780205660e+02
1.064454957035132878e+02
1.076511385695840630e+02
1.071216685510132294e+02
1.052211101442047863e+02
1.041265461326646857e+02
1.015837567683779810e+02
1.053878745397504275e+02
1.097501849906333007e+02
1.055278042348781469e+02
1.073176853956252472e+02
1.081001587987798587e+02
1.032914884254680601e+02
1.038243917690770530e+02
1.015628025599218205e+02
1.078340395201813067e+02
1.042550561372989932e+02
1.053363756816683292e+02
1.091892168675646673e+02
1.032486853129757094e+02
1.091884349031184342e+02
1.030430308341985892e+02
1.073080656382099107e+02
1.042330863606615026e+02
1.081097908421884455e+02
1.076525345417169035e+02
1.067634497265456162e+02
1.055962477606026511e+02
1.078900269567966461e+02
1.061474942162980142e+02
1.090040835866762166e+02
1.086849617862989987e+02
1.056405989269588446e+02
1.067501245099421112e+02
1.092201464588385278e+02
1.056078107988152368e+02
1.093604379733576337e+02
1.047432931692960949e+02
1.062687566262958683e+02
1.068809082023095272e+02
1.106095907035821995e+02
1.092156514895953023e+02
1.042612889670815406e+02
1.057921273792305072e+02
1.064768302799111694e+02
1.091636289726711482e+02
1.074963494081898432e+02
1.058131966313960248e+02
9.952539105751965565e+01
1.065591862985331630e+02
1.076692181074752881e+02
1.064210260351105433e+02
1.050299694957775074e+02
1.070078234759279781e+02
1.023248599170327111e+02
1.040335732252970473e+02
1.013850435016035760e+02
1.050551722846677194e+02
1.044977994714543712e+02
1.047393530043098480e+02
1.034767135387749022e+02
1.086940998744012035e+02
1.094466292927331637e+02
1.067640223112961309e+02
1.073656641150047903e+02
1.031731955459659389e+02
1.069678971455185206e+02
1.056634267295243887e+02
1.060091375154827347e+02
1.076562567821430321e+02
1.085031748877512143e+02
1.060675531315534101e+02
1.063924381198233533e+02
1.078094955056664332e+02
1.068893390049909584e+02
9.617573665340121636e+01
1.081584181658046617e+02
1.090675858148682948e+02
1.051244077134733317e+02
1.063288223658672393e+02
1.052308351421924897e+02
1.035072927253671224e+02
1.075888468290146704e+02
1.069434240609690505e+02
1.066746532660607727e+02
1.067870767533045893e+02
1.090273282033751627e+02
1.050722620449926694e+02
1.065105889587655525e+02
1.147205219532575740e+02
1.091423675935886450e+02
1.053129209657885639e+02
1.081970343550081992e+02
1.034392216609041526e+02
1.039673814361858888e+02
1.015914191804041593e+02
1.012730964539062768e+02
1.056959680277820297e+02
1.079938965879991031e+02
1.072728882958852239e+02
1.110172187730555180e+02
1.091304732545553122e+02
1.082340579395628453e+02
1.014115830892437060e+02
1.057815073652617457e+02
1.062329726162129901e+02
1.042627375501610629e+02
1.039842722775912591e+02
1.038166064551316765e+02
1.058671100410428920e+02
1.053455302323928038e+02
1.097890338357007067e+02
1.065561990583165937e+02
1.095210218505032458e+02
1.070679439077622703e+02
1.073490599047805034e+02
1.059529220882249234e+02
1.078271938363442786e+02
1.084722109362684250e+02
1.027461323588922539e+02
1.077833717284184445e+02
1.059425657955911504e+02
1.090506196640434098e+02
1.054194013428176646e+02
1.075950445595270679e+02
1.095067815117829326e+02
1.029620706951699276e+02
1.067400720196195181e+02
1.025492162097154960e+02
1.077047834090351301e+02
1.063593218809235736e+02
1.099333963214170780e+02
1.050849364839031495e+02
1.056353216148374230e+02
1.026753507051357985e+02
1.026823422770844019e+02
1.059790110696684309e+02
1.091261814793702030e+02
1.075225545274864345e+02
1.044994072039993682e+02
1.092679257162995015e+02
1.089385841510745081e+02
1.029023191934496708e+02
1.086923254262519976e+02
1.034294262250067789e+02
1.039541295305504036e+02
1.094965180606201329e+02
1.089119193668198022e+02
1.070705221370287319e+02
1.059408147632181567e+02
1.074145535171353885e+02
1.067973085856816766e+02
1.115629080791707821e+02
1.031242985846799769e+02
1.096317808790372084e+02
1.073143868799721758e+02
1.059210212914237133e+02
1.063422361495363901e+02
1.064117217261989907e+02
1.039896880964783890e+02
1.046192117416777592e+02
1.033630563130121374e+02
1.053199386378862528e+02
9.854903429864657483e+01
1.076052018683431726e+02
1.061148879896618098e+02
1.010131621106241511e+02
1.039013406973574689e+02
1.076177930089786940e+02
1.082676775841691921e+02
1.027215953832752149e+02
1.058297401126539370e+02
1.055792689944031366e+02
1.025282559746330406e+02
1.062218366311167301e+02
1.077541307909260553e+02
1.072838354290712033e+02
9.819957525375569674e+01
1.064637278220584165e+02
1.075225493490535058e+02
1.049703601370043486e+02
1.065986644906608518e+02
1.011356282135119073e+02
1.044185221733683591e+02
1.044430742917006967e+02
1.051717897767734087e+02
1.065356052283472224e+02
1.067080620687739270e+02
1.079750849717538870e+02
1.048298261730965919e+02
1.064032558639033539e+02
1.036432448624133968e+02
1.062852982947088236e+02
1.063574049641775048e+02
1.062250733946738137e+02
1.055136368357875369e+02
1.112152991195937091e+02
1.069299405546042436e+02
1.063700292542232546e+02
9.832251087220946317e+01
1.013521553654320968e+02
1.095424424919537074e+02
1.030058456262846818e+02
1.062269597722001180e+02
1.016868392766916855e+02
1.021064579499991112e+02
1.129224528397473222e+02
1.047818060291059084e+02
1.098916776043818686e+02
1.062238341857491832e+02
1.073416076082207553e+02
1.085339504734452163e+02
1.022866755452665330e+02
1.080864589657738435e+02
1.005467278990629723e+02
1.082719749421498250e+02
1.065821786789503562e+02
1.036505378088702827e+02
1.059868350732337205e+02
1.075204133122476833e+02
1.001695209469291115e+02
1.039372797497350831e+02
1.083844232638158331e+02
1.038162077773730800e+02
1.098373118714459338e+02
1.067993494767178930e+02
1.004389784507172578e+02
1.047130270233326144e+02
1.022022251074660346e+02
1.060230408114979923e+02
1.084553654329402832e+02
1.056507481138269213e+02
1.083758698794672171e+02
1.047504172179326787e+02
1.086466390410057556e+02
1.086647918152056889e+02
1.058294879707566167e+02
1.081840991387755651e+02
1.062864602998037640e+02
1.074894077191651860e+02
1.086807203624102840e+02
1.035225546703164383e+02
1.094079730530711032e+02
1.070496892986690796e+02
1.092422144712567444e+02
1.089231982422669063e+02
1.025776896311624284e+02
1.077230855395214775e+02
1.083393760434281035e+02
1.067847860104704552e+02
1.085918336926263379e+02
1.051266395434258811e+02
1.042671983825473774e+02
1.083755147171409163e+02
1.082124762613662057e+02
1.078510785307785511e+02
1.062869128640388965e+02
1.061143359085424720e+02
1.048419158652116323e+02
1.075852060883042043e+02
1.103547625141968069e+02
1.029632238101984285e+02
1.037366647909719859e+02
1.042057348722838839e+02
1.090047271227625600e+02
1.058813810901279879e+02
1.029329419891522406e+02
1.054434389097384894e+02
1.045791317981706214e+02
1.079451098641326041e+02
1.073262368162395575e+02
1.041861765747941035e+02
1.069290271087317024e+02
1.062907163213254051e+02
1.048649937810927923e+02
1.039703435249830079e+02
1.060767758955674367e+02
1.002480481615697414e+02
1.066530549057079185e+02
1.062550519369449518e+02
1.093209613974523080e+02
1.075461338290406133e+02
1.061654875124558259e+02
1.074627719809709987e+02
1.047258578091278594e+02
1.052120480744203803e+02
1.033376470047994360e+02
1.036204712770082779e+02
1.115492965279668454e+02
1.069433500411236508e+02
1.047992128839026833e+02
1.076379039313527528e+02
1.037837982350813775e+02
1.077966645555664797e+02
1.056055776516381854e+02
1.094492642673471892e+02
1.067723002595738819e+02
1.061550147477531851e+02
1.037125633524821922e+02
1.051829663472529006e+02
1.058696317111614889e+02
1.062283256488307046e+02
1.046483380888143557e+02
1.011656927514915481e+02
1.082140326878615326e+02
1.055419252577668772e+02
1.107266492021180397e+02
1.029506160535059109e+02
1.089846758021809023e+02
1.033141879080080798e+02
1.083038565638792790e+02
1.063924602865874789e+02
1.038502673563426413e+02
1.041510811811036348e+02
1.027317295393469010e+02
1.074587244749104968e+02
1.082785106198032281e+02
1.071753167850260127e+02
1.081693068271291764e+02
1.040864678635449678e+02
1.040335146447863224e+02
1.078781916762557103e+02
1.045992958727735669e+02
1.047839302324941144e+02
1.047073264796294580e+02
1.086328045926680375e+02
1.048951043664711591e+02
1.076095303217373242e+02
1.052058302907809519e+02
1.111568303811054221e+02
1.043742693619187349e+02
1.061408774880561054e+02
1.060691915160358576e+02
1.031485866037729124e+02
1.068401923725152898e+02
1.107655476399279451e+02
1.061204538617995894e+02
1.026799531452494136e+02
1.033715742274467573e+02
1.047207671836598308e+02
1.062715504033671152e+02
1.046347451487062301e+02
1.082954148531335647e+02
1.066095944929837032e+02
1.065692854779745886e+02
1.054407563592054942e+02
1.087837201556672824e+02
1.066710625234240553e+02
1.069702653130306800e+02
1.121987862744704785e+02
1.059041420007505536e+02
1.077263320817454115e+02
1.097591875523927882e+02
1.077157191936135661e+02
1.090697347335349718e+02
1.073253027201503613e+02
1.076846906072629224e+02
1.066151406099580754e+02
1.073515358037269749e+02
1.024666123826785764e+02
1.053390638410347577e+02
1.086274576020522176e+02
1.083879628024234592e+02
1.064262287931205435e+02
1.079158905085885181e+02
1.082736053756713090e+02
1.093206474279144942e+02
1.046901844196801648e+02
1.057182912883257586e+02
1.026811198001057335e+02
1.058117002864929077e+02
1.081883075482661241e+02
1.031971329466433929e+02
1.052469372995013686e+02
1.095795196501126725e+02
1.031878681223515741e+02
1.050107201847008156e+02
1.063062812302372180e+02
1.056944387149382720e+02
1.031244920967864829e+02
1.048744950842435344e+02
1.138615754124211890e+02
1.088159034014290683e+02
1.084194759894089799e+02
9.990103990845780402e+01
1.032461396739034427e+02
1.088509508037593321e+02
1.081327525731062451e+02
1.075961482628147223e+02
1.081061803833468389e+02
1.065960963360368368e+02
1.068457267272262499e+02
1.059301951133062687e+02
1.044627550913251781e+02
1.018302956426104373e+02
1.083260656377085098e+02
1.018797926589636518e+02
1.093031965019744831e+02
1.069749679589780555e+02
1.075525302649563599e+02
1.065587889753570465e+02
1.061849725998446985e+02
1.085321337454753490e+02
1.077836595159409541e+02
1.080237885532688864e+02
9.762840601654932016e+01
1.005975458101458884e+02
1.049327367237716118e+02
1.047239663004338723e+02
9.854710518263175345e+01
1.040015397470454559e+02
1.095817142959528780e+02
1.057322600847280540e+02
1.022347192082664691e+02
1.082450163124596969e+02
1.071991037039390022e+02
1.050148497728517469e+02
1.058535345521571998e+02
1.037072636257089187e+02
1.049727704907783448e+02
1.058999321252384789e+02
1.052692590854307184e+02
1.055232301284246574e+02
1.060820810908001022e+02
9.382894412102741910e+01
1.076592159543630913e+02
1.054361934006089001e+02
1.071673707495821617e+02
1.046450603967255830e+02
1.096457259250272500e+02
1.073449188705557162e+02
1.047222962155707222e+02
1.074640263056430740e+02
1.064478005370249463e+02
1.063585390875620647e+02
1.034230902530167242e+02
1.056969256894101363e+02
1.037817108362528700e+02
1.037993541507437669e+02
1.028811301078506943e+02
1.062396781240115047e+02
1.088893798320683715e+02
1.031858945050910989e+02
1.071329559243873462e+02
1.067537138628469648e+02
1.070113118213943864e+02
1.035187248847152972e+02
1.087533922037347196e+02
1.020048816074775573e+02
1.085078728729688606e+02
1.064065664018412889e+02
1.052453252480368349e+02
1.067600488087507244e+02
1.047540445717522744e+02
1.007463477142859318e+02
1.061068932218770584e+02
1.074910348107640914e+02
1.087590592770871467e+02
1.067289868710708447e+02
1.023221907688297136e+02
1.020908975974954842e+02
1.079728040038937280e+02
1.043367297146627664e+02
1.075830113288521375e+02
1.054130663914714603e+02
1.049306900130532796e+02
9.480110028959272483e+01
1.057962530910319003e+02
1.058474974244168294e+02
1.091405480921876432e+02
1.026158998667067124e+02
1.065604333814286804e+02
1.065373849936909352e+02
1.040985712219487596e+02
1.052415262730029326e+02
1.082116180296653170e+02
1.100919208396779396e+02
1.025607583469683561e+02
1.060393598398359671e+02
1.082743856223008123e+02
1.066022018338247648e+02
1.073361443770725856e+02
1.070505371394187506e+02
1.097845640601498047e+02
1.071776660529300358e+02
1.085224819428885752e+02
1.073137816318137254e+02
1.055622802147931765e+02
1.048281942607611512e+02
1.017430110220218182e+02
1.026052884307309654e+02
1.006288343323732732e+02
1.046332716073366527e+02
1.040580835586780921e+02
1.050130553231774400e+02
1.065971888247037214e+02
1.048922080141220619e+02
1.032308815454099005e+02
1.023725487402867458e+02
1.023741079942979013e+02
1.081196906306360006e+02
1.032928961059226651e+02
1.045816629788752579e+02
1.033098888351882891e+02
1.086253429880343901e+02
9.039955190681602915e+01
1.050621081250246078e+02
1.044101090270920480e+02
1.008248900134768036e+02
1.030549265899346096e+02
1.054794041285342985e+02
1.071526063475200914e+02
1.078891650210208724e+02
1.061836719327699541e+02
1.058287800547778374e+02
1.048391461229190753e+02
1.039508566107287635e+02
1.060523585958717661e+02
1.066944100785158867e+02
1.051002094820566555e+02
1.000244061463754690e+02
1.032966875819453350e+02
1.060622393237476189e+02
1.061866710916949899e+02
1.030181394050760133e+02
1.076178455474299369e+02
1.075845373374710761e+02
1.064981619621237598e+02
1.038035865141244045e+02
1.053381642858282703e+02
1.022610967606917143e+02
9.945974030771522223e+01
1.052735351978337661e+02
1.064127547549377653e+02
1.027348414795591083e+02
1.023802928064051656e+02
1.052286835657690744e+02
1.058744676278220282e+02
1.099769865273356402e+02
1.075954729019612017e+02
1.056752774641387163e+02
1.054577707815812886e+02
1.068256744061580719e+02
1.011578402380989132e+02
1.024790961371980842e+02
1.089787205228872011e+02
1.055966033987765798e+02
1.068325034637119302e+02
1.025357247464286559e+02
1.072759347768297999e+02
1.064671686758982219e+02
1.090450887921387277e+02
1.113235794926347779e+02
1.086703727903670398e+02
1.053088004114640057e+02
9.884696617032518873e+01
1.048661381196249636e+02
1.053352528329532873e+02
1.053508279145282529e+02
1.101032567875321320e+02
1.037718432416306911e+02
1.079252324546619803e+02
1.069835595181136370e+02
1.048125882632214427e+02
1.067499643087995054e+02
1.047216834522227202e+02
1.049142975364909063e+02
1.068503887797399869e+02
1.084107644005392359e+02
1.081082356216275855e+02
1.035529669971868572e+02
1.074630545150257319e+02
1.021795828398650485e+02
1.047595888647702651e+02
1.036201688444623983e+02
1.053957739593219856e+02
1.027630669881026790e+02
1.046686027107363657e+02
1.096660336023784339e+02
1.042693205065656485e+02
1.097515277349122726e+02
1.061327915339544319e+02
1.067993033632974402e+02
1.064162461649615636e+02
1.059128678809590269e+02
1.059854780359022186e+02
1.062809300433934823e+02
1.088752719946730991e+02
1.053927776593991013e+02
1.084122128223214077e+02
1.046782713543446022e+02
1.082860292761769756e+02
1.004573804556769119e+02
1.080193334613839227e+02
9.607892409605447881e+01
1.020851748907598306e+02
1.056301657231566509e+02
1.032588473320996911e+02
1.055589534083698169e+02
1.070333142056621512e+02
1.067979361293840270e+02
1.048086423860489020e+02
1.066007622493178957e+02
1.092159725059710951e+02
1.063036648550085062e+02
1.091907420469285341e+02
1.073428020500095954e+02
1.052946028137358496e+02
9.080696683679775560e+01
1.078127832441213627e+02
1.014677228633791657e+02
1.102645584456484755e+02
1.102658383565904501e+02
1.059023163477913556e+02
1.059708161737718797e+02
9.468856878394913679e+01
1.080929552762880803e+02
9.982579387640795687e+01
1.046541191918371396e+02
1.080240523172791143e+02
1.059695601029561232e+02
1.083175506041799565e+02
1.074404161101711423e+02
1.043869670457167018e+02
1.042491581065527839e+02
1.056082934402998603e+02
1.076932847374933431e+02
1.049716196218774655e+02
1.095828563235845365e+02
1.027458719365810680e+02
1.061390397856504677e+02
1.033174767391999325e+02
1.065025249724656788e+02
1.107415309591297614e+02
1.098130703602138567e+02
9.780415019767322349e+01
1.087372190171133894e+02
1.080190016705789020e+02
1.086471029148899134e+02
1.095411162517114576e+02
1.058747426121726534e+02
1.092745568861912773e+02
1.054587925381720765e+02
1.057503528517596152e+02
9.943461126934076333e+01
1.051270916973403615e+02
1.015696600663511759e+02
1.018765752097167621e+02
1.050132460640077454e+02
1.055338695093636119e+02
1.079620473940249212e+02
1.055656031974703950e+02
1.045289646207046417e+02
1.098108461233052822e+02
1.056490186461181224e+02
1.060380351702586808e+02
1.049184334818089326e+02
1.020851534706423820e+02
1.080236221797908058e+02
1.047590830906568442e+02
1.075329008900155969e+02
1.079978335180727527e+02
1.085963354451541392e+02
1.085005266499741055e+02
1.089284982707830949e+02
1.058003642329610301e+02
1.073127865436071460e+02
1.036511559296618827e+02
1.054466417207576256e+02
1.033071040998626842e+02
1.081293026038182603e+02
1.044514913094891426e+02
1.076407978293335077e+02
1.057363757763293819e+02
1.050961832220029351e+02
1.012717408352326629e+02
1.058675993377208187e+02
1.112208281233973821e+02
1.085005776657111767e+02
1.076963313275849288e+02
1.060244759346696242e+02
9.925542307471094716e+01
1.053880393594691185e+02
1.016160473956926040e+02
1.006281561401411579e+02
1.000311400667406616e+02
9.393023374043937679e+01
1.046351904029613280e+02
1.073923488415346270e+02
1.030803771241895817e+02
9.685365951417422536e+01
1.062751772514354371e+02
1.107663110390801791e+02
9.595570166425260084e+01
1.088346354026015490e+02
1.037426599962840754e+02
9.749703214428808451e+01
1.092247752361726043e+02
1.060073942986830815e+02
1.071785543970804611e+02
1.044280684904100127e+02
1.050365645937745995e+02
1.080730606225034336e+02
1.047248864126498660e+02
1.037933161526706840e+02
1.048321256868266289e+02
1.053629945772494665e+02
1.064494053550375270e+02
1.043482006996503486e+02
1.074980281965293187e+02
1.030191504948883647e+02
1.065582661353620182e+02
1.033481167548953863e+02
1.081323737633271236e+02
1.074655867673502172e+02
1.041586339347528707e+02
1.035205321746661014e+02
1.074558586186439442e+02
9.764328408064228881e+01
1.044650733167945873e+02
1.053636958037111526e+02
1.026519187414082239e+02
1.055067060218803761e+02
1.052781626218908428e+02
1.004927750275586646e+02
1.016154301159202333e+02
1.062185747118124510e+02
1.080042530596345642e+02
1.010672730418911840e+02
1.057820619177682318e+02
1.049974785113658982e+02
1.071510137028963072e+02
1.027492032531786350e+02
1.040245147238720449e+02
1.083505885284332493e+02
1.036741020779589917e+02
1.049023221436649891e+02
1.040650125268560942e+02
1.027655191204347318e+02
1.051785524749394654e+02
1.045915260769323254e+02
1.039471976877462964e+02
1.047068822803777692e+02
1.012170832746385827e+02
1.076704854679973238e+02
1.041692301471962594e+02
1.037320905474349644e+02
9.430892353101853587e+01
1.038101217232980673e+02
1.045298745350839340e+02
1.069361915984372189e+02
9.838807193889165603e+01
1.063389693633987179e+02
1.039409340230247096e+02
1.063041180701169424e+02
1.053009678267433600e+02
1.049262236311669625e+02
9.779233159464185121e+01
1.062812132601327164e+02
1.063675437420770606e+02
1.064086876972870499e+02
1.060255993282852245e+02
1.048167206763070709e+02
1.041203973360098161e+02
1.062098417521947766e+02
1.028507733616558113e+02
7.624972825485988892e+01
1.087074249281604494e+02
1.073607633393762626e+02
1.072600414145915551e+02
1.070592661014359379e+02
1.052388102986661380e+02
1.013176186276514699e+02
1.028009271588441322e+02
1.034657416503683862e+02
1.032120878733638705e+02
1.054109461709807789e+02
1.027673533564478703e+02
1.073898824255655313e+02
1.031431356376439936e+02
1.040737802849160261e+02
1.046742995140677408e+02
1.046426459572377041e+02
9.646027265240972781e+01
1.094682620513950582e+02
1.005998451238823463e+02
1.030199120843251990e+02
1.068728401478898178e+02
1.053068823922644981e+02
1.044948129939525074e+02
1.062303957251122313e+02
9.869686622673098952e+01
1.036541179429323591e+02
9.998051785609938236e+01
1.039371075616149653e+02
1.083356583580361274e+02
1.075180520555897772e+02
1.033295539653573059e+02
1.080122970446030735e+02
1.061448557806683795e+02
1.050348193381283153e+02
1.061273702370970256e+02
1.048242262981869999e+02
1.042329126447841503e+02
1.081668327760518764e+02
1.069625582023136161e+02
1.065387317542672605e+02
1.057888862498433156e+02
1.062965637208080381e+02
1.079722766276567825e+02
1.087689743909773625e+02
1.065680856559142882e+02
1.017321806707845013e+02
1.051656474321380159e+02
1.079232131303405851e+02
1.074952738610300145e+02
8.735648453409987724e+01
1.061868872271530506e+02
1.030452298593081224e+02
1.114480092252912726e+02
1.003726007903691624e+02
1.053567268693193171e+02
1.089620098853268644e+02
1.033506050159399763e+02
1.087054464729240664e+02
1.018202947043415207e+02
1.036543751590602938e+02
1.046206224133955516e+02
1.090782601876114057e+02
1.074441825615273558e+02
1.081645715605534264e+02
1.048221658833331560e+02
1.086960083320625046e+02
1.078383530341919538e+02
1.029824020554064674e+02
1.079783753757000397e+02
1.063179834369945951e+02
1.058139288387831272e+02
1.059263845872182799e+02
1.021219758960512536e+02
1.032698019418922399e+02
1.050129725240995811e+02
1.070210967926677910e+02
1.103204809572025766e+02
1.063616571491397025e+02
1.072314878458415990e+02
1.074026417132258047e+02
9.141768289409061765e+01
9.973952664379322641e+01
1.078141845654536439e+02
1.068267335127247435e+02
1.095632469097886457e+02
1.046569713061720677e+02
1.072883576900616305e+02
1.061708788157689725e+02
1.073164165618092056e+02
1.054528717581797110e+02
1.034753031156899823e+02
1.068858876289820898e+02
1.086727941681866838e+02
1.066196836107837527e+02
1.064282483018890701e+02
1.059053085501706164e+02
1.072263937129779094e+02
1.069076851016134668e+02
1.062391208933167235e+02
1.076292023979308539e+02
1.042532257148356081e+02
1.032765477195937933e+02
1.101843575739970191e+02
1.088049739333662700e+02
1.069626543894745510e+02
1.074763154261218858e+02
1.047432735964874979e+02
1.036067363961999064e+02
1.087819541478046119e+02
1.060478206027274268e+02
1.088671385122664077e+02
1.068401456981083726e+02
1.076977730272638638e+02
1.066415631395540800e+02
1.087425587959218802e+02
1.073719097123627506e+02
1.019881979619780736e+02
1.045953773652980203e+02
1.068612081954325248e+02
1.066514537997043846e+02
1.048489856144728378e+02
1.066798636567081218e+02
1.069497561812794260e+02
1.068437064944094317e+02
1.053636498979919338e+02
1.056101794091239299e+02
1.044314770940119388e+02
1.058334819097461263e+02
1.064782255361981242e+02
1.025614428392308071e+02
1.060362163560815389e+02
1.070105265368579808e+02
9.883810842055977730e+01
