1.005967166818062140e+02
1.087719760012276140e+02
9.868747672340263932e+01
8.966468609599444051e+01
1.043439810074234657e+02
1.050031846304937204e+02
1.025894945232760733e+02
1.037887765002770522e+02
9.370556210515253781e+01
9.085895658618170501e+01
1.074958550217512538e+02
1.051006727616230734e+02
8.754041854640205145e+01
1.076894435414207862e+02
1.010284989577333334e+02
1.064811810775272392e+02
9.601262053495908333e+01
1.071661601473357166e+02
9.134404134436069000e+01
9.956827612012007478e+01
1.094236607519206217e+02
1.030870287160340979e+02
1.039749010256325334e+02
1.048496840262171048e+02
9.257324969047832042e+01
1.071688774354217202e+02
1.037436717865031710e+02
1.017977563046833183e+02
9.836625203935847139e+01
9.812149219820410906e+01
1.056964330029542509e+02
1.082278828653607121e+02
9.466936805530457377e+01
1.065430823456604372e+02
9.132616857698361912e+01
1.054267704165814052e+02
1.038455364396407248e+02
9.330173411693247942e+01
1.027273780590642076e+02
8.865294193151187585e+01
9.845820037285760407e+01
9.793553353805687323e+01
9.651537572386617114e+01
1.031352369118579162e+02
9.537673898655089033e+01
1.029402116608984556e+02
9.772529339657562275e+01
9.534515010414034464e+01
9.668068081347068699e+01
1.024048612098721804e+02
1.063510141634758668e+02
9.862091727715299783e+01
9.762504075286518912e+01
9.646233463060237057e+01
9.593091424366440378e+01
1.037582027256482888e+02
1.021586901919417159e+02
1.001726394642939084e+02
1.025513333434900147e+02
1.103734710356010993e+02
1.096083762085083748e+02
1.048964493296953293e+02
1.054436723358429191e+02
9.650961300176773250e+01
1.095600514667298171e+02
1.052500302553957710e+02
1.055613075240199095e+02
9.823437277548420354e+01
1.044849293743199610e+02
9.024188484706625957e+01
1.049594073288022713e+02
1.046879781700543361e+02
8.940441624508916618e+01
1.081634454772551379e+02
1.062475029476264865e+02
9.439850962494645614e+01
1.071826677595478827e+02
9.987369739651495593e+01
1.097956769287493870e+02
1.099896603125591952e+02
9.604286653972384613e+01
9.446691798599455581e+01
9.785063780340800577e+01
9.694056984661209242e+01
9.496718945289322278e+01
1.060707050020640594e+02
1.016158699139867707e+02
1.000485665798410793e+02
9.965917393081437581e+01
9.238730649286173957e+01
1.083618287050118454e+02
1.001150737763530145e+02
9.641746562902797280e+01
1.008366698876614862e+02
9.981585273148417059e+01
1.046982147995546910e+02
1.069748805344301417e+02
9.618194344882095947e+01
1.030246625699565612e+02
1.057052913151427305e+02
1.075253776714097000e+02
1.021798453496413117e+02
1.033110850739492719e+02
1.070643665127479238e+02
9.873773597093961030e+01
9.269743730713038588e+01
9.469961307791903948e+01
1.015937204769071087e+02
1.088897103980691838e+02
1.101354505488134379e+02
9.409696618225922293e+01
1.006475168889549963e+02
9.453716717960864457e+01
9.833265142884775400e+01
1.126487066094273786e+02
1.032279868128627811e+02
1.046943531849048412e+02
1.021719714633711362e+02
9.749929546536874625e+01
9.360145208692000551e+01
1.059268365908901757e+02
1.106855589954247847e+02
1.073771907365543257e+02
9.506036218731227905e+01
1.000167146932960804e+02
1.047687287518013335e+02
1.096585406847182611e+02
1.040962478448473405e+02
9.183052080372969783e+01
9.508504381118052606e+01
9.747310690018329637e+01
1.082963686888248276e+02
8.939293377865182322e+01
9.849071207805739903e+01
1.006221528522001876e+02
9.906864661526138605e+01
1.012037697213180536e+02
9.857008839546531931e+01
1.086864561057291070e+02
1.089150456024063942e+02
9.327335160152382798e+01
9.798777164581721877e+01
1.006213025718238896e+02
1.012833867456519243e+02
1.076960516573876276e+02
1.022156109606573580e+02
1.065035264098262218e+02
1.037537385374486405e+02
9.946715122206484239e+01
9.888328870529323922e+01
1.086845096782071920e+02
9.502903769472048623e+01
1.069337137927352330e+02
9.206330907299215482e+01
9.827285561389369661e+01
9.702297849784625328e+01
1.102078651596676337e+02
9.961339626891582100e+01
1.105431803956617358e+02
9.029850982928803660e+01
9.167644395753674758e+01
9.495071846601253185e+01
1.113305388970432972e+02
1.056021414069068243e+02
8.813852861765647617e+01
1.016209319191421798e+02
1.053543768407675856e+02
9.828304871896204986e+01
1.043561641491062062e+02
9.613999078748929605e+01
9.192484505314959620e+01
1.074504672666587481e+02
1.034744883422428785e+02
9.465426723405543896e+01
8.932062368207138547e+01
1.029166731391132288e+02
9.806378146473562651e+01
1.112780792527955072e+02
9.696676558862388617e+01
1.071296097215833925e+02
9.710841337033231468e+01
9.636463183082035755e+01
9.970527893657867935e+01
1.045980584178820720e+02
9.659496979334495848e+01
9.945583241700482802e+01
9.469995483104223410e+01
1.012332159932678621e+02
9.064720383261439451e+01
9.707179108683210700e+01
9.022340391122504855e+01
9.095630181659841185e+01
1.038724077463907065e+02
9.669228313240495254e+01
9.757040277521947758e+01
9.446508201000594340e+01
9.590936273695415082e+01
9.741614402977093334e+01
8.683408528019134565e+01
9.976985639545938511e+01
1.084623166235885350e+02
1.021362772724016565e+02
1.041820188107037666e+02
1.032961764107055416e+02
9.825923782133116902e+01
9.835708098929457321e+01
1.030840897153724285e+02
9.556052848347539452e+01
9.473077717152658295e+01
9.395822182345395390e+01
1.064219089109357128e+02
9.613962695865717478e+01
9.510747525190421925e+01
1.009461338038366591e+02
9.938528233539439327e+01
9.590093467284356166e+01
9.054594776493357244e+01
1.007376472030353938e+02
1.037665513404721906e+02
1.058317158519551100e+02
9.608579823158362387e+01
1.123146246367468848e+02
9.875397900491729786e+01
1.017495493641083470e+02
8.599043717622274130e+01
9.330178619614659397e+01
1.074617952566773766e+02
9.241599046168076370e+01
1.017274087743886071e+02
9.419096217145978756e+01
1.063553031236067454e+02
1.111338784628324987e+02
9.851102438903484426e+01
1.074808312785415012e+02
9.793283713489982745e+01
1.092662158441482205e+02
1.079134056406794713e+02
9.217236536203121489e+01
1.082117493524856826e+02
1.097509042327225615e+02
1.074743002902547602e+02
9.997808204227351325e+01
9.144467202228645419e+01
1.070551737997800501e+02
1.030532413564666427e+02
1.078225521398688613e+02
1.050556362204843026e+02
1.049395780412375672e+02
1.044491990291097068e+02
1.094731651262523400e+02
9.964683006474650995e+01
1.060151486348266587e+02
9.274939377147062203e+01
9.939886129524769842e+01
1.020543631452097344e+02
1.003809016791686162e+02
9.494204462750373352e+01
1.085317866598123828e+02
9.016146061560584712e+01
9.860334393348094295e+01
1.042063535269257102e+02
9.514140048574502373e+01
1.033739696493198466e+02
1.003845979928111944e+02
9.599140236030693529e+01
9.862759441276206474e+01
9.128950959255826092e+01
1.059805663984165705e+02
9.669610158865279459e+01
1.180394159586283678e+02
1.090368771526006100e+02
9.264353983851745511e+01
1.012776447753853688e+02
1.061115349832624588e+02
9.943384214037983782e+01
1.031497055987993861e+02
9.852984278581806166e+01
1.025575772405374124e+02
1.049572767454548483e+02
9.551345915368574424e+01
1.040742306897465284e+02
1.044033621296201630e+02
9.309448666767914915e+01
9.762237546367846619e+01
9.922638604865751688e+01
1.079942937240992649e+02
9.266507115755061363e+01
9.539949360453631755e+01
9.474199416707701005e+01
1.065352519869458661e+02
9.674031441521258046e+01
9.545027140710148217e+01
9.957256467012402368e+01
1.003482093254629746e+02
1.031485366405549797e+02
9.620675736485999607e+01
1.011213375455153596e+02
9.141358853986722011e+01
1.057197985428504978e+02
9.623980545842930212e+01
9.768837699928347718e+01
9.682313359807086783e+01
1.060668538212239724e+02
1.056769079128281277e+02
1.068360157970554098e+02
1.107970639224952123e+02
1.027627922832185021e+02
9.877455862950344567e+01
1.033145565949346860e+02
1.056374786220478228e+02
9.956703238695612868e+01
1.015674411517785245e+02
1.023684431149630143e+02
1.113506842939489871e+02
9.988632803527650594e+01
9.431787078218026465e+01
1.036751230166743767e+02
9.684332493818041598e+01
9.859775074029883513e+01
9.827367553142609324e+01
1.043485641826247132e+02
1.051312333441267128e+02
9.722820603404895223e+01
9.612085529031342901e+01
9.174804863905069396e+01
9.073924320087199646e+01
9.687924243885167641e+01
1.036871207557579169e+02
8.937111524494811476e+01
1.046012077424773992e+02
1.033653315283683725e+02
1.064020662075883763e+02
9.452929065785671980e+01
1.085716316086379862e+02
9.288477164215416337e+01
9.851866131259126291e+01
1.003911880801315135e+02
9.768960739612722932e+01
9.164130437781851413e+01
1.013594223138290289e+02
1.070625168669222660e+02
1.050942647535689645e+02
1.024125506090696405e+02
9.944992453016803324e+01
9.992639682266023726e+01
9.441367291613141788e+01
1.009284392074741561e+02
9.869806097379171206e+01
9.065066952122511168e+01
9.770462918763209359e+01
1.052081893630737852e+02
1.001107733431446860e+02
9.603052333193589618e+01
1.058869617898987769e+02
1.109157107940631306e+02
1.003527398637884005e+02
1.095591051735238040e+02
1.044777351192238086e+02
9.611566844225788486e+01
9.789300537013551207e+01
1.107589122482983157e+02
9.725412194223531515e+01
1.006143029933795958e+02
9.720054294261792904e+01
1.061269345752137099e+02
9.675497520059802525e+01
9.952889745873454785e+01
1.070629760644765867e+02
9.039317142802013905e+01
9.944630010806807263e+01
1.062132597660074111e+02
1.014404282737465621e+02
1.062816795396386311e+02
1.012761470668404655e+02
1.088546027436335351e+02
9.447890596789638096e+01
9.441882513374974906e+01
1.054464056886921099e+02
1.027290459558992097e+02
9.876952894702472463e+01
9.749252611361440302e+01
1.012785005022232667e+02
1.071673979894115121e+02
1.034837916310113286e+02
9.384289826895788167e+01
1.017579876095852285e+02
1.005139176221248647e+02
9.953674411695890001e+01
9.954781003358071700e+01
1.075928801247919608e+02
1.088789929835417780e+02
1.042146919801278386e+02
9.646231406256490004e+01
9.740977153395435550e+01
9.188842761523127933e+01
1.054606358778394508e+02
1.107175672384637863e+02
9.673043585611362971e+01
9.430722688914465834e+01
1.028913364135327271e+02
9.249925958161557560e+01
9.054337542748550050e+01
1.051634474353368773e+02
9.615045070437172114e+01
8.767509218898996437e+01
9.169362045012780982e+01
1.098798170686528124e+02
1.101302118949656972e+02
1.020088774770072035e+02
8.380717286136265898e+01
9.675985892010916700e+01
1.006728200562769899e+02
1.015147135519590336e+02
9.569603358518959624e+01
1.001998312531879378e+02
1.058617259555532826e+02
1.039810088649965820e+02
1.009303105671306326e+02
1.066932624777634970e+02
9.538136609221878359e+01
1.024348095025655283e+02
1.057584712686318369e+02
1.082062326612019660e+02
1.087851685685436109e+02
1.002322531060265050e+02
1.060995499641835806e+02
9.341065458627161888e+01
1.022165923526089415e+02
9.433056033790671790e+01
1.028460725815740346e+02
1.091518502618842916e+02
1.045709974619716718e+02
9.974505475247957520e+01
1.067761664133657149e+02
8.531207471427703126e+01
1.048843441669738752e+02
1.104606471408819033e+02
1.040214639074928300e+02
8.515592823407151002e+01
1.064806947954560172e+02
1.036358680562330932e+02
1.009271224291637736e+02
1.034881683089295876e+02
9.506464325701675477e+01
9.878767607000955309e+01
1.034563345941382835e+02
9.877813671325276346e+01
1.023617060189396568e+02
9.983507003211113329e+01
1.059566473440222580e+02
1.015224166873401686e+02
1.014992496994974971e+02
1.036554273307570782e+02
8.868922839505766831e+01
1.079936034462996588e+02
1.028937232348621222e+02
9.750329539034947857e+01
9.940813571823002803e+01
1.062576799793477136e+02
9.432183070407054970e+01
9.719912732996778004e+01
9.513292213485757998e+01
9.911231190612231501e+01
1.023329246639132464e+02
1.027489991365539908e+02
1.061421447225583421e+02
1.033243014213263677e+02
9.852538211613742192e+01
1.012265274085164890e+02
1.045222219799843941e+02
1.032557761692123961e+02
9.765947439152486709e+01
1.042317711427347291e+02
1.059946857997999530e+02
1.055460275282072047e+02
9.616634844627567702e+01
9.946964577423094056e+01
1.064885923382144881e+02
8.826209953998831281e+01
8.905131641871416548e+01
9.840918797871830748e+01
1.061604095182665333e+02
1.069845802239870238e+02
1.021717423711112502e+02
8.817565463279018445e+01
8.699019674585871087e+01
1.032835190148323932e+02
9.164135145382209657e+01
1.038602478409891887e+02
1.084047252642209997e+02
1.032862870068904897e+02
1.023908898202237197e+02
9.463568320013496304e+01
9.892468412032555136e+01
1.059939888251407183e+02
8.861859195095912867e+01
1.069503960905700808e+02
1.049097418480678812e+02
1.063702484636884833e+02
1.002205661855193171e+02
1.101374680270331083e+02
1.091826490361665662e+02
9.478512720051485019e+01
9.852587549264269740e+01
1.046925871041518121e+02
1.013902603218344751e+02
1.021623790258108926e+02
1.007787802659585452e+02
1.047453214215545643e+02
1.043027767385228941e+02
1.044091077243069350e+02
1.095241206269158027e+02
9.882855910059809901e+01
9.951245626453125226e+01
9.453809424097126168e+01
1.061833288395973511e+02
9.236315854154254623e+01
9.380317032269381627e+01
1.046623662847800915e+02
9.824117077636545048e+01
9.027889699532020984e+01
8.905726194803459350e+01
9.102788500340714961e+01
9.478721446461446476e+01
8.877840540979620698e+01
1.017120961434680879e+02
1.093711711877804476e+02
1.121044516516874552e+02
9.788445818337790172e+01
1.054105491822752896e+02
1.047923919037886122e+02
9.617480516380960864e+01
8.869331668471411945e+01
9.437837537179792946e+01
1.055229325827681635e+02
9.938682998548281944e+01
9.856090392648476950e+01
1.066420076217713557e+02
9.494800681490065131e+01
1.096072861571537373e+02
9.985378820425641777e+01
8.695040919066835272e+01
9.167780705365446181e+01
9.491210157428309913e+01
1.009088159252290779e+02
1.101649284982981669e+02
9.642085290793413321e+01
1.024587053216711467e+02
9.517431619499745921e+01
9.844993793781083014e+01
1.006771839787312359e+02
9.526259439758020164e+01
1.044865738489661453e+02
9.063016706201682382e+01
9.271317574220134361e+01
1.041718404716921498e+02
1.031483373666646628e+02
9.151277762114649761e+01
9.263855587478482789e+01
1.062161776568099469e+02
1.046912737121038646e+02
9.152488817492297812e+01
1.016782310497079465e+02
1.097595530140041120e+02
9.997093061737083985e+01
1.011530681638368776e+02
9.369736966179280557e+01
1.063502256575107907e+02
9.261340482075615910e+01
9.255824982059044714e+01
1.055097183482845367e+02
9.874528463108383391e+01
9.717602129398149202e+01
9.195381124112437021e+01
1.077071718599202796e+02
9.820316287569968949e+01
1.081714280078334554e+02
1.097371807307502678e+02
1.037566089469312374e+02
1.016790243178629822e+02
1.087817383606841162e+02
9.634331256518102293e+01
8.993209598777424674e+01
1.082020445234707751e+02
1.088938865574246790e+02
9.366299788743415888e+01
9.688837147040246123e+01
9.884560762363524589e+01
1.000618778716857378e+02
9.388461927619680125e+01
9.879750537525380594e+01
9.802811651004411431e+01
9.618018363110988389e+01
1.086135916439983049e+02
1.101219033339772579e+02
9.526033689180771091e+01
1.085127009531327076e+02
9.391076212260637135e+01
8.909752319310412361e+01
1.054930446246037690e+02
1.049620023370534199e+02
8.896811717580241918e+01
1.009746591358026677e+02
1.073145216298450322e+02
9.746678634051835388e+01
1.063062426110338237e+02
1.004893577525166535e+02
1.012009468072711798e+02
1.008586655110642312e+02
1.005978808204333035e+02
9.987014614440838045e+01
1.018347383593604434e+02
1.051319404882450073e+02
1.110917576317435902e+02
1.016316738128587644e+02
9.742597114875896125e+01
1.046091878027221611e+02
1.044382421451978757e+02
1.035725939024870570e+02
1.075459094274513774e+02
9.083372231858922419e+01
9.826450860508383300e+01
1.003528080575376009e+02
1.004935750202356388e+02
1.010741078664313761e+02
1.021897271721839786e+02
9.735382594180406102e+01
9.730174180607025392e+01
1.074991760300015073e+02
1.045591648337047985e+02
1.059581821670573021e+02
1.040244332636588354e+02
8.796188499041200259e+01
9.574023355362248822e+01
9.502761732750009571e+01
9.263453571262931519e+01
1.098303261017850616e+02
1.084927089598694181e+02
1.064188478397081923e+02
9.362967494407175195e+01
1.061288607365692371e+02
1.059269483092308377e+02
9.654646032766075336e+01
1.024073660681501963e+02
1.039703840505678585e+02
9.198218083984613713e+01
9.974279909425287372e+01
1.134987037155252949e+02
1.084471460014972166e+02
9.430146955685093246e+01
1.104144618201686825e+02
1.082782832666425321e+02
9.705381331048329230e+01
1.070646064071157468e+02
8.881403157141807014e+01
1.110576916682605741e+02
9.662132363926113499e+01
9.831708237658602911e+01
1.100889796041878412e+02
1.041226804783799338e+02
1.025241801450909236e+02
1.018762641926505097e+02
1.080270930983767670e+02
9.721518428996093064e+01
1.061534862438059719e+02
9.796028811878973386e+01
1.083082688788611705e+02
1.000985975855111434e+02
9.416562483021945695e+01
1.077752929550014045e+02
9.220145688600207734e+01
1.000878644199839442e+02
9.828702484813854312e+01
1.067439439176726239e+02
1.016626457198731543e+02
1.045753180663613620e+02
9.832298101386417954e+01
8.808612564182875815e+01
1.099637881694334567e+02
9.903176232284964442e+01
1.025459113894748526e+02
9.443948365605608330e+01
1.053323164395701070e+02
1.099879497380086946e+02
9.781621956194426559e+01
1.102305278730834743e+02
1.025386397047276574e+02
1.034253552553310698e+02
1.045435241678662095e+02
1.027175945312049947e+02
9.826764713994937495e+01
1.105275359346751856e+02
9.344619890547642171e+01
1.052953796074537962e+02
9.639237691014513132e+01
1.051630149920313499e+02
1.037181222357801431e+02
1.016555358317881570e+02
9.455428689415126087e+01
9.716550528451595881e+01
1.066925787732984219e+02
1.013097737889514462e+02
1.095478503051424326e+02
1.063850894294234308e+02
1.034800748011820701e+02
1.090614232926672571e+02
1.059664722726796668e+02
9.434414170805376898e+01
9.247522099284974217e+01
9.611841552575590697e+01
9.286211670523393025e+01
1.035176667790628642e+02
9.747661826651457773e+01
9.712395288375051905e+01
9.662354663711259661e+01
1.023760415744943657e+02
1.038051611717187939e+02
1.108527536234839914e+02
1.030493515819588310e+02
1.041964121946800645e+02
9.452394854737491414e+01
1.062847977028940818e+02
1.072161266547862937e+02
1.018044438344417273e+02
1.076328376753263001e+02
1.006432264027836680e+02
9.426220472943563777e+01
1.037208062059173699e+02
1.000099384808632124e+02
9.609301783605413050e+01
1.039303217251332541e+02
1.054788651930736307e+02
9.684792885218713820e+01
1.080762160703687442e+02
1.053526424444732754e+02
9.185690001536696059e+01
1.033370305461959333e+02
9.776684444197620394e+01
1.050631332073894555e+02
1.029162246656961486e+02
1.085113316633359375e+02
9.609365288885084055e+01
1.097920752612277653e+02
9.010895587017934361e+01
9.819602495954983112e+01
9.508320633712823167e+01
9.480434797175026063e+01
1.004911409466788115e+02
1.036505996722205367e+02
1.051175887257692239e+02
8.792264390390256779e+01
9.955210494230014717e+01
9.999291877660027694e+01
1.050882811191702189e+02
1.035481857571623152e+02
9.959377461149639998e+01
1.064318179809513083e+02
9.217695269945657799e+01
1.014807936073777199e+02
1.090047949844702515e+02
9.112582554934274981e+01
9.088804117005781791e+01
9.573854993465411667e+01
1.057812627580690048e+02
9.210936926459834240e+01
9.239456413315051009e+01
9.558984003118490591e+01
9.240638725730059377e+01
8.814641404597207952e+01
1.080714316646275961e+02
9.015444723869373433e+01
9.241339862571977903e+01
1.044057854209641079e+02
9.690792111540385179e+01
9.600353323528082683e+01
1.009230801004453326e+02
1.042864711171079222e+02
1.015285447831823973e+02
1.036063157980508151e+02
9.871788773743590184e+01
9.846440422698424300e+01
9.284764322991703978e+01
1.057150315592328695e+02
1.035743734425801676e+02
1.057739303121701795e+02
9.266919544025925859e+01
9.158097596310510369e+01
1.019244058235610879e+02
9.892472286722829722e+01
9.848343850216670603e+01
9.079743645460095536e+01
9.453836156059018947e+01
1.072814792928778900e+02
1.019936656833264266e+02
1.029357014320405597e+02
1.020554502510657215e+02
9.375343692436231890e+01
9.602274562935880908e+01
1.050227651378222333e+02
8.988305939007030076e+01
9.719687110840148137e+01
1.064679592298393089e+02
9.245083842616324432e+01
1.074277186078159190e+02
9.351204290323191515e+01
1.100811512093625595e+02
9.250262889438586456e+01
9.366899212128413410e+01
1.025645158055788642e+02
1.043853750218077465e+02
1.057758425505954278e+02
8.878294035834227316e+01
9.316593204765948144e+01
9.762181346429170503e+01
1.097094247019854834e+02
9.776211978954569304e+01
1.032807571014227506e+02
1.093137522737363980e+02
1.065912652182685179e+02
9.976977576924176105e+01
1.065589191224789261e+02
1.037894398914669694e+02
9.444853169949773530e+01
1.141796620701438627e+02
9.557888289617680755e+01
9.896057285595558994e+01
9.863886328277163784e+01
1.000327969262875172e+02
1.032171979643429012e+02
1.088329930693814305e+02
1.073916599378012080e+02
9.911798069045113380e+01
9.466801319604027753e+01
1.032205564507407871e+02
1.004667512680938444e+02
1.109470000754449899e+02
1.024282954957770926e+02
9.066550248617207330e+01
9.354442792666806383e+01
1.035781649497583317e+02
9.537714379423199773e+01
1.022788360905070277e+02
1.011198697594186342e+02
1.057603924130484927e+02
1.106509038790343595e+02
9.289029499216459840e+01
9.758428969248758733e+01
1.022974637062034020e+02
9.494251652470420311e+01
1.043688345098152155e+02
9.353120776128233160e+01
8.711226333182851533e+01
9.253505428405431132e+01
1.032498752898854661e+02
1.039069946979073080e+02
1.031445754119763620e+02
1.056982130592662656e+02
1.054134824271067430e+02
1.032521209557934583e+02
9.701800922202681932e+01
1.019278514913522429e+02
9.343790421557791603e+01
9.888852841642149372e+01
9.799672560051794790e+01
9.382626740360828421e+01
9.797963363474661946e+01
1.088847476823119678e+02
1.009359001120795938e+02
1.019061740556202267e+02
9.910647187976077532e+01
1.060681882546772243e+02
9.223590709295871193e+01
1.069578972551414751e+02
1.039172567039093309e+02
1.053652832196114986e+02
9.781618542165973906e+01
1.069582014801782606e+02
9.182620302857857553e+01
9.859603441054998996e+01
9.704005286197970293e+01
1.041344452190025436e+02
9.998041754804536652e+01
1.073866970852331804e+02
9.509379229747136719e+01
1.056004480137245309e+02
9.368321639699975378e+01
9.562090622867295053e+01
1.014766338343786742e+02
1.010105130969002687e+02
9.870360460913035183e+01
9.981374402722455841e+01
1.042904663105579175e+02
1.077172000090567252e+02
1.059504035731898881e+02
1.067416916494027248e+02
1.093386656943112882e+02
9.394554143853456196e+01
9.677192465645788388e+01
9.926473911828172447e+01
1.007316656401976047e+02
9.967175879145469253e+01
1.010003088537750102e+02
1.084701752508148047e+02
9.975461378758555497e+01
9.786250363742158243e+01
9.760261705995547743e+01
1.066266801817835699e+02
1.019790611326238405e+02
9.563601990412958287e+01
9.547626226740737820e+01
1.021734093706501625e+02
9.864544660581422875e+01
9.433439530335654410e+01
9.884862534647130872e+01
1.009477738807297698e+02
1.016921692023558421e+02
1.007514328591891370e+02
9.599547684874900710e+01
9.862767661953404286e+01
1.082479638863932081e+02
1.002403865232713542e+02
1.097731975551062362e+02
9.634217911081971408e+01
1.012066436954180233e+02
9.157694281348408083e+01
