9.260718724675233204e+01
9.709389455153747406e+01
9.057209103241159198e+01
8.503978723156140518e+01
9.281914050991099430e+01
9.434302526766067842e+01
9.116987406241797487e+01
9.379874533242268342e+01
8.786305252829900780e+01
8.566821698873791036e+01
9.298393351242582128e+01
9.307184335071690384e+01
8.365705127931377660e+01
9.057964827022989596e+01
9.140233134310750529e+01
1.058747175086979979e+02
8.573040925773314314e+01
9.522082673113803253e+01
8.457897666126194736e+01
8.949503558920029889e+01
9.364998945312471790e+01
9.371395659390384481e+01
9.377102637183357103e+01
9.800567819925174717e+01
9.054655035974646182e+01
9.250843036353903415e+01
9.634625477551615802e+01
9.176044925500994509e+01
9.031279960091393377e+01
9.101015439581270527e+01
9.352059679976974849e+01
1.041269906160324581e+02
8.770903269130356250e+01
9.708670422162684588e+01
8.597265379473452640e+01
9.477209030333035855e+01
9.442816566944372880e+01
8.814109872444736027e+01
9.527846963507661826e+01
7.813076007536965051e+01
9.103537373595719373e+01
8.928554729213773555e+01
8.824552485495225085e+01
1.004267089332636687e+02
8.616492445344435680e+01
9.209260985444802827e+01
8.814639827671355476e+01
8.938685835181253481e+01
8.816536585133437143e+01
9.307209663097411578e+01
8.974206584047908564e+01
9.025406218209330689e+01
8.975498784173188938e+01
9.008671282147309967e+01
8.835143689834924885e+01
9.428076617032101581e+01
9.292680862749836024e+01
9.141596664098312885e+01
9.288002609323473280e+01
9.749562908546759843e+01
9.089889440620908090e+01
9.460306084124442805e+01
8.847175467477487132e+01
8.927898522017777339e+01
1.045556325760826155e+02
9.758486814634635209e+01
9.524065572854362927e+01
8.823346078647399793e+01
9.228954202979907961e+01
8.667446583944901306e+01
9.464442920274395021e+01
9.289295546908249435e+01
8.619418365099463131e+01
9.888706370866266582e+01
9.549947156333507792e+01
8.934164237814529486e+01
9.346895346837122531e+01
9.099866381663122183e+01
1.000162846510416728e+02
9.959850703010691575e+01
8.798250124134150951e+01
8.593349831211160961e+01
8.916953849190711878e+01
8.832795435388703709e+01
8.757090128283581976e+01
9.273479438602107905e+01
9.199241182633979008e+01
9.208100128817622476e+01
9.101679858765324127e+01
8.979143805596956440e+01
9.971675206649743473e+01
9.043291544123511017e+01
8.879850046324580148e+01
9.081462547016127473e+01
9.139459146772196618e+01
9.670295672989126956e+01
9.472481950405764906e+01
8.927657814095742594e+01
9.322761867306020633e+01
9.422468764113835960e+01
9.693297145055262831e+01
9.255543483919365144e+01
9.275518492557178263e+01
9.387801172648003956e+01
8.986418956417132620e+01
8.876513463633992274e+01
8.749107186131888625e+01
9.242007019177879101e+01
1.002327769458687357e+02
1.025977466690181501e+02
8.993297985625011393e+01
9.227363478328206270e+01
8.772047474164881464e+01
8.943479484266335078e+01
1.025052427854737260e+02
9.225306432355236552e+01
9.212414902989918630e+01
9.338743793900006551e+01
8.980717601070273304e+01
8.811000871655642186e+01
9.154981507242459315e+01
9.377193048360324212e+01
9.395974084107217550e+01
8.792840672522584100e+01
9.027094743741561444e+01
9.914278052334297797e+01
9.862011584745060588e+01
9.519762971321276268e+01
8.456232886143786232e+01
8.448491389071693902e+01
8.871595723428526981e+01
9.033666235160227131e+01
8.475179303290605048e+01
9.018336177018299793e+01
9.178538202364654808e+01
8.972913487232771956e+01
9.227305873830576388e+01
8.852919446255150149e+01
9.364491499426461019e+01
9.930642911316705579e+01
8.586750972376773916e+01
8.979060061797700598e+01
9.261079278398136694e+01
9.193883921018671401e+01
9.287713783332938533e+01
9.314971012917861515e+01
9.375937782599515913e+01
9.300387206448293398e+01
9.052245754717063164e+01
9.303651230779811954e+01
9.606447052186948099e+01
8.672092345230268506e+01
9.514504988534604024e+01
8.520929845222735821e+01
9.034399734149397432e+01
9.037179459880763943e+01
1.013003321008892499e+02
8.882507933515741172e+01
1.032715487400523813e+02
8.456412174205968313e+01
8.219498188050762622e+01
9.014449943784345010e+01
1.042083307129464771e+02
9.590477134744719478e+01
8.396289702122396648e+01
9.290422385806428451e+01
9.594599266744145893e+01
8.838311242202136953e+01
9.450895064772338117e+01
8.834558935151814296e+01
8.348356340751789162e+01
9.787070943264797052e+01
9.530392242138154302e+01
8.500178458560633032e+01
8.723103298251778881e+01
9.443617705923459482e+01
9.063074805915611876e+01
1.035725709783642259e+02
8.721121977802717140e+01
1.012271230712582195e+02
8.954243207685719597e+01
8.898442656123670247e+01
9.057990342036451636e+01
9.285299146071960763e+01
8.758077469099127654e+01
8.865651957974313291e+01
8.692999492400120687e+01
9.154222316959045713e+01
8.328696922758648213e+01
9.000437841767762848e+01
8.479500645482548293e+01
8.151984361666228551e+01
8.692340988935632140e+01
8.891397337749464214e+01
9.108625671319967410e+01
8.767230408637746564e+01
8.903642222156810249e+01
9.165553304359893616e+01
8.319465324915711335e+01
9.102282254662092953e+01
9.879406301871706830e+01
9.228737536456623047e+01
8.900224239574467333e+01
9.292085849183692403e+01
9.366870673933568980e+01
8.926812757802481713e+01
9.341644964391367978e+01
8.540189739558645954e+01
8.801826201158590379e+01
8.708585201202481585e+01
9.350355043599863336e+01
8.895524405614949615e+01
9.001002479810239265e+01
9.226175953418758979e+01
9.606929987340834032e+01
8.825834049583554020e+01
8.582747521911254296e+01
9.130726803904629207e+01
9.542523239106341748e+01
9.406430781956123610e+01
8.954357457223242989e+01
1.012839566783876961e+02
9.204007010310753856e+01
9.094289686700048492e+01
7.953518917149204981e+01
8.499947942406645041e+01
9.670442225034086903e+01
8.417519311037752061e+01
9.194826424171034773e+01
8.591275798410984521e+01
9.215027406221867068e+01
1.050820576264144393e+02
8.920186041114460807e+01
9.668575133964924362e+01
8.848384942184544855e+01
1.046708994538906410e+02
9.944354758822139218e+01
8.565936659936821229e+01
9.492309144530931064e+01
9.863949596655048424e+01
9.518169809879512400e+01
9.545878235809337298e+01
8.508477473512317601e+01
9.307737252592789901e+01
9.394673316385915030e+01
9.566670231923352219e+01
9.170868738221996352e+01
9.143485305947784525e+01
9.137640333977124385e+01
9.921555146111799672e+01
9.114282510257122283e+01
9.052206562926666322e+01
8.753839688757285842e+01
9.083174833940296367e+01
9.170625533748774671e+01
9.156238477268104248e+01
8.878052239555015035e+01
9.595288165628235788e+01
8.630968483197283092e+01
9.318462483754323955e+01
1.027733502135311170e+02
8.769413990624035193e+01
9.343030105023481724e+01
9.117643864326613823e+01
8.964735902344980900e+01
9.888799868159406969e+01
8.654028895257388854e+01
9.906176283919808156e+01
8.983917131629844732e+01
1.016651381587628151e+02
1.024298565415623585e+02
8.558807121045423116e+01
9.180723535573736172e+01
9.519360733525802232e+01
9.117664431759638433e+01
9.156008013587246808e+01
9.075279603562469788e+01
9.164159446579179757e+01
9.449958747054280650e+01
9.146937527027603210e+01
9.327634835921891465e+01
9.235422052133201021e+01
8.814460450723798601e+01
8.829761532071245256e+01
9.369005670105711658e+01
9.852066476123430050e+01
8.592785655853987237e+01
8.523071733124554328e+01
8.734983720299493370e+01
9.457221564855893803e+01
8.928557286815161831e+01
8.817809156782151092e+01
9.018151346156031423e+01
9.477562181601072666e+01
9.258698226219237881e+01
8.988991331593348377e+01
9.070225217925010952e+01
8.781201236772172081e+01
9.225413356982942048e+01
8.828481350337663969e+01
8.849860924733901868e+01
8.919187126043189551e+01
8.915692001384775267e+01
9.296607357019459528e+01
9.369642942689611687e+01
1.015004925953351176e+02
9.354856449542658936e+01
9.128730456082925571e+01
9.437503775911326898e+01
9.273098487497949804e+01
9.090728407779006659e+01
8.918688071105810877e+01
8.921379120491280901e+01
1.032439099106118334e+02
8.725944741589330533e+01
8.822476462573811773e+01
9.332904035646994600e+01
9.050739355089784510e+01
9.135121353937633160e+01
8.972463169205735767e+01
9.419262537091942988e+01
9.429687126376221329e+01
8.912813201831608012e+01
8.826636774416672893e+01
8.638885770296559485e+01
8.648326545536475862e+01
8.735938944154554520e+01
9.042618212210547313e+01
8.321526976783509610e+01
9.329600051089231272e+01
9.163580930193658958e+01
9.635623353411226333e+01
8.735854427560423119e+01
9.566980449896310290e+01
8.576697379561088042e+01
9.127336095975856267e+01
9.145192335143198648e+01
8.839650098925376653e+01
8.880329478943166066e+01
8.920225473826783968e+01
9.529226930549305052e+01
9.421230074901296803e+01
9.348186995238528141e+01
9.266448835501469716e+01
8.998472774801331298e+01
8.781741778216775174e+01
9.125594452913193777e+01
8.984693867700471515e+01
8.577864519234644547e+01
8.943892406542809681e+01
9.925411891031473033e+01
9.017051472020621361e+01
8.870041981405621812e+01
9.152879814668135339e+01
1.000564871241282390e+02
9.267497812262926971e+01
9.619810153923519636e+01
9.247526934626090167e+01
8.812450881803235347e+01
9.062993017243783811e+01
1.018153171210881993e+02
8.904985500852910718e+01
8.975398609683280426e+01
8.772897389727850737e+01
9.160164993672337630e+01
8.956841692011920486e+01
9.012185636794033883e+01
9.514666846604367834e+01
8.786550197449072641e+01
8.966263729506152913e+01
9.253245566567905200e+01
9.190468711769692334e+01
9.329250841067903366e+01
9.177517105457317825e+01
1.057888694522809772e+02
8.902666309502127717e+01
9.010969809939687991e+01
9.440164125423179087e+01
9.277273411493990807e+01
9.183621873941072522e+01
8.959087528033082037e+01
9.215738088887731294e+01
9.595915481083952159e+01
9.243442600471924209e+01
8.552565365031857425e+01
9.333471454771020603e+01
9.322275053299252079e+01
9.135976647012101637e+01
9.014331477069177367e+01
9.976060318072052269e+01
1.009753030717748459e+02
9.386545396701480115e+01
8.864037250814372726e+01
8.768643331342619263e+01
8.586935385232484919e+01
9.146563266039025564e+01
1.048060467133570626e+02
8.818830983646989807e+01
8.781479299041626518e+01
9.293629454498780262e+01
8.631127662333038586e+01
8.496953487313977860e+01
1.019758811354166284e+02
8.822053450500087024e+01
8.427758641181999621e+01
8.592271026550191948e+01
1.039105600365514448e+02
9.685558003974040275e+01
9.842724226430209455e+01
8.040588893677212923e+01
8.727015745843669947e+01
9.855581502808500716e+01
9.262715287933242791e+01
9.096646239379845156e+01
9.254273848489995657e+01
9.306070008903446933e+01
9.655299616981260158e+01
9.087653503547383593e+01
9.305264850917107822e+01
8.671551395971032150e+01
9.276780737623093387e+01
9.028397057942002846e+01
1.024015191212953653e+02
9.629655264653149516e+01
9.266153930123597604e+01
9.338662948339792536e+01
8.702379082988436210e+01
9.251721540890117979e+01
8.950829344567316070e+01
9.297242718616692514e+01
9.426734844031054195e+01
8.699324783415767115e+01
9.156146156521413104e+01
9.525850278754295175e+01
8.137208859587457255e+01
9.103827542198015976e+01
1.083758564661122392e+02
9.261154543017909191e+01
8.072102658884718096e+01
9.660319356243721245e+01
9.238393151048052232e+01
9.069470520881917253e+01
9.077421165284592064e+01
8.780072864616485617e+01
9.050424552728908623e+01
9.181930746506937169e+01
8.903625751477871120e+01
9.155859692412467155e+01
8.944157962533090256e+01
8.865798082557579107e+01
9.243848942446582839e+01
9.434119631725438637e+01
9.870559158357922058e+01
8.542774952266296395e+01
9.680533651834559805e+01
9.206670033615796456e+01
8.962965483293018565e+01
9.149975062025548311e+01
9.346528004643225529e+01
8.783403895045593401e+01
8.932895739889046638e+01
8.658163741271201275e+01
9.124661976919256290e+01
9.527299687566787156e+01
8.991532541396426836e+01
9.303145538933790704e+01
9.365454245692897928e+01
8.892876129103774474e+01
9.194212408593170949e+01
9.262946641423700100e+01
9.297648567902838579e+01
8.852846100725511747e+01
9.474651767578301076e+01
9.026182322466846131e+01
9.851674592678267572e+01
8.956733495725764271e+01
9.078045961261689456e+01
9.442168045009073296e+01
8.485403886923838002e+01
8.354069641931722856e+01
8.970813701130805384e+01
9.449519678376259435e+01
1.001764680253933619e+02
9.183180156358183410e+01
8.244047813228826271e+01
8.149199407340789492e+01
1.007412813130778488e+02
8.422999889012908170e+01
9.491753257438055869e+01
1.003652734417434402e+02
9.291376166685436999e+01
8.603986602412699369e+01
8.909863123801699203e+01
9.051237081301094634e+01
9.848565771330808616e+01
8.346884683072001110e+01
9.408607767200587091e+01
9.316104027902213147e+01
9.243904641334421513e+01
9.828346716299844843e+01
1.020330634781427079e+02
9.758884379943974352e+01
8.505981470803484967e+01
8.901816725659959673e+01
9.069900094185045702e+01
9.203777779840697804e+01
9.241848087018699687e+01
9.235476667983959942e+01
9.508380265113221697e+01
9.770147312805168838e+01
9.383862168214382393e+01
9.527865073210013236e+01
9.638567576495775313e+01
8.999686528548727438e+01
8.628043106918407545e+01
9.214535730594347740e+01
8.318388184953336406e+01
8.698658870216465289e+01
9.110130144941388153e+01
8.902869101138887231e+01
8.813799844544665518e+01
8.577686672552441394e+01
8.230175292816493027e+01
8.522417070190779498e+01
8.112747115781991170e+01
9.066806818854691130e+01
1.018686541767403639e+02
9.997332675947714620e+01
8.908326765619489152e+01
9.401089761497163977e+01
8.500071219244662757e+01
8.826951993411273634e+01
8.474983354652746925e+01
8.609873896674795901e+01
9.170419632306884239e+01
9.047129356824453339e+01
8.742736899129974404e+01
9.657175565653830063e+01
8.908923032624696248e+01
1.024367711245298267e+02
9.031872287876058181e+01
8.321100540176155391e+01
8.643573253093533992e+01
8.630155560824915995e+01
9.137028783082318739e+01
9.759730712216560278e+01
8.757295026343659572e+01
9.256585613667743928e+01
9.071187646948274619e+01
8.747038788154776512e+01
9.255913864814266390e+01
8.902238910241906922e+01
9.066804613185078665e+01
8.126267337324273399e+01
8.561321747210911326e+01
9.503181191849367337e+01
8.926472302339580267e+01
8.697653896681474350e+01
8.680553666548510705e+01
9.167954862266495297e+01
9.026289721715986047e+01
8.716613355922763162e+01
9.177190256558998271e+01
9.866879649188639689e+01
9.330783865370801777e+01
9.351077691060935138e+01
8.677771337224383785e+01
9.395618684194197101e+01
8.512867986210788729e+01
8.594632009696168495e+01
9.615355073800324703e+01
9.459382254842019222e+01
9.045751158272710768e+01
8.642455326716522279e+01
9.280092556555995031e+01
8.998365862713312424e+01
1.014448931519508790e+02
1.037171463802827986e+02
9.414655421161451443e+01
9.557246504969174339e+01
9.109309439440228573e+01
8.756424711427517593e+01
8.605115983892183351e+01
9.761828926396388795e+01
1.037986180586795371e+02
8.434951588708182157e+01
8.764934011362697674e+01
8.992882774464904116e+01
9.050578541945058930e+01
8.769430884561225525e+01
8.985094172646789445e+01
8.855082371348392201e+01
8.757428031933582702e+01
9.701968699269549745e+01
1.010518289681720319e+02
8.794008259099237534e+01
9.867003826827857438e+01
8.453083460247687242e+01
8.527060271893003573e+01
9.197997317267115136e+01
9.260059397829712680e+01
8.505195090400003721e+01
8.866874264446374809e+01
9.640771345533553927e+01
8.972206806159518067e+01
1.052645248052197360e+02
9.146529324215190115e+01
9.151419719730284896e+01
9.553211237299572645e+01
9.018091377826949895e+01
9.047486333182565943e+01
9.348058980685470942e+01
9.510046044187863856e+01
1.041753184144253055e+02
9.113222102511940648e+01
8.897266739001213409e+01
9.350545824599666389e+01
8.934557188473733902e+01
9.365731693218738485e+01
9.619528801227309600e+01
8.404268840043852151e+01
9.030086336530247593e+01
8.883874197787839933e+01
9.093576001284039023e+01
9.222395693580440934e+01
9.283048675090137181e+01
9.019613497694953708e+01
8.961879358478564939e+01
9.670207091428265755e+01
9.194313672705344231e+01
9.525238075999929777e+01
9.518549327161123585e+01
8.533098915908703930e+01
8.092084298819133892e+01
8.916651754135345698e+01
8.602997507648368014e+01
9.827456467337209745e+01
1.013669790544024920e+02
9.676790864826297422e+01
8.789681678058111913e+01
8.608475934660056339e+01
9.499062265349765255e+01
8.561007974758567229e+01
9.189082652171833843e+01
9.427739656939007773e+01
8.799657485275903923e+01
9.213212826963675184e+01
1.030739903596952303e+02
9.391558357374896104e+01
8.720962179865058772e+01
1.042920016058863126e+02
9.959367093279047367e+01
8.927911214018860164e+01
9.934879471497698944e+01
8.196543177001976233e+01
9.843701171643114378e+01
8.696752835402895698e+01
9.103048396959091804e+01
1.027460075562113957e+02
9.383890742329087686e+01
8.620303353179942008e+01
9.335966560396566649e+01
9.519056760892830482e+01
8.979219798789178242e+01
9.434109290640274992e+01
9.114984726197947396e+01
9.973114723919725577e+01
9.097360025756250934e+01
8.817099537595723291e+01
9.168833306431770325e+01
8.359011550202215801e+01
8.895165994780363405e+01
8.904277157506318474e+01
9.368005294483987200e+01
9.362468253420775000e+01
9.406055430099718251e+01
8.993691849748793743e+01
8.128536305330445089e+01
1.010219897188708984e+02
9.012566861191062628e+01
9.292356810245838972e+01
8.709971661190174075e+01
9.137689947683175262e+01
9.545471252929164052e+01
8.858822727660582075e+01
9.880618137072916340e+01
9.339583985551152523e+01
9.315671969797745078e+01
9.430796873189173368e+01
9.397100679040347870e+01
9.004241748668454193e+01
1.041103395491418269e+02
8.486614720306822335e+01
9.186104014461332667e+01
8.702986981104774600e+01
9.462134688252126580e+01
9.134419502224763221e+01
9.252322990997861041e+01
8.818787880825310310e+01
8.876887583640804280e+01
9.070143485981317610e+01
9.443701842738421703e+01
9.937503043404279879e+01
1.002721815800676382e+02
9.270878235532147471e+01
1.020010062978647767e+02
8.943668563551742068e+01
8.833115672257163453e+01
8.481066758843502384e+01
8.711145021209586048e+01
8.501304532542968673e+01
8.593443387071422990e+01
8.958692204097721401e+01
8.915358197735851320e+01
9.025078632393078237e+01
8.675174568868456504e+01
9.259914497938892453e+01
1.058686019127244151e+02
8.652032890427064160e+01
9.374508425399343992e+01
8.691187930322608679e+01
8.953938103840164331e+01
9.915849016301451968e+01
9.197632066867794265e+01
9.822805243271542963e+01
9.034262759551214117e+01
8.842646362806799232e+01
9.299071161463709245e+01
8.993749429371813164e+01
8.660405625716926181e+01
9.147551708221614319e+01
9.438578757321205615e+01
9.023364105119635781e+01
9.663827370161270380e+01
9.433600364564203744e+01
8.629887416230666020e+01
9.327109193393845032e+01
8.805347691414499423e+01
9.862550103301072113e+01
9.223913867457029880e+01
9.929069320316708058e+01
8.742863946243433304e+01
1.020857826702737157e+02
8.123752974941976390e+01
9.032623371962952774e+01
8.993579008706463185e+01
8.684829176485341407e+01
9.142128795795183294e+01
9.187160603799084413e+01
8.933170983781873531e+01
8.401835226559295222e+01
8.979649160895803561e+01
9.115099803692805835e+01
9.042787458030733205e+01
9.074947435617839631e+01
9.084013781979186319e+01
9.312737243960756928e+01
8.323622787378170074e+01
8.934831174920471142e+01
1.039412490923990759e+02
8.550559809441828918e+01
8.626012992822822412e+01
8.665244750925774042e+01
9.192726333526530880e+01
8.737542795524834105e+01
8.679241450037500272e+01
8.861911809399123285e+01
8.806780469048582916e+01
8.124322199306436687e+01
9.554106728021282890e+01
8.513203755893198377e+01
8.600395013592709859e+01
8.719388293798822076e+01
8.733103113476545332e+01
8.794213880603463451e+01
9.160941362238810370e+01
8.925979077737324019e+01
9.166796969585043087e+01
8.987577126120696391e+01
8.979547394698697360e+01
9.009074554882748487e+01
8.712380151583714394e+01
1.004880169379894710e+02
9.525410477962358868e+01
9.318490618387154711e+01
8.779912348641063602e+01
8.690904038044700997e+01
9.123836599359965760e+01
9.006701721300041186e+01
8.997683110394731898e+01
8.749357420684742692e+01
7.343901467532835170e+01
9.642122623852841912e+01
9.262804409832057217e+01
9.311299808912187359e+01
9.286477631910798891e+01
8.646459803454922621e+01
8.759494632757929367e+01
9.084269247961194083e+01
8.550634924217824562e+01
8.789922883970723433e+01
9.183379858552198982e+01
8.532582768070922441e+01
9.456741644028532789e+01
8.598190471060229356e+01
1.019912818027551253e+02
9.067088661211194278e+01
8.744930072440386937e+01
8.758691550687987615e+01
9.978301677052373009e+01
9.291830050486876758e+01
8.618963460959676581e+01
8.750639500466510867e+01
8.931287928578770163e+01
1.018519864969759539e+02
8.937686124139099775e+01
8.505984086966631708e+01
9.954809398593718583e+01
9.027343921854395603e+01
8.968971585884060005e+01
9.605318551737614996e+01
9.585894489272234864e+01
8.563713157806459719e+01
1.047868166745889340e+02
8.936044572722506985e+01
8.896624768595181365e+01
9.208034073856725854e+01
9.127368556994153437e+01
9.190163755995689598e+01
9.667015990465267805e+01
9.486173211862974597e+01
9.079333460282678914e+01
8.668219334992578240e+01
9.241594690397114675e+01
9.411315655961061566e+01
1.032966624985594564e+02
9.293092187641799740e+01
8.409944048067882250e+01
8.812607972890940289e+01
9.382442535325125732e+01
9.050446256953772206e+01
8.418239541309024787e+01
9.088799142008639365e+01
9.196203334310172295e+01
1.032143181580575089e+02
8.545271171749693906e+01
8.840140686543396953e+01
9.212185005804147409e+01
8.656361197055143464e+01
9.616555837816996188e+01
8.564068062254304436e+01
8.404625504106769540e+01
8.607673527256096691e+01
9.472267984720704703e+01
9.640405745486435762e+01
9.289110291105518513e+01
9.184204990012679559e+01
9.444924425768523690e+01
9.368547962203730606e+01
8.816003684554235065e+01
9.411090807689583926e+01
8.915154439704168965e+01
8.984817900235252353e+01
9.057736478274864567e+01
8.687504173071756952e+01
8.855578857032891449e+01
9.484143385226720113e+01
9.164920167773827586e+01
9.391444605488469222e+01
9.011386719915029175e+01
9.362340338354837854e+01
8.882174084921909696e+01
9.316446145692995628e+01
8.926402108358291798e+01
9.476022731844741998e+01
8.864517992776934818e+01
9.969036583830289544e+01
8.605929693821693149e+01
9.114312137628044752e+01
8.768328430542875651e+01
9.490681246099191526e+01
9.062070969895239614e+01
9.291540486773963892e+01
8.770692650229409537e+01
9.419023670251219471e+01
8.243570979334006665e+01
8.825892938162483858e+01
9.034571547557239057e+01
9.263041913096267876e+01
8.994342867026080057e+01
9.073007642123887706e+01
9.169781894857125337e+01
9.295030011865708275e+01
9.169400364705379047e+01
9.569389175113313684e+01
1.003669333545335860e+02
8.803443066921994387e+01
8.768594454077019407e+01
8.963708203450681822e+01
8.878590816594098101e+01
9.273734432585550280e+01
9.109650508822923598e+01
1.008827658004761503e+02
9.131059641114818248e+01
9.105863620229798983e+01
9.050539738292133052e+01
9.480886735399253951e+01
9.291618351011064192e+01
8.620713325570447694e+01
8.659265779838500521e+01
9.237575687931077084e+01
9.171085864512940589e+01
8.791153257643834706e+01
8.986955186699924525e+01
9.166200117568800465e+01
9.317629420124228545e+01
9.120245187853214475e+01
8.874953191526140017e+01
8.772106266690559551e+01
9.326763866869065112e+01
9.172309679540470029e+01
9.966249493915255186e+01
8.748197449499492961e+01
9.209572587597487825e+01
8.334939090627254643e+01
