3.980966923628547960e+01
3.687772408990946360e+01
2.863912506638044064e+01
3.543902182737306816e+01
2.400541408887111317e+01
4.053631392276004419e+01
3.677005093948211112e+01
3.562190471421612159e+01
2.338295627090975870e+01
4.033632563156346862e+01
3.369242914311467985e+01
3.672715967341904530e+01
2.453769228973797922e+01
3.991475145323107654e+01
3.570609665153050116e+01
3.568279000144205781e+01
3.804593938399832354e+01
3.584577187380739360e+01
3.529929198244354893e+01
3.827470007283960030e+01
3.169919648550429159e+01
4.073856815011730959e+01
4.142844489386098417e+01
3.871861967377358127e+01
3.851742658625305893e+01
2.741844426248535882e+01
3.491446288688705835e+01
3.499295518428149876e+01
3.506043442382146225e+01
3.786881012393600798e+01
2.685699440297013041e+01
3.001354556950596120e+01
4.150270515663920179e+01
3.318940595738386179e+01
4.084051784074822677e+01
3.268566003288909627e+01
3.665368053846709984e+01
3.628440322182049727e+01
3.731981169893116856e+01
3.693946788380510782e+01
4.234043316062789586e+01
2.643736663359691619e+01
4.049485566517640933e+01
3.757056748676578906e+01
3.071809182868133448e+01
3.257806348446572287e+01
3.127037201246412579e+01
3.934891056463663261e+01
3.841153246476979177e+01
3.555552531003129246e+01
4.068613638211362371e+01
4.001468195511300507e+01
4.231038630736542672e+01
2.121146277868577101e+01
2.808647524299222553e+01
3.866114943588610942e+01
3.875120817190266109e+01
2.124425014880302243e+01
3.772521304773061246e+01
3.684311642048239577e+01
3.853991918935992089e+01
3.579607624848290470e+01
2.752153625001202997e+01
3.795660370286672958e+01
3.875702251342370630e+01
3.875964650795786071e+01
3.710375298428671442e+01
3.034117933322708893e+01
3.714227881175492740e+01
3.001235963282423924e+01
3.871124460280138635e+01
3.910861018201698869e+01
3.814494413364850089e+01
3.898339591472849008e+01
3.780415334521454440e+01
4.163774613096769173e+01
3.976104688826519862e+01
3.792777900173194894e+01
3.527461901769386543e+01
3.337386533761038976e+01
3.825484487376805021e+01
4.155989159533221766e+01
3.950574004919258186e+01
3.730789254468516702e+01
3.323616035395723145e+01
3.481497470557791019e+01
3.944054259854753752e+01
3.325699657975512480e+01
3.601527287929293664e+01
2.488363379223345007e+01
3.660760490352934227e+01
2.796633811854329110e+01
3.294697220618575528e+01
3.881283630020726605e+01
4.359571637386250131e+01
3.871145865334273850e+01
4.131950945339270476e+01
3.742635330116704750e+01
3.774766221242209241e+01
3.887681240526506343e+01
3.420200149398265665e+01
3.960559509053017280e+01
3.473211071332438848e+01
2.964428735707197049e+01
3.774638271964255409e+01
3.980176299140684648e+01
3.914599348186063565e+01
2.690665399624963072e+01
3.328932008365414674e+01
3.127720951801515170e+01
4.072980356288559278e+01
3.464995198140014310e+01
2.253612560143779930e+01
3.818181236086338259e+01
4.010522104214520311e+01
3.249803372972583304e+01
3.802128139889315150e+01
3.731157962457932342e+01
1.772111489388844774e+01
3.637917665614284601e+01
3.501059745502347909e+01
3.831055653829945840e+01
3.910712335042111931e+01
3.336018848550630622e+01
2.961970381165566479e+01
3.241307564901046590e+01
3.920686638955235992e+01
3.848483098396445001e+01
3.514626449986164403e+01
3.377667986539223222e+01
3.909788603731507806e+01
3.860550270412358742e+01
3.949282219257577964e+01
1.841065711092979740e+01
3.787187233671556186e+01
3.681921781010717609e+01
3.888661710125575866e+01
3.440575673427506587e+01
3.433655686382770966e+01
3.372155237648532022e+01
2.352446156677001454e+01
4.005168289506789137e+01
3.615398744169813483e+01
3.817251319898487338e+01
3.839484649445965658e+01
2.569528280164745127e+01
3.662158233513891048e+01
2.478708845633889979e+01
2.923124023865420540e+01
3.970972157218227494e+01
3.590939326735899328e+01
3.310311659914825810e+01
3.916678892572124937e+01
4.056549107076132543e+01
3.673239867708863926e+01
2.978635967092545656e+01
3.471487778859182072e+01
2.718923753191499770e+01
2.573835847521498366e+01
1.928999662436846663e+01
4.043770189077654464e+01
3.808129869239164833e+01
1.678621247088877055e+01
1.766355505857793062e+01
3.733836312168049432e+01
3.976241631569391899e+01
3.774236836986537469e+01
3.943986516931627051e+01
3.460047468186581199e+01
3.938199672183402811e+01
3.495012759169836869e+01
3.883097140164193917e+01
4.182852402673994163e+01
3.479065382912499871e+01
3.521457481056418715e+01
3.425742409574781533e+01
3.291680798119622864e+01
3.468163246814400225e+01
3.836827691268212703e+01
3.961935057893659007e+01
3.946712145740443134e+01
1.928806028355120361e+01
4.173243300661598454e+01
4.337338361986661539e+01
3.431437678705609784e+01
3.743083234581843044e+01
3.902021086696136365e+01
3.373076077069517709e+01
1.744975498769030153e+01
2.889632763400866011e+01
2.465770824681414197e+01
2.966862431592387495e+01
3.804242862081012788e+01
3.753397148149241502e+01
3.764626730153329248e+01
2.846751566597409067e+01
3.170199078270489679e+01
3.818515057279558533e+01
3.513720719882435617e+01
3.472325909069471805e+01
3.836750249318605199e+01
4.023135141888396049e+01
2.744511999662416812e+01
4.354627609695538126e+01
3.744656554161637985e+01
3.539264059066772461e+01
3.568692073459350667e+01
3.880695772527789700e+01
2.705176377781976171e+01
4.163577089313626800e+01
3.900899928469623745e+01
1.694259834056771297e+01
3.804706276695851841e+01
3.995819763362210608e+01
2.707199275645330871e+01
3.997574154627431398e+01
3.444126940329726239e+01
4.103211869643215692e+01
3.921816042070985020e+01
3.514869181385742536e+01
3.465094508525609740e+01
4.281474620759552607e+01
2.871360457056175974e+01
3.604395072395080035e+01
2.914559664680297502e+01
2.887837542134328572e+01
3.954995422599816379e+01
3.801791552465931545e+01
3.217666002464230246e+01
3.003706445893903521e+01
4.008023518861288181e+01
3.524816947110486609e+01
3.709028773271318613e+01
1.636977412534875853e+01
3.382030229140357847e+01
3.595714143360897452e+01
3.824560086693342953e+01
3.906432209802110123e+01
4.048642017505969903e+01
3.413406483463757723e+01
3.241770193708611458e+01
2.699966861492860914e+01
1.992775433506294647e+01
3.723334393671827769e+01
3.022859924243311625e+01
3.479044767851197406e+01
3.587335075536529416e+01
3.814614575430683630e+01
3.611627719852432961e+01
3.732531481839702536e+01
3.181057046973022295e+01
3.707642543809463120e+01
3.846152959767431412e+01
2.805246522137434084e+01
3.814464021298346097e+01
3.615717039331875782e+01
2.441816620273117522e+01
3.680064907609218494e+01
3.650669004353466818e+01
3.603201025180165828e+01
4.140025814473539612e+01
4.253112140561368903e+01
3.979788251709837965e+01
3.719177544435592608e+01
3.452601223970034283e+01
3.616656749517825631e+01
3.418081117643810529e+01
3.394950288396464089e+01
3.495514684114375825e+01
3.271816999162777506e+01
4.051371760310048131e+01
3.624607403851327803e+01
3.744664048623688046e+01
4.331440772999762601e+01
3.854505989355186557e+01
2.716185602053950632e+01
4.069449637033114442e+01
3.841282310838079184e+01
3.861599174706694271e+01
3.499337179322625957e+01
4.310853875037169303e+01
3.602353463163136382e+01
4.250083720083176786e+01
3.824682189632814300e+01
3.513313322250742488e+01
3.631909745311675408e+01
3.382307544578634406e+01
3.931462002961155378e+01
3.705006662835560860e+01
2.970659576602751883e+01
4.065852530217311056e+01
3.764603174034387223e+01
3.847694104394861370e+01
1.782335448350020712e+01
4.036070020279117188e+01
3.642860600489689915e+01
3.688472403136595545e+01
3.701631950174752461e+01
2.648246442995341710e+01
3.816574600451600219e+01
3.113615640764809100e+01
3.695675715745681345e+01
3.749668196318494751e+01
3.460738197389287052e+01
3.840177504861517832e+01
3.548025129896865337e+01
3.859452395456911944e+01
3.550538414356970662e+01
3.753937591686703001e+01
2.132863455620964999e+01
3.580572365947288915e+01
3.500160500715703904e+01
3.391351930173722451e+01
3.723805640230585112e+01
2.735929707820528378e+01
4.251547847236200539e+01
3.472304211469730717e+01
3.512907632326695762e+01
3.043421423151762895e+01
2.940463741379256746e+01
3.771535554875170249e+01
3.887228158288019131e+01
3.761191045542290112e+01
3.752538703843550394e+01
4.008604810440321842e+01
3.780069399773270078e+01
1.893371374905556337e+01
3.444133291925617613e+01
2.335719574431274381e+01
3.427767313681061978e+01
3.619877126900562558e+01
3.440317263827882499e+01
2.025196828563721851e+01
3.984162021440045010e+01
3.544435333523384202e+01
3.842922070077603536e+01
3.573211751429840888e+01
3.376391238814378681e+01
3.696630111218976822e+01
3.617022083718033798e+01
4.006234377917677136e+01
4.076799423789510968e+01
3.299669132242859604e+01
2.513696758522845798e+01
3.960128713705644543e+01
2.081189596270284525e+01
4.194581251435786129e+01
3.570492263440669234e+01
4.159502483967698083e+01
3.240234667931584056e+01
2.499405841170960585e+01
3.899614698894740172e+01
3.689777426641158087e+01
3.944595915211452564e+01
3.890184412752822851e+01
3.849077577362753289e+01
3.439889239857156156e+01
3.839527945098417661e+01
4.115047568436896341e+01
3.979072159971340739e+01
3.001593416723886421e+01
2.562890578202395986e+01
3.756613248393516358e+01
3.739431412024001844e+01
3.684947845204757044e+01
3.826388106326816541e+01
3.465742793736463767e+01
3.909943966533985105e+01
3.808328102449915775e+01
3.588861070679287479e+01
2.412894186765590376e+01
3.776346463499420736e+01
3.047386554578016060e+01
4.028263956464246576e+01
4.152293049795876101e+01
3.993285016131789433e+01
3.389019057583553973e+01
2.073705490229904314e+01
3.866505534390304177e+01
4.049718316746587732e+01
3.820808191877780757e+01
3.494901325786360502e+01
3.529450081177193965e+01
3.568979930778135667e+01
3.074287899590060746e+01
3.282358528703007039e+01
3.900138204542025733e+01
3.651435741792024459e+01
2.437921153082706027e+01
2.638698463236251968e+01
4.345201628791330961e+01
3.455041338927639316e+01
4.217360570383901575e+01
3.283107621894024675e+01
3.227475179059289445e+01
3.953494124995707182e+01
1.861074423273154110e+01
3.956909387672480705e+01
3.963508604586881745e+01
2.428625517287174773e+01
3.900869952727465773e+01
3.098635395733651166e+01
3.763787560267905974e+01
3.723639504655753285e+01
2.100049097373588225e+01
3.967450973608217168e+01
2.901816571672948086e+01
3.928181472848994815e+01
2.403197051305593845e+01
3.625269531938108969e+01
3.908729697666009173e+01
2.556037556424070800e+01
3.785664640890859545e+01
3.323852258021741335e+01
2.288335037486280754e+01
2.907912119145881746e+01
3.866397761574017267e+01
3.836364040354249738e+01
4.013324198701140944e+01
2.440708513385785139e+01
4.019536994904479599e+01
3.858913611303461977e+01
3.850772146653063288e+01
3.827974243381760289e+01
3.738114451059270493e+01
3.502691301818799730e+01
3.714255592987315424e+01
3.901582182741889682e+01
3.800660053067224453e+01
3.488758344048320481e+01
3.688874734047711001e+01
3.760112554790472927e+01
3.809043287627338259e+01
4.043926797017227415e+01
3.756633456544776095e+01
2.942845701481929055e+01
3.389947851309658233e+01
3.010876942703528059e+01
3.017471993750113768e+01
4.155490795185905029e+01
3.841049373851488724e+01
4.097822824783391127e+01
3.321738875086622755e+01
3.713753549178333913e+01
3.444579266674733731e+01
3.983641061291407226e+01
4.070428610832491501e+01
2.817916191915402635e+01
1.922188316926573393e+01
3.994891447992143441e+01
2.613981149966555506e+01
3.800428592308376352e+01
3.889223268216807128e+01
3.568094855763933992e+01
2.890013197561254188e+01
2.943666943424295823e+01
3.941691116724435062e+01
2.798499848471485052e+01
3.788948563642890122e+01
2.861234250240283572e+01
3.421379146565555374e+01
3.986192335476755488e+01
3.352769403900727241e+01
4.133778879481001667e+01
2.535438041377513585e+01
3.532886804379645440e+01
2.911254955044161363e+01
3.664538827755472994e+01
3.927272773372589398e+01
3.490011291502892732e+01
3.845061148873435286e+01
3.533458946698760172e+01
3.723188680756722846e+01
3.431359333744143214e+01
2.980244629171052395e+01
3.839324223182119766e+01
4.078178913893550828e+01
3.767754707050652740e+01
4.111499432578171565e+01
3.812407834393487605e+01
3.323370236181023074e+01
4.075290211328197643e+01
3.349034805160866313e+01
3.831564677497222249e+01
3.961867920589251213e+01
3.871671658514713954e+01
4.128842961300860992e+01
3.734845547846155256e+01
4.062707029301078876e+01
4.042510768045412561e+01
3.585905907304957907e+01
2.076016763157278788e+01
3.638185611636665584e+01
4.116974444980501602e+01
2.370151068491808743e+01
2.555634906297863296e+01
3.641621685530295593e+01
4.182982690247407476e+01
4.056563733470584054e+01
4.163002308192748302e+01
3.365374318927642605e+01
3.898443861494530438e+01
3.146662985862153761e+01
2.682721023855715714e+01
3.452734807017731811e+01
3.396691476101457852e+01
4.228072453848552215e+01
3.441655284935313119e+01
2.825667423835181324e+01
3.641836032428756909e+01
3.881686103667053089e+01
2.908037511783071238e+01
3.883434895736979087e+01
3.771163386823308628e+01
4.032476485108170294e+01
1.975982781656325571e+01
4.020141104418095068e+01
3.146716822524799895e+01
3.979713424183640313e+01
3.598281505503336319e+01
3.535595407828365211e+01
1.886266865176443375e+01
4.074033526326790167e+01
3.607998265852235420e+01
3.951514420102257219e+01
3.025115960285012306e+01
2.156037926649747050e+01
3.859163726698292152e+01
2.819261342979738671e+01
3.648732859962689190e+01
3.666279571044324825e+01
3.753413714028999948e+01
3.256416586640536792e+01
3.961202688231291091e+01
3.448897065772320047e+01
3.917104215487645291e+01
2.873011544825184416e+01
2.437919800888539612e+01
3.838323674440169242e+01
3.597940665872135924e+01
3.936402741316283027e+01
4.200479994620224033e+01
3.995976440316558609e+01
3.894928004169943137e+01
3.794902716685991351e+01
4.035345120406864083e+01
3.178213033310495916e+01
4.110075622439348564e+01
3.771248058428858485e+01
4.000700041674377871e+01
3.964331842258353333e+01
2.711866784210812753e+01
3.998107336595220573e+01
3.595965248947203463e+01
3.518738964922798118e+01
3.098955085864662351e+01
3.934724040408887191e+01
2.977203110451459267e+01
3.973743781786595264e+01
2.842135434160412188e+01
4.252190348578102430e+01
3.724870559739487419e+01
4.186274139648235604e+01
3.464398390158127228e+01
3.099225891592896431e+01
3.321277042830845261e+01
4.128062758823432432e+01
3.818904368482669298e+01
3.619434931796483568e+01
2.652783490554227086e+01
3.822394501645215570e+01
3.656863423705649296e+01
3.890689171511645839e+01
3.740004764774320734e+01
3.797403614851746312e+01
3.634412330218536624e+01
4.131985536424240024e+01
3.576834589721608637e+01
4.006431937721720260e+01
3.882969228423038999e+01
2.878826188487355253e+01
4.220287390078755863e+01
3.666168374534022689e+01
4.001970003235457796e+01
2.979837947378386076e+01
1.960627199988542202e+01
2.907115508542202420e+01
2.899426901656718769e+01
3.984893839649765823e+01
3.093918757737487724e+01
3.706444131573959311e+01
3.751087444400427273e+01
2.806192627683593344e+01
3.669469832357066252e+01
1.875772563125243408e+01
2.339166862352846366e+01
3.431892753775232308e+01
3.699383953339768283e+01
3.042262758358870300e+01
3.677469669956483500e+01
2.529257248538603164e+01
4.142436942884666706e+01
3.666170318947337847e+01
3.914567793901711212e+01
4.037203371500668680e+01
2.212434884059344498e+01
3.171556252843201662e+01
3.414048941116152491e+01
3.840892490844736784e+01
3.491559200748728387e+01
2.611108331614308753e+01
3.199324258402808141e+01
3.612088310553713200e+01
3.775436726733796178e+01
2.695252098876758140e+01
4.007578862401315689e+01
3.165340003149487202e+01
3.833668970423276789e+01
1.738007567142031107e+01
3.771381350697213719e+01
3.658730911690839349e+01
3.947435331937730041e+01
3.669878754680222954e+01
3.620348875037264236e+01
3.189306941267811979e+01
4.052573857813885638e+01
3.115549821679097775e+01
2.612861500552432759e+01
4.241309605150333084e+01
2.420061447360728124e+01
4.048245472056601812e+01
4.234551704533458860e+01
3.296909810651396810e+01
2.452343625952713779e+01
2.658237142268508890e+01
4.061952143662845316e+01
3.629566197573739572e+01
3.794084513316465745e+01
3.801784444352735903e+01
4.006291757694350508e+01
2.922656715368375657e+01
2.620074485063087977e+01
3.577638859451800357e+01
2.078000645756614162e+01
3.508814899782404950e+01
3.788030580660202418e+01
2.377119494608752959e+01
1.532163420511801455e+01
3.938874587374623104e+01
3.141044977083779699e+01
3.436362326233693665e+01
3.943210242729340109e+01
3.595776953085540129e+01
3.642120385467737975e+01
3.895874682425593960e+01
3.324008332866944926e+01
3.748079689055254704e+01
1.364973253352378180e+01
4.054093751744075291e+01
3.674616562455508273e+01
3.717289891113864542e+01
3.072377251050319558e+01
4.290131653975410586e+01
2.694770230373593378e+01
3.795112225326290911e+01
3.825570838326679990e+01
3.679024929496714691e+01
4.188999306721942162e+01
3.472391482964433607e+01
2.136177362380760769e+01
3.543239484248560700e+01
3.773707523937522978e+01
3.836644231869836119e+01
3.744629817028822316e+01
4.378304865869274920e+01
4.020352504747022948e+01
3.950916195551518939e+01
4.042923487795747661e+01
4.142518569895214853e+01
2.930717343120279850e+01
3.802319842944479689e+01
3.227619860845037181e+01
3.741210224552683172e+01
3.896169288941223385e+01
2.952683512478283134e+01
3.841537925020099919e+01
3.810815441027225603e+01
2.148357695452880023e+01
3.584488259183905967e+01
3.920110279026896194e+01
3.681378167716845695e+01
3.817055063169173224e+01
3.329518968852261196e+01
3.152703446116444042e+01
3.671058909673549664e+01
3.828276823055256273e+01
3.602245024437963394e+01
2.473887791281843818e+01
3.753297999376642480e+01
3.777762992408695197e+01
4.138495884901441002e+01
3.621672150497735032e+01
3.706693378273266859e+01
3.005839887794905607e+01
2.364841910017909044e+01
3.473899664481778871e+01
2.067973043441665126e+01
4.081149649803358415e+01
3.992984696064475258e+01
3.926988988879597287e+01
3.442914662041393825e+01
4.035544412408081172e+01
