3.920844975928000764e+01
3.987991734076015860e+01
3.873157334677463126e+01
4.018726196905674897e+01
3.733410922908904439e+01
3.844124064234980409e+01
3.115263353785326217e+01
3.973725376180028235e+01
3.105101382976943825e+01
3.996090054408450243e+01
3.866011244184387152e+01
3.366182272159608857e+01
3.583346104371075569e+01
3.655504389862344539e+01
3.944912828347667499e+01
2.907117525745283615e+01
3.818866242658067733e+01
3.871997581480151496e+01
4.262836841620592310e+01
4.197422196191273258e+01
3.685666734383742948e+01
4.073371773324843303e+01
4.682936063769197688e+01
3.721313403604632697e+01
3.745510714145937925e+01
3.934045947601150317e+01
3.275338750617309103e+01
3.769378124061364588e+01
3.758161590346927028e+01
2.366615431988187979e+01
3.891686732718462594e+01
4.062449254457241921e+01
2.912950371607731270e+01
3.939772013120680327e+01
3.985780367321825679e+01
3.847836174997630820e+01
4.056127275826960954e+01
3.008419020027771751e+01
3.721109413454617254e+01
2.964997305818433304e+01
3.508305448109489078e+01
3.591792021627419729e+01
3.535626573649921767e+01
2.879955574412150909e+01
3.829806236959550603e+01
2.725069070685886174e+01
3.849022423988855479e+01
3.503602317875564864e+01
3.437315011201518899e+01
3.800069820570169554e+01
2.624991185077787392e+01
4.150328512062089459e+01
4.015427614829101088e+01
3.405589543736771674e+01
3.904275173421847711e+01
3.724205089267706370e+01
2.920341461813143624e+01
3.750254392201411235e+01
3.668389066144435162e+01
3.805875677266905655e+01
4.094501354073015165e+01
3.968269928845718653e+01
3.718667586003378744e+01
3.797817195552398317e+01
3.810633374814546670e+01
2.620770808448134659e+01
4.141918227998408497e+01
4.383416534309769474e+01
3.994406355218668381e+01
3.655039755754297204e+01
3.848510494131674164e+01
3.975732684369408787e+01
3.959502026175681522e+01
3.658439806950028128e+01
3.577096576973049480e+01
4.175379380501500748e+01
3.974672937516880467e+01
3.902870149709860215e+01
4.093008488004762313e+01
3.754704966375602027e+01
4.104494694757549667e+01
4.137986996263364148e+01
3.301074302661465509e+01
3.703522825960887133e+01
4.111371514294156526e+01
2.439506079958002260e+01
3.896427656569466791e+01
3.010745313745288243e+01
4.007459012522335229e+01
3.960681033704486964e+01
3.739768677979710532e+01
3.861711885776593789e+01
3.746850946513858105e+01
3.867658692128462405e+01
4.275167910788211856e+01
4.027941749185391984e+01
3.618882364493207149e+01
3.480081569802577235e+01
3.554606857996444091e+01
3.533067573336335698e+01
4.023880306522016070e+01
4.061374685964514697e+01
4.046995379047693575e+01
3.657065417207810754e+01
2.434993026781343417e+01
3.416034262393912968e+01
3.926145467988335014e+01
3.483281346164395842e+01
3.666031147735883877e+01
4.006181871353334145e+01
4.061212021575616404e+01
3.599534294077164986e+01
3.421068349004489306e+01
2.378671887679265140e+01
4.011396807436049272e+01
3.647269163753512089e+01
3.817669781664274353e+01
3.086474063789228239e+01
3.335742645406916296e+01
3.886344249221799174e+01
3.967805055956957716e+01
3.053758078559611633e+01
2.424815812244517943e+01
3.749254261591647008e+01
3.751976339072987798e+01
3.897229336147749734e+01
3.955387657935326473e+01
3.825806033024431230e+01
3.882652804314500372e+01
3.139872335121505031e+01
3.953762093139733480e+01
3.639687323202007008e+01
2.428720478442135189e+01
3.650663020664250524e+01
4.201677518994352312e+01
3.297966970586934110e+01
3.901492414364267347e+01
3.878391884368966203e+01
3.628649297185820899e+01
3.693911399808314400e+01
3.807351332563276713e+01
3.421954903571214857e+01
3.863813034077622177e+01
3.710015888380245741e+01
2.971212289719083799e+01
3.282368172774023662e+01
2.728927058875054001e+01
3.955250496918236536e+01
3.634071720170729236e+01
2.710647177006831399e+01
3.575823383753520801e+01
4.159061541922665128e+01
3.873040800106109316e+01
4.027766351712526216e+01
4.036311564062110335e+01
3.743152773466565719e+01
3.781364580457753277e+01
3.787753774462812828e+01
3.921342684094137354e+01
4.007187245099028416e+01
3.801717110229904506e+01
3.756143467647038392e+01
3.555287956811896777e+01
3.536190668609526710e+01
3.580891319512664950e+01
3.403652803411166872e+01
2.201946461572237368e+01
2.659497606158197058e+01
3.900169506344465020e+01
3.196769559740758027e+01
3.246096637110487393e+01
3.949215273121402703e+01
3.368233262773680536e+01
2.834169718315868636e+01
3.966020850282255594e+01
3.873207352293206185e+01
3.998658181757780739e+01
3.941466662805728305e+01
2.231839693369049016e+01
3.390852890300242706e+01
3.182131236298035049e+01
2.994789588172407946e+01
4.076694925349823961e+01
4.371013456364848082e+01
3.685950312951449348e+01
3.529617232487838407e+01
3.978509962199294137e+01
3.905221713020844732e+01
3.445714119621569438e+01
3.852889902314337434e+01
3.517938525291612706e+01
3.600561473246562372e+01
3.552110137888724495e+01
3.273659853863441072e+01
2.191414487322564852e+01
3.781991365595762034e+01
3.815840132504698801e+01
3.972504089019819418e+01
2.983230202988644209e+01
3.870326834969525720e+01
3.691920709252768518e+01
3.755276346610377658e+01
3.398568333275575526e+01
3.474315659875887263e+01
2.909105401957603831e+01
3.949133161119412705e+01
3.451749740227578656e+01
3.471374073959175632e+01
3.800298644578156626e+01
4.136596305549728925e+01
3.370306803059852996e+01
3.519876658985323559e+01
3.785548149984572319e+01
3.728873345372241488e+01
3.959414771128290056e+01
3.442175555920819363e+01
3.601824692157086361e+01
4.058269512610133489e+01
2.496623644229471495e+01
3.976970886336480504e+01
3.825808347270737642e+01
3.810351125977494746e+01
3.633197718712673208e+01
3.339072783019664570e+01
3.918369851272777993e+01
3.696964853266553064e+01
3.044918627561581204e+01
3.025261179019104318e+01
3.712566883443999188e+01
3.879784283979479653e+01
4.203543459732468790e+01
2.657132967586296246e+01
3.181587439636872361e+01
3.332611286084447499e+01
3.761619098597180511e+01
3.552878878025313725e+01
2.859656894639773839e+01
3.581894620433963894e+01
4.122037784964910401e+01
4.028705520424941255e+01
3.844989393805578715e+01
3.987394152593613939e+01
3.607768218005575989e+01
3.608899307788068000e+01
3.422369251749624652e+01
4.224663147130588925e+01
3.968916587197300316e+01
3.018420743133642858e+01
3.351406527510678046e+01
3.195053980438926544e+01
4.063658990851580199e+01
3.743710331285860349e+01
3.298334713155615106e+01
4.086120243047294309e+01
4.169774634872797492e+01
3.074607078852218578e+01
3.385739008111707449e+01
3.800182512754386011e+01
3.081042948627647249e+01
2.096237519721422515e+01
4.011634700076140803e+01
3.334575979313542859e+01
3.816856721941322661e+01
4.218866680864424268e+01
3.729132109817856389e+01
3.830774622757395065e+01
3.278308403159048368e+01
2.178817190067751852e+01
3.918884660701195344e+01
2.225322071169809135e+01
3.870425401588078529e+01
4.031279402270843093e+01
4.114710997750531618e+01
3.925141075423376691e+01
4.049597320522573085e+01
3.570675810579598419e+01
4.264877070203544207e+01
3.598227862179940928e+01
3.697200456799024693e+01
3.167378488143529580e+01
3.785709364550395861e+01
3.765125110423532817e+01
3.575760533971445199e+01
4.047018003599060876e+01
3.742718619511912692e+01
3.836237982807844560e+01
4.113976133273731506e+01
4.018485344097380363e+01
2.383226375778217943e+01
3.970414248924336675e+01
3.636575932735048866e+01
3.103828052780439606e+01
3.032919441012725059e+01
3.689356960120326789e+01
4.062169680997232746e+01
3.405691854164253130e+01
3.007317714861380153e+01
4.005797003614495821e+01
3.941754301974732755e+01
3.356540227413225352e+01
3.684241323723698969e+01
3.407597562096359667e+01
3.581487269351000435e+01
4.046384996539688927e+01
2.980213023629626434e+01
3.840035489375906508e+01
4.156291950655223388e+01
3.967618725231789512e+01
4.000544371652846110e+01
3.259750151505457438e+01
2.989563101412791113e+01
3.903109289001603344e+01
3.655691610814982795e+01
3.905705354144476615e+01
3.449124830290607946e+01
3.870004149180541475e+01
3.866329268872564739e+01
2.355317671999822693e+01
3.417234290176980949e+01
4.169302692478245831e+01
2.256201171310338438e+01
3.669383209527391188e+01
4.356082771780049967e+01
4.061630427042613434e+01
3.810984410916027798e+01
3.623223335706111214e+01
3.637570257306081345e+01
3.868511931594461117e+01
3.867622859867224605e+01
3.756467348009910978e+01
3.546571954151000483e+01
3.727234845127638607e+01
3.739477928174902388e+01
3.508436362446248324e+01
3.864531142822187348e+01
3.716831714800088804e+01
3.997746822417247614e+01
4.115549399025596244e+01
3.297606235902623695e+01
3.903114666962864732e+01
3.712988979412693880e+01
3.683857095289533135e+01
3.819604224298182515e+01
3.479780405484410721e+01
3.711123201603776067e+01
3.365863089436459177e+01
3.971440995846501210e+01
3.670307522145721180e+01
3.000217023633583580e+01
4.053720793578669657e+01
3.976221969087954022e+01
3.542191450699012023e+01
3.890335046463530944e+01
3.369327458269250997e+01
3.492312437564608274e+01
2.619114128858408463e+01
3.535546329974865642e+01
3.943927282589425687e+01
3.930868665315900046e+01
3.765044207096171647e+01
3.891932996539267720e+01
4.237655446649414159e+01
3.546210801166997584e+01
2.274713805759146368e+01
4.010489327654783409e+01
4.169096696272482205e+01
3.967120004582791637e+01
2.737728515093010984e+01
3.536107185551083631e+01
2.846231267921434949e+01
3.713353487138378739e+01
3.920933350437532994e+01
3.455496426275556132e+01
3.911403124753010729e+01
4.106246813393012474e+01
4.079221769617740989e+01
4.013905678804677279e+01
3.616213454904020352e+01
3.283702453952727751e+01
3.959453481607901182e+01
3.955235199453812811e+01
3.744447259813865969e+01
3.914942101122486662e+01
2.660724272262794798e+01
3.988557593063070073e+01
3.846422258835814745e+01
3.723157240899101339e+01
2.264635684812935779e+01
3.831217394282769106e+01
3.563938863717481098e+01
3.991195123316836657e+01
3.775411376998190605e+01
3.568837763205601021e+01
4.056535384583823856e+01
3.979170483452985962e+01
4.096636429236065169e+01
3.799792848133107270e+01
3.506118051186896878e+01
3.727530621743426309e+01
3.531594366695370724e+01
3.250660089217182502e+01
3.769738498378102776e+01
3.392709139466482782e+01
3.780815891590681588e+01
3.004169625361444673e+01
3.765497194579427287e+01
3.700698748453579867e+01
3.254118571285814454e+01
3.711655733991365480e+01
2.253741276904557722e+01
3.873138136478445404e+01
3.692703845379877237e+01
4.033933431860452856e+01
3.982830583564739868e+01
3.415622488164355985e+01
3.769113639054005915e+01
3.657963705051390946e+01
3.393638420404076328e+01
3.506289018425616888e+01
3.679284036643702649e+01
2.678286291129089136e+01
3.606887059847657184e+01
2.709355300734646121e+01
3.789242397210743007e+01
3.178752070621098724e+01
3.752396494658341908e+01
2.470134075083444358e+01
3.825117374990139041e+01
3.018160517571425316e+01
3.879040186368997922e+01
3.074385697316147059e+01
4.083474691070154705e+01
3.968660650593434269e+01
3.259413356721812249e+01
2.284640353073095298e+01
4.068213339114036842e+01
2.412123570072822432e+01
3.831225128460376084e+01
3.941776647984069371e+01
4.352732292036436235e+01
3.811091711891270961e+01
4.154713359289448960e+01
3.631856340399556160e+01
3.798709279401908390e+01
4.109381161297228147e+01
3.307591356950612749e+01
3.709438116195732960e+01
3.817513558388066031e+01
3.841398702141153620e+01
2.837281279012386648e+01
3.884635787503202664e+01
4.020467306950268949e+01
3.887735524984618962e+01
3.855994744916142736e+01
3.572383642940744863e+01
3.839429463619607219e+01
3.845600443206342334e+01
3.905413949606132462e+01
3.179744156336251493e+01
3.556181898534131136e+01
3.753223509976405836e+01
3.099734054078416889e+01
3.709795941717803913e+01
3.288716859060569675e+01
3.751462217562734480e+01
3.875516465985992198e+01
3.655204760832170763e+01
3.231951421669291591e+01
2.697273413901335459e+01
3.018998889359507132e+01
3.884974491628411641e+01
3.713328620476244168e+01
3.433941794929206281e+01
3.521977338600646590e+01
3.894974116466440961e+01
3.645587305489904395e+01
3.153531223924496985e+01
4.347179926218169754e+01
2.856726632914980613e+01
4.091053189232786025e+01
2.623521786114045184e+01
2.675705657835596440e+01
3.974394420023732977e+01
3.507729475869156488e+01
3.962206833260824368e+01
3.241659072518694273e+01
3.176616243428976105e+01
3.119479233906804083e+01
3.769544235004944710e+01
3.879644435455929141e+01
3.923654610067620752e+01
3.785840480875010172e+01
3.882605179709152310e+01
4.030510664309742452e+01
3.236133148346600308e+01
3.501615798263230772e+01
4.007341684805046356e+01
3.588446328630804061e+01
4.023714219433854566e+01
3.051461031246106614e+01
4.165989314534715504e+01
3.858710252889955683e+01
3.840993332536635307e+01
3.913420552885321513e+01
3.913651585144356915e+01
3.826534417828973034e+01
3.736022157977373581e+01
1.902004587902749932e+01
3.210569553674071841e+01
3.656499543936863716e+01
4.060776845304736327e+01
3.835434864308073344e+01
3.880589696617409601e+01
3.522200194899529890e+01
3.136560253089595562e+01
3.645610578579477590e+01
3.498536196036009471e+01
4.431759333233497244e+01
3.137918974665871019e+01
3.836301584986492941e+01
3.970957947963445633e+01
3.727359072518463279e+01
4.222089985381401789e+01
3.937827410211603762e+01
2.584353971235429626e+01
3.719464038460120747e+01
3.552938735360491052e+01
3.858248809304419069e+01
3.649838396563048804e+01
3.710645517313440678e+01
3.913509597611052726e+01
4.045068030368120304e+01
3.884530555586753309e+01
3.856403792392809038e+01
2.762065483115561904e+01
3.814688060129329017e+01
4.209473541859734524e+01
3.583059788892085606e+01
4.158703371291101547e+01
2.871553772258715753e+01
3.256075193487306763e+01
3.888888173459237407e+01
3.143934777186195717e+01
4.274285155376031042e+01
3.800088031303555880e+01
3.617729630703442467e+01
3.813674895222163030e+01
3.910214380090004482e+01
3.969553998175269527e+01
2.544035597256284120e+01
4.110206978097267694e+01
3.944284989910222805e+01
3.680614118887545061e+01
3.260730617129244990e+01
3.394327990154717156e+01
3.621234216113867177e+01
3.987383475514909748e+01
3.695563743611087659e+01
3.790014509173712298e+01
4.031825181797738367e+01
4.132074987828874413e+01
3.072639428615325841e+01
2.855757863555375309e+01
3.752626437490934563e+01
3.686443983029277405e+01
4.336753754287955331e+01
3.569261152077221055e+01
2.257184625409170309e+01
3.937876376583434279e+01
3.794028052152490460e+01
3.943966222563163626e+01
4.139936167333010530e+01
2.411783302187061295e+01
3.853182256690906371e+01
3.948894455972606465e+01
4.047743037129768595e+01
3.665681268602493503e+01
4.220529550517370865e+01
4.283307889896412490e+01
3.988230452652793900e+01
4.143725475792301438e+01
3.836845275951046830e+01
2.151822214025278868e+01
4.011955144986657729e+01
3.829639824779734170e+01
3.728754419641401086e+01
2.503552625560113043e+01
4.068580879777571369e+01
3.619863219606881444e+01
4.183555253886833469e+01
3.696922696593350111e+01
3.983820596427479188e+01
3.680329904125796503e+01
2.379726122058306004e+01
3.566715647260991773e+01
4.047549482042377633e+01
4.010011275377448925e+01
2.910104479916794062e+01
4.353411526057926295e+01
3.967389213955244998e+01
4.228301977108616683e+01
4.102197587757435571e+01
3.647477956695167478e+01
3.499296005831138956e+01
3.829722789075388789e+01
4.025108146952866406e+01
3.777756737005545062e+01
3.959872495231687850e+01
3.275947818465859740e+01
3.398550766848190818e+01
3.672335413696974626e+01
4.179536014140927591e+01
3.152669402079792604e+01
4.042578863931281319e+01
4.055529660556522487e+01
3.958897826303564216e+01
3.703705962622376546e+01
3.946603330847757718e+01
3.470520446936611592e+01
3.943480473818636511e+01
3.164507543318646299e+01
3.591101916329581911e+01
3.970617561038135790e+01
3.584758585705907308e+01
3.728573172336572839e+01
3.761479482127435148e+01
3.658334104562535316e+01
3.413682117817377559e+01
3.277640537391401665e+01
3.681983213249904452e+01
3.562571958185333187e+01
3.630806408765608495e+01
3.986882683569633201e+01
3.680719695160455274e+01
3.441994232762538530e+01
4.209062001488693738e+01
4.043804930639912243e+01
3.663174017265637161e+01
4.188538782592296172e+01
4.191580516522866873e+01
4.103675882817834975e+01
3.919988993624977525e+01
3.652300517447907424e+01
3.948043625698898751e+01
3.717911642492980206e+01
3.275338631503992559e+01
3.378548250318389989e+01
3.236627696577024693e+01
3.686671886278136157e+01
3.589923380077904369e+01
3.724545821819332758e+01
3.431720602183010982e+01
3.896422403079770191e+01
3.919818842583613616e+01
3.912430564988695636e+01
3.818500340837474738e+01
3.713149530374922591e+01
3.018554016194864431e+01
3.349292733121250620e+01
3.659960427614721823e+01
4.005657212686563895e+01
4.006860892398200491e+01
3.680888495137124039e+01
3.825016578495598196e+01
3.590392331856347852e+01
2.796619792382578140e+01
3.924691494518142321e+01
3.569705289355641042e+01
4.140114822194795607e+01
3.995844490344624944e+01
4.139355861103729239e+01
3.926269004834402665e+01
3.820873720584624778e+01
3.433497585519121742e+01
4.122507265578545343e+01
3.987912791782449773e+01
4.275041506267992730e+01
4.079163137134617045e+01
2.718306774032427242e+01
3.946594119099083287e+01
3.385065211578778843e+01
3.949914491853930798e+01
3.969040200832856158e+01
3.409725620938946378e+01
4.116818273882053347e+01
3.959219863315900056e+01
4.123218039319579020e+01
3.736865667594631191e+01
4.006211028807740604e+01
3.714241029652389869e+01
2.681938756975081972e+01
3.936627592559945299e+01
3.824211576298446857e+01
4.016785995070726045e+01
3.862498591711061380e+01
3.976005432292698316e+01
3.904277704752544054e+01
3.729122941693117355e+01
3.459152239096118109e+01
3.880126754816161849e+01
3.897146025501211852e+01
3.361634739879334433e+01
3.433226946955269909e+01
3.486933377572018600e+01
3.870466798606819481e+01
3.855256056644753215e+01
3.810354166204827209e+01
3.874400953991268182e+01
4.190541645478565869e+01
4.014977513743240678e+01
3.747416308802543483e+01
4.123008820472663416e+01
