2.631986309707027516e+01
2.472994091328900623e+01
1.992758980147516112e+01
2.204315856859163958e+01
1.859319202612192612e+01
2.700734934205412330e+01
2.094852051222928679e+01
2.419123226012548500e+01
1.611791196774871437e+01
2.803668628990238787e+01
2.530427404104059619e+01
2.214056088565492431e+01
1.762914401801577569e+01
2.868875809737665250e+01
2.490116554393757653e+01
2.049410235378393708e+01
2.487935504317283630e+01
2.318688925692100256e+01
2.675860434696368984e+01
2.736298869616246776e+01
2.030401116217633728e+01
2.737599277350589944e+01
3.202580484531798533e+01
2.545741339755280208e+01
2.527905536422504085e+01
2.241084225689045084e+01
2.064902528406906157e+01
2.489639566817430349e+01
2.477575847579545965e+01
1.739413335042210207e+01
2.012076480775931486e+01
2.753467866406403530e+01
2.357429079744968092e+01
2.466093898827832476e+01
2.815735245002831277e+01
2.151238755370774314e+01
2.642954100151159480e+01
2.072219355132999752e+01
2.513469425254207223e+01
2.173421246931962614e+01
2.608790175229123065e+01
1.834780243116625087e+01
2.251830656583732093e+01
1.741003109303244756e+01
2.337765724863549721e+01
1.769312914448304852e+01
2.271245377770017626e+01
2.435943626480312929e+01
2.319185393537231832e+01
2.427220875232240616e+01
1.989556761053350442e+01
3.554469548097394949e+01
2.785698216297839025e+01
1.543719223646572125e+01
2.202883855398386359e+01
2.106985549884911180e+01
2.231787057590670642e+01
1.768188049513014093e+01
2.430191125760305937e+01
2.265654994377029752e+01
2.734725086681126882e+01
2.547639354577909998e+01
1.923671053842206291e+01
2.116504980359795951e+01
2.652540487079623333e+01
1.683789076657518891e+01
2.793143777179233922e+01
2.680595226756500438e+01
2.848134429890080099e+01
1.649290281757138743e+01
2.565484236230408044e+01
2.746286207045873695e+01
2.607035286226967941e+01
2.198570623916677746e+01
2.497609980233443494e+01
2.899709059705327974e+01
2.816412903601401396e+01
2.600488828543615583e+01
3.203390709569852390e+01
2.218516778582894133e+01
3.229119413509012304e+01
2.533469684114872678e+01
2.631867015389504871e+01
2.512899306770598429e+01
2.525494626788559316e+01
1.706308623471490549e+01
2.564345863806639869e+01
1.886236074990970479e+01
2.434055973174381649e+01
2.093877339280835415e+01
2.391776198624718219e+01
2.169088794082233207e+01
1.832846887279587023e+01
2.575174972631356951e+01
3.048186068850072061e+01
2.637333010209358974e+01
2.694319993528452883e+01
2.385493124869897841e+01
2.421187297990470100e+01
2.164629809617852985e+01
2.552937211215656887e+01
2.824652721378097198e+01
2.544697904877691741e+01
2.017716454735027654e+01
1.911884925650744194e+01
2.488911553267741539e+01
2.541153707461889155e+01
1.784131732852485897e+01
2.109572252209442311e+01
2.348165484408054837e+01
2.842756681196843971e+01
2.406039462006143381e+01
1.628554450896921679e+01
1.922179622256835785e+01
2.725443058057014412e+01
2.062934027873154719e+01
2.626302253767208583e+01
1.858777709668165912e+01
1.149164304828414807e+01
2.523778719375200197e+01
2.384762719488761462e+01
2.277037064542900424e+01
2.043028277216559374e+01
2.371540837492247888e+01
2.130174181349921980e+01
2.719158793199430590e+01
2.711617363771327405e+01
2.578651596569564219e+01
2.365512172222817000e+01
1.985764032444043892e+01
2.586120376679668098e+01
2.438351464346654751e+01
1.769595937281384934e+01
1.904443566009800293e+01
1.241220630577044837e+01
2.292334307423948303e+01
2.548224777701270938e+01
2.382307263788240803e+01
2.243862523873074721e+01
2.172754202478646590e+01
1.945898535051862410e+01
2.260136717525121242e+01
2.570539350113054056e+01
2.525055195239618300e+01
2.160034833459070214e+01
1.749681885525731673e+01
2.053463291185106598e+01
2.023504724927825649e+01
2.021952677750685368e+01
2.064679090105983050e+01
2.323131491751870570e+01
2.488084066010723205e+01
2.766652452827382191e+01
2.679740675796817584e+01
2.668507533210410543e+01
2.141477279825405589e+01
2.346298540154747059e+01
2.169910322201706165e+01
2.238088037237690386e+01
1.521714096812262973e+01
2.723095810547782492e+01
2.395002038555272250e+01
1.224955759159695390e+01
1.522000002869070379e+01
2.474564424785736350e+01
2.462801077054350074e+01
1.494052283923522673e+01
1.737371471311726623e+01
2.484252508070626675e+01
2.445231262522705151e+01
2.014246818062627042e+01
2.626193746548853625e+01
2.544531344488771296e+01
1.551619087780627204e+01
2.462136085521448692e+01
2.279020706909706107e+01
2.044304841710324538e+01
2.413668520691538077e+01
1.682529073020424448e+01
2.411761369776971264e+01
2.421125192730554687e+01
9.697037209986639539e+00
2.970143547865173517e+01
2.666189450826426821e+01
2.292301092330891166e+01
2.449866941670487464e+01
2.569941554778646875e+01
2.338058732963702724e+01
1.507956252223027249e+01
1.770905726906633149e+01
1.853371958896414995e+01
1.974744433777989627e+01
2.312811786670758352e+01
2.024665739534139419e+01
2.176065683856655752e+01
2.003873334057403355e+01
2.174057486333218847e+01
2.779779794630986345e+01
1.705740853202546958e+01
2.383609303879146424e+01
2.283378652141134424e+01
2.879393429705018548e+01
1.795623226238615544e+01
2.765003542598932640e+01
2.124006246612577087e+01
2.403441436057484637e+01
2.080774705212573394e+01
2.427233766271646331e+01
1.947790202727936659e+01
2.848398371478511848e+01
2.501190838888354762e+01
1.528748926125427410e+01
2.145337197536861495e+01
2.612526061814693890e+01
1.754219349364552727e+01
2.492903555082147093e+01
1.928295456217711035e+01
2.444199282281731911e+01
1.723333387968778396e+01
2.676255276073144884e+01
2.454272995143011116e+01
2.840476809994186524e+01
1.617718540480320755e+01
2.157168219221307126e+01
2.164268565055119709e+01
1.993808303096971812e+01
2.290882744850760844e+01
2.226357471894617035e+01
2.112719335740763427e+01
2.341740400814237688e+01
2.767429520049230263e+01
1.692114951017678237e+01
2.185988437648367366e+01
1.282914301959594816e+01
1.976497164823756592e+01
2.330206021656094961e+01
2.125502864436598216e+01
2.241936638869038845e+01
2.732639523852418861e+01
2.434130020707127429e+01
2.431778040116090267e+01
2.235719921066947080e+01
1.640287445390661958e+01
2.481016068044144163e+01
1.847081810062212170e+01
2.649236666381281680e+01
2.494598963274599512e+01
1.956333131279715332e+01
2.219212039157931571e+01
2.186433310188440160e+01
2.452861823707130640e+01
2.516518639275009406e+01
2.354004736869248759e+01
2.348076905438465900e+01
2.569330893153667006e+01
1.946108895166180730e+01
1.652367310362620856e+01
2.518673541771434543e+01
1.843511541548556565e+01
1.285101232749007316e+01
2.774902501378026898e+01
2.815458846350934152e+01
2.785793140198853379e+01
2.845233183407118105e+01
1.971062407010506945e+01
2.471239838869658101e+01
1.776876452699615072e+01
1.600005316304819658e+01
2.351816838462002934e+01
1.593157638780044749e+01
2.418219364491483248e+01
2.569748959381027831e+01
2.599319949775639316e+01
2.607208186945970851e+01
2.954898562501318438e+01
1.925482553143193343e+01
2.900248889897642002e+01
2.435353407131718484e+01
2.552884602875146314e+01
2.063394822177439636e+01
3.102980306098098495e+01
2.429504191183378481e+01
2.504068928778153591e+01
2.696145195674688821e+01
2.422372396446333198e+01
2.526469305111761088e+01
2.552332950629392982e+01
2.679245546167761560e+01
1.736304757508388263e+01
2.186682978407754163e+01
2.607998854656591092e+01
2.346691942433736600e+01
2.256922535535537833e+01
1.700361977480497089e+01
2.857038590633305120e+01
2.298898112536048899e+01
1.732936079401482843e+01
2.443940227686709221e+01
1.970539689916159531e+01
2.262508144253122211e+01
2.080943816414426806e+01
2.489672481256647529e+01
2.445724698889254256e+01
2.624502809157501559e+01
2.163074022589629664e+01
2.070975660906695026e+01
2.661458253997280110e+01
2.452652232535947263e+01
2.576831931728806069e+01
1.397370728615200797e+01
1.701840476437036642e+01
2.464880455513395674e+01
2.136965684991071868e+01
2.578680572632623225e+01
1.788079232699049115e+01
2.881543461290678110e+01
2.204462528985218484e+01
1.641123503172966380e+01
2.069608835158425464e+01
2.381773978016628845e+01
1.972115444552243702e+01
2.517190513277378017e+01
3.545559156117457178e+01
3.065820151632136614e+01
2.669490510676548212e+01
2.460089749317787167e+01
1.689386157247528786e+01
2.414332923432006339e+01
1.847543353795206400e+01
2.219976306734162463e+01
2.308561082883696258e+01
2.219232628597105972e+01
1.765482842365447524e+01
2.509317431731013670e+01
2.434076590490157699e+01
2.540638299832249558e+01
2.653294673047908248e+01
2.526238775398745773e+01
2.213247400729677139e+01
2.191921820889378481e+01
2.221300265851086664e+01
2.591596783958550532e+01
2.342110302402014810e+01
1.798487457911697973e+01
2.649917708063247090e+01
1.483055263242670030e+01
2.817227285542134396e+01
2.456722016732553726e+01
2.438272147831564851e+01
2.418917743512506036e+01
1.930127193198667612e+01
2.353598323446212248e+01
2.484718608868719514e+01
2.768019666347709773e+01
2.310610681546307887e+01
2.030869761702179588e+01
1.743364046405394063e+01
3.308041623606719384e+01
2.769027816349177940e+01
2.621963681154983661e+01
2.058631902737299768e+01
2.307297020986957747e+01
2.458788508910014059e+01
1.974129582688633988e+01
2.543414009000697362e+01
3.524428417443549222e+01
2.376500613778659599e+01
2.115515791771650100e+01
2.427518803189725816e+01
2.060797290565824724e+01
1.857599532311529344e+01
2.501128257678584887e+01
1.535794809491935453e+01
2.737915379270659244e+01
2.820635153004045037e+01
2.587873471569795569e+01
2.474319289574171066e+01
2.047024725680828539e+01
1.933333001108226412e+01
2.800129484421242054e+01
2.118991982966366550e+01
1.975883754172233608e+01
2.544173675145145808e+01
2.275489936026707483e+01
2.192659499820130620e+01
2.263678978862065350e+01
2.465574502843310256e+01
1.916434163009241587e+01
2.226903742184304136e+01
2.539124443168246259e+01
3.182718043158812193e+01
2.420146482301862534e+01
2.718075522505017361e+01
2.549589510292861050e+01
2.400332627738519875e+01
2.438860968289726827e+01
1.694537097907433676e+01
2.787208092861836661e+01
2.588646382391184630e+01
1.495590992061325686e+01
2.238830899493028426e+01
2.215335048492675440e+01
1.944036216909426074e+01
2.378651003252090135e+01
1.331587060970632486e+01
2.562034676112000042e+01
2.424763335347628512e+01
2.505873933866067205e+01
1.764538135388718132e+01
1.706791626582063159e+01
2.435431211559113507e+01
2.025134715507633487e+01
2.675840044611751267e+01
2.522180488606383264e+01
1.859024331376294725e+01
2.084204234047369653e+01
2.471685432031913265e+01
2.367890863540363711e+01
2.419437524574984977e+01
1.492603371783916621e+01
2.207763688012783376e+01
2.328983464284484128e+01
2.112248661721607590e+01
2.402792496768960007e+01
2.128517856825553167e+01
2.423009052430347054e+01
1.822769535033151200e+01
2.518360986918172273e+01
2.112127418387042255e+01
2.009059269103792644e+01
2.083255200684875419e+01
3.731145394316660457e+01
2.490594826662095684e+01
2.424125812504396293e+01
1.688123827476133698e+01
2.380593115554498240e+01
1.991400584247675098e+01
2.165168050214080608e+01
1.913260567515525068e+01
2.053598458480627542e+01
2.600854862970237136e+01
3.105951215274775734e+01
2.207778031391875118e+01
2.508821750958689023e+01
2.507942060034910980e+01
2.014318885368601642e+01
2.667434146850988341e+01
2.164021983963869289e+01
1.723986124718758006e+01
2.154837170835494575e+01
1.905861052136943812e+01
2.389410527086112523e+01
2.640126353205710785e+01
2.549519468858988702e+01
1.948696262872043761e+01
1.984242509074933025e+01
2.715001375389785920e+01
2.196523570950024862e+01
2.276881531622781907e+01
1.894260542083530652e+01
2.289858715985045379e+01
2.285384737699553170e+01
2.252098523400904995e+01
2.035878720391344032e+01
1.639889086336001611e+01
2.339649479989350311e+01
2.119394313700140131e+01
1.808731199833009029e+01
2.007634023469452345e+01
2.058144125519412526e+01
2.664813040511192455e+01
2.298420835608648716e+01
2.288453436042978950e+01
2.465115493534207047e+01
2.299181761505520427e+01
2.517040287605439630e+01
2.331687010764622769e+01
2.796796397512370902e+01
2.152436849870423430e+01
2.364206854555711601e+01
1.651281988457126815e+01
1.772077340447958704e+01
2.838567702592772335e+01
2.299359005264299327e+01
2.698192559799464618e+01
2.327670749973649933e+01
2.366297530526160742e+01
2.397300413772813954e+01
2.662098338531188801e+01
3.308727774842761704e+01
2.688912177418205474e+01
1.467265582250075262e+01
2.487143653033614044e+01
2.763184092476768683e+01
1.566533204129856038e+01
1.756495061470861785e+01
2.603647216343798476e+01
2.631525373786720579e+01
2.609868379056018384e+01
2.474405053389383724e+01
2.523253188087101151e+01
2.621515004694348505e+01
2.378115963543316269e+01
1.834005659469331206e+01
2.529331349726557221e+01
2.227546091776678949e+01
2.935209154713117030e+01
1.385891706298644444e+01
1.467404132937178574e+01
1.955377961126360020e+01
2.916423283941937328e+01
1.822054816052989779e+01
2.625443825276509102e+01
2.404370894768808142e+01
2.609266262695734184e+01
1.517442708649579508e+01
2.565096275073097232e+01
2.137205494451622911e+01
2.219530406268206235e+01
2.439830310938238966e+01
2.455961469630680583e+01
1.798583309870562985e+01
2.507694042404957813e+01
2.216358651880240771e+01
2.220144771133223571e+01
2.107697851531910160e+01
1.769624787584544734e+01
2.607646936226491974e+01
1.820686744135169377e+01
2.335053854579567556e+01
2.660367871594257494e+01
2.786646685750856989e+01
1.638756824735224527e+01
2.598177611107456286e+01
1.952373925146489952e+01
2.190562056116323930e+01
2.345175831099011532e+01
1.916756973654428009e+01
2.747493647916553883e+01
2.053693011780717015e+01
2.738127293908270588e+01
2.786747072248569168e+01
2.422222105504656042e+01
2.791059925217832927e+01
2.548120528979055521e+01
2.290019266450568480e+01
2.206148735855636289e+01
2.844720798524299354e+01
2.616783966750714185e+01
1.993585169898329923e+01
2.823087888892882802e+01
2.084969629594857565e+01
2.845713372319766776e+01
2.066186055377109199e+01
2.135296529442956981e+01
1.664914619967942144e+01
2.698449637128575063e+01
1.684092534383912820e+01
2.576054635079744770e+01
2.349789167871319151e+01
3.016755436954110436e+01
2.200476225787656759e+01
2.321772420863554842e+01
2.037574213136969803e+01
1.680237067860476330e+01
1.712036065614656266e+01
2.671807280903530568e+01
1.899153363459979715e+01
2.430546682770818023e+01
1.945365673283932750e+01
2.558952884413752926e+01
2.723803693719572649e+01
1.882978968422571953e+01
2.444809972669127163e+01
2.469063802370608585e+01
2.498610217841115855e+01
2.683147043260959208e+01
2.603059284636254134e+01
2.746275227160343491e+01
2.762235613074740570e+01
2.220323601941822034e+01
2.815163542755437831e+01
1.607935661345150891e+01
2.738999488946199179e+01
2.182909443954823558e+01
1.680393052515130847e+01
2.081658804224412407e+01
2.270985473470218707e+01
2.608930266253685204e+01
2.377766036092549484e+01
2.668585225090001600e+01
2.313488994695112666e+01
1.691728618097836900e+01
1.912237041250373437e+01
1.510499161053555106e+01
1.770174936608190919e+01
2.445599445363249558e+01
2.213595195748124311e+01
2.696118095989274366e+01
2.453534892763849840e+01
2.306065491011159807e+01
3.038098886212667082e+01
2.335079772550292532e+01
2.360937158379069345e+01
3.722605616688513663e+01
1.671502215832886051e+01
2.492138282737859356e+01
2.373025219150931520e+01
2.389395301056952547e+01
2.184956816375607147e+01
1.592095083667702937e+01
2.564267960024459470e+01
2.111495808126068141e+01
2.330259393901452469e+01
2.198667939505775948e+01
2.572275233916109016e+01
2.147326381518991312e+01
2.663104241501034508e+01
1.604223815424822064e+01
2.554718641775085075e+01
2.147686766711088779e+01
2.440755286290891490e+01
2.561472995039319756e+01
2.288121309077361687e+01
2.111393384770615356e+01
2.693666136916046838e+01
2.136852576122163327e+01
1.777782399388942380e+01
2.199336745897785761e+01
1.577995199732261078e+01
2.576283371855061333e+01
2.608139913155622835e+01
2.550860197133500051e+01
1.783639279189127791e+01
2.246742844938373551e+01
3.022745509884252257e+01
3.076292610883486134e+01
2.133727652911353445e+01
3.334196173411832831e+01
2.907749841571247629e+01
2.480028991236223135e+01
2.106530394501024972e+01
2.497932983185425115e+01
2.012304696817137639e+01
2.301052996404457929e+01
2.170393838967033773e+01
1.656476225605820574e+01
9.536434199913989218e+00
2.715900294444110230e+01
1.697584904407379369e+01
2.340954834361388137e+01
2.269970313647184668e+01
2.445898745501145299e+01
2.250896303586834080e+01
2.780514337390241053e+01
2.220031611941935878e+01
2.307106649766553375e+01
1.026532151006629334e+01
2.647351899820872134e+01
2.391146443945930855e+01
2.476819718971957229e+01
2.130442807643470005e+01
2.824466526460046722e+01
1.669719130741749780e+01
2.070204816997820174e+01
2.363568658793684207e+01
2.581042769993885955e+01
2.673538412580979795e+01
2.599029689325620041e+01
1.937327312151662539e+01
2.520692816328401520e+01
2.670428186882161015e+01
2.450396686208785724e+01
1.165075004300197037e+01
3.145987529726740917e+01
2.713609477190902552e+01
2.851756489775230818e+01
2.753959027670397575e+01
2.276784052414791049e+01
2.324885303424661132e+01
2.336805283040305881e+01
2.343218683705578798e+01
2.585230331893193423e+01
2.453742196123198838e+01
2.533882659489493960e+01
2.664803466272957522e+01
2.733537379894653441e+01
1.856244726326301375e+01
2.513029149528180994e+01
2.731053143362663249e+01
1.937977544147439701e+01
2.604044123798242083e+01
2.238818542362571051e+01
2.390828880120461264e+01
2.232473541111430748e+01
2.668335299647942804e+01
2.418681090529208788e+01
1.857671609075024932e+01
2.459387205169014834e+01
2.615437270147894111e+01
2.784594490893460161e+01
2.143370524892593210e+01
1.922009751265651545e+01
2.069769182076083780e+01
1.693832237722396883e+01
2.423544941937187858e+01
1.908364946811613194e+01
2.845607899100926730e+01
2.566534369686792161e+01
2.662686141656272198e+01
1.959149272721557011e+01
2.783968551190617902e+01
