4.017667788960108766e+01
4.186341070493693906e+01
4.411546473911326416e+01
3.928375061334568130e+01
3.918665195001413082e+01
3.938196082663114339e+01
4.474255761093754558e+01
4.292316905294719476e+01
3.681750169540658391e+01
4.124701485877120888e+01
4.308286727448501097e+01
4.174887121646496269e+01
4.109875073136598189e+01
4.535907717882626855e+01
4.047438472565119838e+01
4.529645708451892006e+01
4.017585564514781993e+01
4.242634384722599350e+01
4.282307178080409926e+01
4.007333388731161961e+01
4.087751561032198566e+01
3.953139587037145475e+01
4.167391156050452850e+01
4.018686664659734475e+01
4.300027832813603368e+01
4.203907662927240096e+01
4.332857136297063505e+01
4.305653214555094621e+01
4.457761179768677806e+01
4.293246556457989982e+01
4.253735773729877678e+01
3.376543969806521517e+01
4.360156607782558069e+01
3.854224082004047602e+01
3.859591192529551762e+01
3.017724003448094194e+01
3.483590511599890505e+01
4.541436944120000874e+01
4.083224125267124549e+01
4.077721394703845448e+01
3.833787392576535780e+01
3.984078309889530800e+01
4.283715336337269974e+01
3.999363727812612268e+01
4.110811949420337896e+01
4.269070269965758513e+01
4.229805294682483918e+01
4.277152178814821326e+01
4.239418332829977487e+01
4.228636161991507691e+01
3.647452563696568717e+01
4.092244174925967570e+01
3.343489153753078824e+01
4.226417921350137874e+01
4.133789176086817463e+01
3.807054090186624506e+01
4.179297067117233411e+01
4.109369713687660663e+01
4.295436715144421669e+01
3.711151323890207010e+01
4.297867676722120223e+01
4.277000790768855154e+01
4.754457562768419621e+01
4.224765111275441143e+01
4.122252859599185371e+01
4.169613696349383503e+01
4.204609288357057295e+01
4.476204986520523477e+01
3.942024088004241378e+01
4.249681479455602329e+01
3.694495291455481834e+01
4.117247824658929289e+01
4.369066028008580815e+01
3.996687201021051550e+01
4.149680318600452722e+01
4.420301490223626217e+01
4.185326739777588045e+01
4.354591199359555986e+01
4.329343348060778141e+01
4.316648929943703905e+01
4.247853972846203163e+01
4.449243845196232172e+01
4.318025753612887740e+01
4.062512458094430912e+01
4.144936172244357664e+01
4.327791061581629606e+01
3.143105036020278931e+01
4.259954878789793042e+01
4.042330826472158378e+01
4.057670616185573209e+01
2.421735278599047092e+01
3.000175602078223136e+01
2.584703754631206252e+01
4.488527578978028743e+01
3.827231300484896792e+01
4.198806529240210494e+01
3.404958185415850380e+01
4.571823257911573535e+01
3.925378780906731180e+01
4.544485571714613314e+01
4.436056899925162611e+01
3.485723635090245409e+01
4.459302565575254107e+01
4.438598177990730420e+01
3.988563470508601938e+01
3.236845648939078757e+01
4.434796114083957264e+01
2.949398428201377342e+01
4.759440564472313895e+01
3.522745451068851708e+01
4.315079835946053066e+01
4.213453243134414805e+01
4.184893230494648009e+01
3.771428042941718672e+01
4.303936201490477487e+01
3.756398399906976948e+01
3.686783192321436076e+01
4.353079928990506886e+01
4.385035008375663068e+01
3.475049383665147218e+01
3.493016152283420439e+01
4.304129170018299533e+01
4.289097072214934059e+01
4.100931818067508772e+01
2.698264644865823314e+01
4.131167640548274989e+01
3.714271141786147723e+01
4.316822159968980799e+01
4.152929136294736168e+01
3.598510951854393625e+01
4.186615233088578947e+01
4.267650033041934421e+01
4.461396467896720708e+01
3.987593096199304199e+01
2.467511849162733384e+01
4.321693194673137128e+01
4.031443606306760330e+01
4.378779180052698194e+01
4.108441425784073431e+01
4.179781436755342838e+01
4.137427725410960022e+01
2.538087040831511132e+01
4.186120044788380312e+01
4.106796538959158482e+01
4.028945835369421502e+01
4.007220170771268641e+01
3.932499186616383469e+01
4.125887586445984567e+01
4.273663728587841604e+01
4.224113376183036905e+01
4.055006465731602816e+01
4.390609694369519644e+01
3.762439068739671200e+01
4.299488578007893125e+01
3.936979349360058933e+01
2.750353208112709424e+01
4.020899805105594282e+01
3.879005321025764630e+01
4.255990940619437879e+01
4.386833276510453317e+01
4.615914774811056986e+01
3.872312232201928595e+01
3.987519669872555994e+01
4.273917011440497760e+01
4.006631684247249581e+01
4.141413851753689102e+01
4.086846088345843242e+01
3.474236380311176475e+01
4.122612249733197842e+01
3.911392553824402540e+01
4.312463486637219034e+01
4.289546963382940703e+01
4.149303627837084463e+01
4.180213264700281428e+01
3.459211360451483586e+01
4.339795409664712622e+01
3.407383493306410571e+01
3.962532715865857114e+01
3.674785305214638953e+01
4.181435055067294115e+01
4.288888491000314929e+01
3.968805920828258138e+01
3.757431192774929229e+01
4.283778117366559002e+01
4.413462299017300694e+01
4.154695426967992944e+01
3.224626018059696264e+01
3.998274295606521633e+01
3.533474799641931696e+01
4.289790978914189878e+01
3.924823468110778180e+01
4.239290599290258399e+01
4.244561517481231760e+01
4.129986954614309980e+01
4.648290694859733918e+01
4.086461038695703962e+01
4.416939731170111116e+01
4.367067768954017026e+01
4.574497123391213904e+01
4.411841901533543364e+01
3.768289630846007299e+01
4.194654043334306692e+01
3.935618888606356336e+01
4.225702576162350255e+01
4.050814899207890107e+01
3.823328487883092208e+01
4.168100328027087187e+01
3.951425887153844485e+01
4.341070424235037706e+01
4.472074405225303906e+01
3.846282782063375549e+01
4.659820076767498875e+01
4.386115685777433271e+01
3.954096233664137117e+01
4.303065447286196132e+01
3.906662181293395975e+01
4.060724364984260859e+01
4.012137894022582429e+01
3.235847554878719023e+01
3.941327434682538211e+01
3.721376439368371081e+01
4.554875809092535377e+01
4.095288104604859569e+01
4.090658191650888398e+01
3.961945765336962921e+01
4.064859361220973000e+01
4.409573096035122575e+01
3.446257703486877944e+01
4.372970435297516900e+01
4.528098534487976679e+01
3.423152517153806684e+01
3.313515581856883330e+01
3.307888650536799702e+01
4.550746609783372776e+01
4.211551010825059649e+01
4.035125997019643762e+01
4.192960339620395160e+01
4.364485905888510331e+01
4.303496939743837402e+01
4.467195836768852502e+01
4.351102347844707197e+01
4.135669958111297717e+01
4.371726684999389789e+01
4.505949856747280791e+01
3.904362473897736407e+01
2.875335266930435196e+01
4.370032820624165026e+01
4.095055142767799339e+01
4.013915762915075902e+01
2.583717131856107940e+01
4.688296093261412523e+01
3.885787441754879978e+01
3.531964090822374658e+01
4.143588660137451996e+01
4.006376959450102504e+01
4.233526287773976549e+01
4.458801497020522220e+01
3.474143744579659909e+01
4.212685500578780307e+01
3.801781598258369144e+01
4.324260005615677471e+01
4.611752222257681666e+01
4.238865300419867310e+01
3.779065724277403149e+01
4.323971921783445538e+01
4.395684364087844642e+01
3.894578084703719156e+01
3.961620821056812503e+01
4.350548365141692386e+01
4.271709308384394177e+01
4.272592476058607502e+01
4.020311063454441580e+01
4.016910487510273953e+01
4.341040845788327829e+01
4.156055262869912781e+01
4.122682248957396212e+01
4.348105601008885657e+01
2.788250310812452781e+01
4.386945889344011817e+01
4.232998598493723108e+01
3.701805583948921452e+01
4.228609463013354741e+01
3.950992327221263167e+01
3.998346272622398345e+01
4.058088494752190201e+01
4.299254150572258482e+01
4.401685202690718057e+01
4.262668578617751081e+01
4.197974928652290316e+01
4.671472584371483805e+01
4.141421946695427891e+01
3.885246981096358354e+01
3.471788832797731317e+01
4.506855543998732827e+01
4.203379312589509453e+01
4.282999127015064289e+01
4.290849936339590442e+01
4.332786408408020407e+01
2.923281949734387197e+01
4.369760308250842940e+01
3.852481020962444802e+01
2.834812189635485069e+01
3.392212709787190050e+01
3.660982996157400748e+01
3.971919140507905865e+01
3.060915361655832712e+01
4.298785636945478217e+01
3.541294825697602988e+01
4.360860771969660021e+01
3.613570303928078431e+01
2.848260986877389200e+01
3.748544253069873378e+01
4.084936939366329511e+01
4.157719365025189262e+01
4.718088531905155492e+01
2.984746318849900604e+01
3.094203220456704528e+01
4.260288399384312186e+01
4.191613545944087349e+01
4.176651455090456011e+01
4.158719355801436990e+01
4.347542977474346060e+01
4.209567761164579736e+01
4.242060846975534361e+01
4.501517673990692714e+01
4.380475324106188140e+01
4.121099988649888246e+01
4.214871921592300197e+01
4.396870300714725488e+01
4.059936877819571066e+01
3.625104166281343510e+01
4.274481161438723831e+01
4.265702969888256035e+01
3.961216034475464198e+01
4.535505575177395343e+01
4.445711387357827249e+01
3.578014737378359911e+01
3.613392269965147818e+01
4.079987134599592480e+01
4.098060855069140729e+01
3.368304105530871340e+01
2.830017523655165235e+01
3.484522549260650948e+01
3.850876743546520942e+01
4.123321588210897914e+01
4.437686001490575904e+01
2.582025611965712741e+01
4.215342264946359307e+01
3.996593759161005721e+01
4.469863929046262285e+01
2.064537860190991125e+01
4.166762146029142144e+01
4.485764538606937890e+01
4.227731438623582250e+01
3.634524149824194694e+01
3.925467167260742229e+01
4.376048432452844139e+01
3.975640297960145375e+01
4.339641280201795581e+01
4.776695809519068092e+01
4.071744988440978830e+01
4.242892001488647935e+01
4.381605609209731256e+01
4.048216712926075189e+01
4.373370685107601474e+01
3.492213194039907620e+01
3.719042334769150671e+01
4.231119094925685431e+01
3.779417639997008393e+01
4.240966889535812356e+01
4.014417261485219512e+01
4.200389469397736519e+01
3.149773435542757127e+01
4.082547663338650068e+01
3.782763416810755075e+01
4.279238367654142650e+01
3.343079360354148122e+01
4.063352976963393104e+01
3.357224472284507755e+01
4.320819173597529073e+01
2.547760899437524174e+01
4.078545978038546593e+01
3.106194090416686748e+01
4.051325295204603094e+01
3.751809199918137949e+01
4.344749943626047184e+01
3.719399071367445941e+01
4.609324728094502888e+01
3.996670612066325390e+01
3.660136050892563020e+01
4.272206074689099609e+01
4.029160400782481588e+01
4.284134067722124684e+01
4.304378140485039950e+01
4.507288796635958761e+01
3.973262583865190578e+01
4.348831480921226955e+01
4.408131155692669267e+01
4.502848507285547441e+01
4.317757432928608807e+01
4.524389043335605010e+01
4.192016033224849991e+01
4.240928449598487759e+01
4.134242202541997102e+01
3.497206809222310397e+01
4.055233326925374371e+01
4.165096440803993971e+01
4.327155177818737997e+01
4.536014559696896242e+01
4.383777886777534860e+01
4.785123596930637291e+01
3.942494400439768754e+01
4.143358155540471444e+01
4.097115199989301715e+01
4.025254859454525302e+01
4.112390628156632033e+01
2.928898568180921558e+01
4.068714390701801165e+01
4.262057823011583935e+01
4.300731406044108951e+01
3.940191300837012989e+01
4.608872522008229566e+01
4.131217873628490622e+01
4.185214883449113898e+01
4.044481518229480344e+01
4.683568546057033899e+01
3.963904412292411195e+01
3.680037607572558045e+01
4.602565148437019360e+01
2.827062773808847496e+01
4.096325605995643571e+01
4.010391138298342639e+01
3.180081752684488450e+01
4.029454307267517521e+01
3.929103672516048817e+01
3.297696001976594005e+01
4.247545807246434890e+01
4.327349394267470473e+01
4.382228253295819798e+01
3.790669984894521605e+01
3.309158394990986096e+01
4.327203987480843494e+01
4.074572303934101569e+01
4.166739779187984993e+01
4.384897179401318112e+01
4.342597308086983787e+01
4.388577588093747295e+01
3.925448195854000488e+01
4.785711745806176509e+01
4.092275226690230738e+01
3.484658738785367404e+01
4.272950107626395777e+01
3.870522518942851775e+01
2.453132270766396772e+01
3.521323400433629303e+01
3.757860320968048029e+01
4.017954399007739141e+01
4.230934315786646494e+01
3.917971232360882539e+01
3.937881720596902824e+01
4.052039947811335452e+01
4.232353869337465113e+01
3.261176921466145728e+01
4.175525589495173051e+01
2.797436022683374546e+01
4.465518254202620341e+01
4.331019802871543334e+01
4.128339190989008500e+01
3.044237106332112219e+01
3.949160765881466517e+01
4.005675106972130806e+01
4.303765436850174808e+01
4.251536697155535904e+01
4.001948543114237111e+01
4.138075949413941856e+01
3.201903419426851372e+01
4.060518725180175181e+01
4.280628129632452072e+01
4.142641748105696564e+01
3.757590417995346854e+01
4.339020029464439432e+01
4.098530745373950879e+01
4.443116738029284107e+01
4.174121595230480608e+01
4.152675859871978048e+01
4.560773756323975192e+01
2.947412758764594543e+01
3.920452239896335556e+01
4.487285338174236671e+01
4.173357855527922311e+01
4.088113811258340036e+01
4.341221522858100457e+01
4.010312780346234973e+01
2.549852111721017422e+01
4.034269302951978631e+01
3.849810048886532599e+01
4.111941949879065561e+01
4.122140479438339611e+01
4.122739913918660193e+01
4.151678257774968017e+01
3.620789243443177696e+01
4.096874524755637026e+01
3.693392536180628838e+01
4.081304622841293650e+01
4.032876476072015492e+01
3.926509570700786611e+01
4.375146322353373307e+01
4.297359920928616361e+01
3.467805069865304546e+01
3.786621481790007238e+01
4.147186858406757182e+01
4.292560354486168706e+01
4.494197880941899115e+01
3.159477246637725401e+01
3.695236679782854594e+01
4.342763550624702873e+01
4.388306497212219170e+01
4.271756575495103192e+01
4.161017306493704382e+01
4.243876605931193069e+01
4.198133719159682187e+01
4.065093732538885263e+01
3.998896176675365410e+01
4.217269794489875068e+01
4.711172119424109184e+01
3.914727556782074203e+01
4.203129443548621680e+01
3.025761495312579541e+01
3.780972635365984758e+01
4.097215740892490743e+01
4.578144442317712048e+01
4.482220539982372287e+01
4.189101038772602692e+01
4.391666990714390550e+01
4.224325051747544535e+01
3.988578507712226440e+01
4.199168728400628936e+01
4.220838144207873199e+01
3.635716207637967301e+01
4.160636888960204516e+01
4.275324476159254061e+01
4.148171167921061198e+01
3.799128786847703054e+01
4.284455096395877405e+01
4.432703206210461389e+01
4.349725343901725694e+01
4.117685756117704443e+01
3.886690144787038292e+01
3.160227368294995998e+01
4.386606781198830873e+01
3.598944134823810259e+01
4.270522606700989598e+01
4.208283784638310721e+01
4.298985917309615701e+01
4.322557260424676429e+01
2.944898044333682918e+01
4.474346344049113355e+01
4.520875569395941085e+01
3.813217033516920651e+01
4.192604850944501038e+01
4.259110257985389580e+01
4.347677862155984485e+01
4.039594581883267921e+01
4.205173339105412822e+01
3.504091108538279542e+01
3.726531266170044177e+01
3.884074967916291854e+01
4.389355329536583383e+01
4.048276728603563157e+01
4.315052104822479606e+01
4.194024550960366327e+01
4.482762464483638354e+01
4.409629461559394059e+01
4.248606084892363555e+01
3.263448078930228746e+01
4.028488611696612764e+01
4.221757905755249141e+01
2.824502097432202419e+01
4.408546617790477029e+01
4.121560746728807345e+01
4.317097006789003899e+01
3.816006118329194408e+01
4.083855810613021475e+01
3.920754207811518910e+01
4.252409728621170615e+01
3.791444944948515428e+01
4.017491573283691508e+01
4.112084872393992185e+01
4.057226090654931738e+01
4.343138646123910007e+01
4.276325941174336975e+01
4.212574043312017125e+01
3.946729942874582520e+01
4.123656533692035708e+01
4.111076645630159021e+01
3.010683311369851012e+01
2.726541027259511907e+01
3.735636844312755045e+01
4.532244513084059179e+01
4.289535516315382324e+01
2.422116306975837219e+01
4.096935331422944415e+01
4.270449591840323222e+01
4.353477780231953886e+01
4.144720069398366746e+01
4.516410142264373917e+01
3.930398418968862728e+01
4.159770458971563301e+01
4.015646388644825748e+01
2.842283511355538650e+01
4.286659092214456024e+01
2.892709842251829855e+01
4.026145854890078368e+01
4.473969272070853975e+01
3.833257474720698355e+01
4.112149005349200337e+01
3.073276766314424435e+01
3.884929372076511811e+01
3.913931827128666896e+01
4.286911914739409468e+01
4.028295576572418213e+01
4.546248980875563461e+01
4.375623578727633145e+01
3.988536182798818430e+01
3.787833638013702853e+01
4.015389528978775502e+01
4.136772951744821114e+01
4.008556687181228995e+01
2.886808740512372751e+01
4.017130660270974829e+01
3.987815622976570751e+01
4.314554269819727494e+01
4.170113247345955187e+01
4.189627693922105323e+01
4.588707533376802417e+01
4.634650779262532438e+01
3.832588319429601142e+01
3.885597221506382226e+01
4.368601192970766789e+01
4.150148829777534587e+01
4.026502975247444738e+01
3.879294634938943176e+01
4.332945880856570398e+01
3.911287259958078977e+01
2.978542620026775722e+01
4.092463253398980783e+01
2.800978748438203070e+01
4.097857381853357595e+01
4.199006658644959344e+01
4.324445875057435984e+01
4.050236479561738179e+01
2.984756860935171829e+01
3.250046996964384505e+01
4.027126711480008936e+01
3.667851288669859855e+01
4.304809733304288955e+01
4.101664380080784156e+01
3.038468402627408693e+01
4.057751339008741809e+01
4.662618951634927100e+01
4.302182907110775290e+01
4.172502993442306973e+01
3.396327804779634363e+01
3.622692438174705387e+01
4.097786840735071934e+01
3.860137996394963977e+01
4.447398221733594426e+01
4.278270262050883588e+01
4.379221392372916455e+01
4.089685226795804596e+01
4.234257815669317182e+01
3.872402331521539764e+01
3.218871909414831123e+01
3.356733510014426258e+01
4.195792927922862958e+01
3.903503571808820993e+01
2.856463224499007936e+01
3.420916835512920784e+01
3.846267979119894420e+01
4.030984569101086379e+01
4.343162648870249143e+01
4.074628965053656771e+01
4.336918302273044645e+01
4.063849940830462515e+01
4.290127122129472781e+01
4.105251945419745141e+01
3.765033906821621201e+01
3.831389757962820397e+01
3.387084085833836866e+01
4.507715666771876784e+01
4.177638275946828372e+01
4.095751259275431266e+01
4.569956487408279600e+01
4.377617023903282245e+01
4.155326631284616212e+01
4.117626051583437174e+01
4.420688248065152237e+01
4.059959125593908169e+01
3.985733826508974431e+01
4.490860696209229275e+01
3.967055629486321777e+01
4.281711496478474999e+01
3.854956174593637286e+01
4.374288199149449952e+01
4.057963293307971497e+01
4.007362290001687910e+01
4.226381118934933312e+01
3.029394525581329489e+01
4.382511430672078490e+01
4.223564202236895682e+01
3.932057543271946543e+01
4.271301418190563481e+01
3.231777731880377047e+01
4.091423961587852887e+01
4.089963013683930626e+01
4.216621204942438084e+01
2.901895068705242764e+01
3.528401893963574310e+01
4.074638835104456547e+01
4.437302422909775146e+01
4.293081869923098992e+01
3.977991521164457822e+01
4.002027864184173467e+01
4.170066640567858229e+01
3.998406043792977727e+01
3.966788122074009948e+01
4.039007549669959474e+01
3.690247508271871624e+01
4.457760344500696448e+01
3.502382768980740479e+01
3.589441220200780691e+01
4.220596856530970342e+01
4.322108847217293004e+01
4.223031347370383770e+01
4.056021814006115989e+01
4.521736849979324546e+01
3.842268145651576106e+01
4.683854817089908806e+01
4.663897443566397527e+01
3.831360199860613847e+01
3.804711789605986638e+01
4.120553526260850674e+01
4.352831984050024516e+01
3.537822521867567360e+01
4.122999101255771848e+01
4.159615022663844286e+01
2.789287704450808292e+01
2.373689782171502571e+01
3.588788516966268105e+01
3.254205487640646055e+01
3.794672946558140580e+01
2.646777143353449802e+01
4.014895888855426875e+01
4.433905023312268412e+01
4.262482109868546587e+01
4.213739181562761615e+01
4.074154611908146251e+01
3.195988797478907628e+01
4.474153053084246068e+01
3.605273982316794701e+01
2.638565151717248014e+01
3.924894786403827140e+01
4.112683699331661558e+01
4.015277982647209853e+01
4.308922510459335342e+01
4.354466982032491984e+01
4.286456861527803852e+01
4.514574817275450158e+01
3.911147317365415432e+01
3.798371090144679130e+01
3.956971870590322027e+01
4.127605266653724669e+01
4.362929574024416013e+01
3.777804830398234515e+01
3.967679058734995579e+01
3.960481151011791212e+01
4.209987990400030355e+01
4.062605617057443652e+01
4.134933926294011997e+01
3.796349431577176148e+01
4.232238986526671454e+01
4.295764284316200587e+01
3.747036054895238522e+01
4.487718331459725363e+01
4.176698242617149504e+01
4.227394923085522294e+01
3.612041007833119011e+01
2.727023485206057885e+01
4.017713141670250110e+01
4.175184568646538708e+01
4.238542789966240321e+01
4.151201273550247350e+01
3.438583646768486091e+01
4.289339299832466423e+01
3.937197364149766798e+01
4.361023721498290939e+01
4.373796141924637482e+01
4.459102854153515949e+01
3.950440557093152449e+01
4.408273461876851229e+01
3.850895516666331986e+01
2.913798239518373023e+01
3.608000145504887257e+01
4.283855801945043140e+01
4.302406997616105855e+01
3.780376083947548693e+01
4.254279217881337871e+01
3.421264074594512294e+01
3.972067752450999478e+01
3.662445161036281860e+01
4.314743139517523218e+01
3.690461507032770783e+01
3.950645663281871833e+01
3.883562646443956368e+01
4.101806080413766153e+01
4.224052039463885677e+01
4.288888319953046846e+01
4.162901417206306576e+01
3.684015485180272265e+01
4.364687955929393581e+01
4.165491650710225713e+01
3.703188656252471844e+01
3.449564016769321029e+01
3.486652494238393274e+01
4.124787031876372367e+01
3.959305431178086110e+01
3.926407455933942003e+01
4.216537677863202305e+01
4.131999880321348684e+01
2.185149248703049096e+01
3.985262755757987918e+01
4.289228458921186160e+01
4.186575249988253944e+01
4.315729318582567231e+01
4.335856627528578855e+01
4.290156643029594363e+01
4.529931737104765688e+01
3.708703445188282899e+01
4.298163525371661819e+01
3.950333306375760145e+01
4.231998187613816498e+01
4.193759710913730032e+01
2.206691562991724709e+01
3.901056960335086643e+01
3.944284718555442737e+01
4.175154607442215138e+01
3.841192173043099700e+01
4.096541532783797379e+01
4.519903815985143325e+01
4.381129060080736082e+01
4.271658776716144246e+01
3.467346549850486070e+01
4.239868426025181947e+01
4.206066425521560603e+01
4.120824784612712932e+01
4.779562702598256152e+01
3.163163698549949743e+01
3.893948213070711262e+01
4.326117377217882165e+01
4.418342522488306656e+01
3.923369055643047432e+01
4.062056459309888368e+01
3.246090984405284985e+01
4.340151064666715541e+01
4.627253580335998606e+01
4.170202764945931762e+01
4.082228369035474458e+01
4.236944436530719571e+01
3.944213447496048985e+01
3.883759179855599797e+01
3.816027726729711134e+01
4.413812235676416407e+01
3.779997437088081114e+01
3.758966515591257007e+01
4.252434579754891786e+01
3.024264120901807829e+01
3.448847060063348380e+01
3.341533637360961961e+01
4.456736171772234911e+01
3.421850727569915307e+01
4.055657346054117340e+01
3.813341470218763618e+01
4.427946656590962959e+01
3.257904577873411256e+01
4.379601429178841698e+01
4.093152177545747605e+01
3.123736251075931492e+01
4.433890004226691417e+01
3.954105090612422657e+01
4.325796972201316493e+01
3.660324891279823589e+01
4.119196262663275832e+01
3.914573631408584475e+01
3.621480013667517994e+01
4.166764980931915829e+01
4.440848708700592340e+01
4.457934763655923405e+01
4.059497454060245758e+01
3.900116574906422784e+01
4.333560135731376306e+01
4.173395436068977915e+01
2.499761621920344012e+01
2.796247191375309882e+01
4.074573307666125999e+01
3.959420197081751525e+01
4.544702470431042940e+01
4.179666069433121578e+01
4.420856701061003236e+01
3.963300653401524443e+01
3.844625460999299804e+01
4.084257709371088652e+01
4.181824772248435806e+01
3.584617793533799102e+01
2.301219012619185378e+01
4.059326366131956121e+01
3.659516943435762215e+01
3.720158879031048826e+01
4.241395896397801835e+01
3.879314355690343774e+01
4.322808312238043982e+01
4.259409063251236205e+01
3.760363468452684543e+01
4.287375999533041693e+01
3.925715603412586319e+01
3.446695107121755797e+01
4.010828427158661924e+01
3.621580959288272084e+01
4.532963498112129486e+01
2.812336250405834193e+01
3.667643193951403191e+01
3.169996721359870051e+01
3.923204563755561480e+01
4.013755221171776810e+01
3.057803539507793644e+01
1.835559175059859527e+01
4.103165385975326274e+01
3.678943791747367698e+01
4.205423480339653253e+01
3.645993939897801539e+01
4.739021680182857210e+01
4.526268470374950681e+01
3.789141306723698222e+01
4.006887236400560681e+01
3.962206583052757480e+01
4.170292344541832819e+01
3.598393738539245845e+01
4.140972484456430891e+01
4.278524348267329458e+01
3.902558950300287677e+01
4.401919284773798324e+01
4.060286960201580797e+01
3.412505141229960515e+01
3.754484202094537437e+01
4.140110117210448948e+01
4.153735593064735809e+01
4.095076001501462315e+01
4.507005429348357950e+01
4.276919007046495125e+01
4.429181971597318324e+01
4.184627628684079781e+01
4.140287338317495625e+01
4.394146519641254400e+01
4.923277069026022446e+01
3.903829468838130623e+01
3.653855755528172011e+01
4.219164095092492062e+01
3.445724705087863526e+01
4.667952768652602913e+01
4.080208551001758366e+01
3.667735964831786788e+01
4.057277196314003476e+01
3.860012683986198567e+01
3.893575614136700125e+01
4.140234616598208817e+01
4.374606347679257112e+01
3.554856193876347703e+01
4.413364594591201495e+01
4.184108257862982327e+01
3.786739983435499113e+01
3.321745329210073550e+01
3.790662127757372701e+01
4.192258853503543747e+01
3.777221808178458673e+01
4.416583878788450335e+01
4.215679243975954904e+01
3.566058533482461712e+01
2.333882155475860642e+01
4.042790714904765537e+01
4.119679771201445106e+01
4.260656546524362653e+01
3.272484360758227240e+01
4.216826743120872578e+01
4.753498411960978132e+01
4.029936984460977811e+01
4.180059248366371349e+01
4.148347316651490502e+01
3.942091721457855158e+01
2.903034756141956407e+01
4.191854422167725858e+01
3.501650045552674584e+01
3.948129262855880484e+01
3.996461267649668514e+01
4.472203653895541464e+01
4.302119619551688601e+01
4.152956010206769122e+01
4.213258295124656883e+01
4.298630827276071642e+01
4.049107082409433644e+01
4.114532271788196027e+01
4.354641078641884633e+01
3.682635461241498831e+01
3.697081204068840776e+01
4.467867973605112297e+01
4.298931301645438907e+01
3.315460825222159968e+01
4.256444595150141907e+01
4.202628015245374371e+01
2.881988296042395703e+01
4.103820599065814889e+01
4.453827766811970434e+01
3.932962498148091868e+01
3.923524926876900309e+01
4.138630962843345884e+01
3.493617547294272896e+01
4.416330751920953190e+01
4.073614176311114932e+01
4.066715923731106841e+01
3.907035546378083524e+01
3.543687724905593939e+01
2.079436330193995985e+01
4.217938348473888510e+01
4.276468891167368724e+01
3.835227007583470993e+01
3.685490913695842607e+01
3.474466129656982361e+01
4.349715290209128682e+01
4.332206228186469588e+01
4.162692742748479446e+01
4.018396798130309122e+01
4.408542560978476388e+01
3.647527120725334981e+01
3.929374290749852605e+01
4.242536087582285376e+01
3.905848344930685556e+01
4.187211716846592680e+01
4.018560077616162118e+01
4.501332688852898656e+01
2.894068220867575647e+01
3.554835569228466596e+01
3.636000142901083620e+01
4.276844580979845034e+01
4.326350006732073439e+01
4.374480061110097040e+01
3.991029422189762954e+01
3.797236677071359168e+01
3.917294026920945527e+01
4.349433442144909634e+01
4.296642608525264251e+01
3.165157915600384086e+01
4.033567929207378455e+01
3.798729406751886728e+01
3.790001007137816913e+01
3.437299744729244821e+01
3.940414583299419604e+01
4.164506512856779352e+01
4.134479814339237436e+01
3.957553864393320708e+01
3.838521346427498315e+01
4.061058199639045796e+01
4.141578624118314877e+01
3.843591173837418040e+01
4.091548186310506452e+01
4.370992248969645999e+01
3.980343380131379405e+01
4.103090596273847268e+01
3.715979551115516699e+01
3.211705066812242393e+01
3.519430147869215375e+01
4.070961752027818648e+01
3.903502547134994671e+01
4.563775553934537754e+01
4.728127260879464444e+01
4.285350419300617375e+01
4.032146122758955187e+01
4.334921450056496894e+01
4.353651269672452884e+01
4.215888341451206145e+01
3.697557838458289581e+01
4.258580368486317980e+01
4.348682027901097769e+01
4.245735362440374416e+01
4.268887171170713657e+01
4.125416153787386264e+01
4.333393130430651752e+01
3.853502711509749901e+01
4.270963920015778115e+01
4.164076654334487415e+01
4.464558743669910967e+01
4.378492872535747438e+01
4.053986074225176850e+01
2.460810539442928402e+01
4.237398010920627200e+01
3.639891098336418196e+01
4.132202429798963550e+01
4.158421047535440351e+01
4.189344300872290461e+01
4.076547057767047733e+01
4.142521151103595400e+01
4.249479791434696807e+01
4.362962251403580183e+01
4.653112362863326013e+01
4.363923866284562081e+01
3.771257441805855848e+01
4.232512514157728845e+01
3.678436009527290196e+01
4.446325710018833632e+01
3.911968939396926714e+01
3.688045058644512864e+01
4.104681734107520441e+01
4.365288547802083485e+01
4.135791529749188555e+01
4.280778768680097812e+01
2.697719812626564106e+01
3.691809456296736869e+01
3.690668554183351802e+01
3.380299561593172086e+01
3.656291588630625000e+01
3.550285522900696833e+01
3.598962765822101773e+01
4.074342221673494180e+01
2.872145414087745863e+01
3.201133478038345714e+01
3.619431087425654425e+01
3.925346028565144252e+01
3.520988519268162520e+01
4.307349294548345142e+01
4.074643049655956162e+01
3.588602614505300892e+01
4.665018313919583193e+01
4.211182774661934047e+01
4.510693198917853408e+01
4.130304588826194845e+01
4.120978039130233128e+01
3.981019650122942721e+01
4.006579558215554471e+01
4.019290557697732424e+01
4.514483000373098776e+01
3.874676006240169102e+01
3.653848816577357184e+01
3.261659474465379560e+01
4.040082746626126919e+01
4.208125834477723970e+01
4.558466764529570270e+01
3.505141122056634373e+01
3.753400837208214114e+01
4.459919506646129861e+01
4.000581224129931712e+01
4.472262689412229975e+01
3.974401280546810966e+01
4.291556679107139161e+01
4.648960725771318891e+01
2.385126308816494500e+01
4.219451810459051444e+01
4.106366338265134175e+01
4.442819613332759587e+01
3.903912005430222365e+01
4.138972114254408297e+01
3.869344059721042584e+01
3.514633836479696782e+01
4.319276042405527960e+01
4.321338443282377995e+01
3.984145587623709162e+01
3.949539404167737189e+01
3.624035752668763877e+01
4.340408716810168244e+01
3.853021318823507357e+01
4.411023573743270276e+01
4.109549080761316731e+01
4.225525511373387388e+01
3.740160707573686238e+01
4.038110797028981125e+01
3.900470043954723565e+01
4.014954183165794888e+01
4.193675115507821261e+01
4.437019990337635278e+01
4.106080958667439518e+01
3.233692006041782463e+01
4.192565405572673143e+01
3.927826627339049992e+01
3.662583297465143062e+01
4.268792974927423245e+01
3.144946517017927334e+01
3.262552660641961921e+01
3.291649227105256159e+01
2.557303420276102557e+01
3.984243506823543157e+01
3.130520070818784717e+01
4.078014628106158312e+01
3.904629564307631995e+01
3.778164248365630584e+01
4.476811184433891810e+01
3.700197079973538195e+01
4.279203449017537508e+01
4.360451870055982937e+01
4.022281297210371775e+01
3.906593955475182867e+01
4.213402619269421479e+01
3.493229378551671260e+01
3.750360162361691607e+01
4.308574642021186918e+01
3.982748397331748436e+01
3.650381464090677497e+01
3.136286497181958666e+01
3.489306194132918648e+01
4.122115521091964041e+01
4.541270901142495831e+01
3.719374950821011794e+01
4.711094656879036791e+01
4.284246973302176542e+01
4.487942968903690399e+01
3.922741046212580329e+01
4.179002652043151045e+01
3.090822675853672763e+01
4.076961071530703862e+01
4.284567932951318170e+01
4.060978323545786139e+01
3.631498479136158153e+01
3.807483472557577642e+01
4.100988930858115111e+01
4.110524724531035190e+01
3.356686579367436707e+01
3.498827943748290181e+01
4.259709075364199293e+01
3.999293747840553692e+01
4.112222548469517847e+01
4.024801132337774590e+01
4.108180246660203494e+01
4.337144890743227421e+01
4.353857406561333221e+01
3.877305998727612035e+01
2.282068925393153336e+01
4.401068176104553231e+01
3.585830595095952589e+01
3.873973010124081640e+01
4.320900714809637577e+01
4.432197259572615877e+01
4.281163080190882653e+01
3.757381835652299173e+01
4.012366895754225737e+01
4.141986398703635075e+01
4.261660344661003563e+01
4.163864067350641562e+01
4.386634833332371386e+01
4.008454117234056469e+01
3.626595309012495960e+01
3.805807533530261821e+01
4.659882741365352388e+01
4.214671724018054988e+01
3.328261506556570737e+01
4.384923846579895468e+01
4.125933704885056841e+01
3.910054032105614397e+01
3.961415649685982032e+01
3.268199880996552764e+01
4.303464856565577179e+01
4.019605166820993958e+01
3.965939228550674045e+01
4.213415482112414168e+01
4.140041868403406511e+01
3.698986778940090403e+01
4.156827031012916507e+01
2.892491282014647069e+01
4.051037051469901229e+01
3.848178147154338546e+01
4.013651873248972635e+01
3.291925899024986535e+01
4.025288349679737365e+01
3.727552337344377520e+01
4.276350293065061692e+01
2.773623268992224311e+01
4.253840314799492717e+01
3.938645714926462205e+01
3.947143240733937830e+01
3.743690999526001661e+01
3.498497475489507735e+01
3.603181341525638004e+01
3.901491949952045957e+01
4.011085685445303994e+01
4.015618613373042223e+01
3.988693598489521008e+01
4.119891247746109286e+01
3.306621148054188808e+01
3.221921460112758240e+01
3.558750517255473511e+01
4.287912919779385845e+01
3.990600599588924524e+01
4.007829280290165741e+01
4.012259210496380746e+01
3.818525566247859615e+01
4.494218715409873255e+01
4.505961465762846530e+01
4.079724405455117164e+01
4.197889317098957918e+01
4.125391915512986429e+01
3.672029000989543590e+01
3.520748748812321338e+01
4.254099020512715157e+01
3.502544068280357692e+01
4.389367786485894385e+01
3.461647254242004124e+01
4.215300581677041691e+01
4.119596387726245723e+01
4.164810050713239775e+01
3.897634108701829092e+01
3.624665123795328014e+01
4.026741173328107948e+01
4.371731327420020818e+01
3.899949400023658796e+01
3.910994787221372349e+01
3.732046169396674173e+01
4.345633350222846758e+01
3.928319942633179807e+01
3.739325180058420273e+01
3.639387552997674646e+01
4.287167628932528629e+01
3.297542250417198773e+01
4.050096228584633451e+01
4.321046225989934442e+01
4.050140793866092537e+01
4.354778112184525440e+01
2.902866973602088763e+01
4.301159521445583067e+01
4.001390637724276900e+01
4.274679401309171567e+01
4.207376416472688163e+01
4.244828685911575405e+01
4.223412024042811197e+01
2.778530425047597774e+01
4.146486353549627069e+01
4.011526088458154504e+01
4.166635959634114528e+01
3.905576787097226088e+01
4.253780436089592598e+01
4.117896935657890367e+01
4.341288250443613350e+01
3.867112017870962859e+01
3.832128799955348342e+01
2.689750850933863546e+01
3.894728416304598539e+01
4.141414304243193811e+01
4.444774237700743669e+01
3.340357352115891132e+01
4.323815771593118740e+01
4.155586844459750040e+01
4.291500625066762353e+01
4.332808595475512448e+01
4.128309629990322804e+01
3.870247592365029732e+01
3.766012782802675929e+01
4.144139187561773241e+01
3.229488631691297229e+01
4.101697051765943058e+01
4.118298539863859276e+01
4.368828148937056000e+01
3.712474264551286751e+01
4.307178893120232033e+01
4.472952028113802214e+01
3.941431621334912450e+01
3.956409893115528575e+01
4.583777075989840455e+01
4.189744480216081968e+01
4.439585735779343167e+01
3.611432361794431500e+01
3.646541066943007792e+01
3.740527740352474950e+01
3.833536579050902304e+01
4.286227223086934401e+01
2.454711274292268897e+01
4.308361268495962548e+01
4.209579219162041142e+01
4.257577873396687806e+01
3.853919006200513309e+01
4.510259296755121028e+01
4.316256999627019297e+01
3.637329136492526516e+01
4.033001835531729995e+01
4.371100864648604301e+01
4.022826214231411512e+01
4.254437465465763779e+01
4.457607834076735998e+01
3.206543820582577098e+01
4.292674256895634954e+01
4.519206719750081902e+01
4.522501124052217136e+01
3.885524619447372885e+01
4.608994280463374338e+01
4.257228430623661808e+01
2.536428511165084743e+01
3.696144236825873719e+01
4.598558323349234200e+01
4.207639815999527144e+01
4.678697622871801798e+01
3.805764586561107166e+01
2.732401199860147756e+01
4.359356490688415420e+01
3.892848008091371526e+01
4.217287010748465548e+01
3.777242787167577376e+01
4.110051486381340879e+01
3.869751527405927050e+01
4.370307880605157891e+01
4.199471390610373334e+01
3.233105647388082815e+01
3.129764384923666398e+01
3.220572223389955724e+01
3.987987249503076725e+01
4.034336312623521792e+01
4.542360130834966014e+01
4.117163542877532478e+01
4.171845634815597492e+01
3.997268997170780125e+01
4.231159616395322587e+01
4.160055974006343149e+01
4.546943812020862907e+01
4.307317915329313962e+01
4.236304773616068076e+01
4.331793646494595151e+01
4.251478457381420384e+01
3.244483608151390541e+01
3.408429333455849530e+01
4.300061929197904931e+01
4.002597938560703028e+01
2.747416018812891636e+01
4.218034657182032277e+01
3.977526307340883704e+01
4.152058971370800577e+01
4.348600531139425129e+01
3.859908403090947360e+01
4.310507965040201839e+01
3.717819182824070623e+01
4.562094680904591115e+01
4.065349142085744205e+01
3.883379592857595242e+01
4.188053115097174128e+01
4.281601082208645437e+01
4.547713517722445431e+01
4.252149818914987378e+01
4.261944968173868631e+01
4.094136612983879786e+01
4.469680915168016355e+01
3.924539389664476374e+01
3.203799697009250025e+01
3.984727977273917077e+01
4.361067189884693818e+01
2.164453813954941808e+01
3.847247494765073839e+01
4.060447200492556163e+01
3.636491401958959102e+01
4.305639397193996842e+01
4.567422391409420612e+01
3.812797654029166239e+01
4.304404998892950118e+01
4.275120768388553216e+01
4.746942891501369388e+01
3.920685866601181857e+01
3.975830866647238793e+01
4.204969293597412161e+01
3.525124761099183246e+01
3.806840493240252954e+01
4.291004715729789609e+01
3.901992818984118117e+01
4.405381316537618375e+01
4.301878200121338125e+01
3.304291014529034953e+01
3.976970163089345078e+01
4.055487542268526369e+01
4.423431822989019935e+01
4.086439920817450400e+01
4.092990426629921785e+01
4.153971505401158026e+01
4.065020046236574558e+01
4.094007473038022482e+01
3.864882184485934147e+01
4.105812483489459908e+01
4.784660589530451347e+01
3.834693134667062964e+01
4.191765399316106055e+01
3.900947473025080825e+01
3.836861510678092912e+01
4.186463830010606557e+01
3.790904239863857583e+01
4.109270347096119025e+01
4.251802996511828781e+01
4.323023773409245507e+01
4.034133708181947497e+01
3.930689815805964571e+01
3.588922627359190187e+01
3.884681363580393310e+01
4.284849450979927354e+01
4.584313045231530026e+01
4.174451178703943555e+01
4.012629775560334622e+01
3.991815800575425754e+01
4.121132275043088100e+01
3.916243548487255310e+01
3.875746894818936283e+01
4.190930837438408929e+01
4.509803003400001131e+01
4.324421551571165168e+01
4.382639885184788398e+01
4.495507437120092931e+01
3.248099479731088479e+01
4.387313518942099932e+01
4.165173944127191419e+01
4.480738527737076993e+01
3.563741399056733172e+01
4.085989336232946556e+01
4.017980211066512908e+01
3.371496339281065957e+01
4.272402481851440115e+01
4.190973953078455594e+01
3.200108056875130558e+01
2.329692380224326698e+01
4.218788794745015025e+01
3.315112623155969374e+01
3.850259976899258163e+01
3.971853045411783967e+01
4.158329436248547495e+01
4.258251518024505344e+01
4.189898944957958093e+01
3.910920728718487283e+01
4.299787149734586933e+01
4.337767759356835739e+01
4.325754188490707719e+01
4.175275677901254312e+01
4.366670163182487840e+01
4.012718333869781873e+01
3.367125692067951093e+01
3.879144701120232952e+01
4.347458827990641339e+01
4.325021367423748586e+01
3.901578327003616664e+01
4.296124111517856647e+01
3.964298290539734637e+01
4.136621492566413139e+01
3.649523870190783725e+01
4.326713046731084944e+01
4.122520521980593600e+01
4.164117362837467340e+01
4.378710222134281338e+01
4.248824687720131976e+01
4.391718404799333086e+01
3.460435974830710393e+01
3.826114081574602466e+01
3.798715119981410737e+01
4.172760691550305268e+01
4.378330754160475635e+01
4.458409407763483756e+01
4.284044868702983422e+01
4.258817838300036129e+01
3.916424880983984735e+01
4.457892508370684226e+01
3.592843461638153002e+01
3.275849972677679034e+01
2.680692885522067925e+01
3.904433841119469406e+01
3.871870683748336717e+01
4.264825814063458864e+01
3.500248534923339605e+01
4.151977100503696505e+01
4.250738351490988975e+01
3.693091052594763113e+01
4.324164601840046629e+01
4.149090931748244770e+01
4.244856617469849169e+01
3.707440225299399827e+01
4.226803177206179640e+01
3.837766451381220634e+01
4.657124854866141561e+01
4.160204623227823362e+01
4.081594552934998177e+01
3.329095715523087762e+01
4.284532310946820388e+01
4.426206093669200214e+01
2.916301526653073850e+01
4.462343259039658960e+01
3.669449852915307986e+01
4.209967900272106789e+01
4.299765327721252817e+01
3.977196917393849418e+01
4.191937235463606015e+01
4.076237985008906861e+01
3.865948245027671248e+01
4.267328990503947495e+01
2.908569733298519822e+01
2.173765535205408739e+01
4.470852921889274256e+01
4.290853027897318128e+01
4.101854465473996214e+01
4.149497593135306062e+01
4.356928610258047740e+01
4.093590776376849050e+01
4.308253835921216535e+01
4.474151406015786137e+01
3.915127681614351474e+01
4.364053675164245760e+01
4.496055626289786744e+01
3.892416162579783645e+01
3.997620403307034564e+01
4.216579572782658403e+01
4.162467411848971466e+01
3.979921672640830366e+01
3.301670703728242984e+01
4.345295864035158218e+01
4.291778515510731040e+01
3.878039532953506097e+01
4.065244388982694090e+01
4.305131067320851912e+01
4.292416460022102598e+01
4.164141501829509195e+01
3.590804124664445141e+01
4.394283854298227254e+01
4.283633285439578486e+01
3.922645970041638463e+01
3.753876394627153701e+01
4.367633293965647567e+01
4.432891344844681214e+01
3.957407256963551134e+01
4.048211836887008985e+01
2.549717309599769521e+01
3.981320498232329186e+01
3.992111708771194145e+01
3.964364619283499991e+01
4.245311524396431935e+01
4.100314484622040112e+01
3.988210018390011413e+01
3.847923450547344970e+01
4.120136696616462757e+01
4.180217784442583451e+01
3.916420320021544654e+01
4.270023014721232357e+01
4.123221156902403095e+01
4.323646970413210511e+01
4.314117555238447466e+01
3.782165742335659075e+01
3.980125002188793815e+01
3.731092781112818813e+01
3.638283691434326528e+01
4.054250585100259485e+01
4.091498521494917640e+01
4.274663719690457953e+01
4.319477203949438149e+01
3.921473371774831662e+01
3.918421224488390919e+01
3.871321755785359642e+01
3.781511333799383578e+01
3.807768327379265116e+01
4.539388952210004646e+01
4.098133617906299264e+01
2.347016796274165529e+01
4.346819740588372127e+01
4.631531910190988555e+01
4.147630112408304370e+01
4.679140462223166708e+01
3.955904890766012016e+01
4.222432532511314207e+01
4.124785351542213618e+01
4.472656785356591769e+01
4.358623574313634208e+01
4.054884383295199513e+01
4.191463388455654382e+01
4.194978683146134557e+01
4.197355812733763969e+01
3.930056183087085486e+01
4.199380580094209137e+01
4.427392353361124577e+01
4.569268310002677680e+01
3.502208902792270351e+01
3.287738098125002750e+01
4.181206719460625010e+01
3.954428154109406535e+01
3.827958386688485604e+01
4.254716688525093815e+01
4.115271258380117558e+01
3.385186646936392663e+01
4.626996878799896962e+01
4.009620224889462747e+01
3.473711744547546232e+01
4.266477758199027193e+01
4.272830130732563703e+01
4.231028761331027965e+01
4.003912669310260952e+01
4.288435860909763875e+01
3.974469211364355203e+01
4.259129150394666397e+01
4.204458170823722440e+01
4.524444099458077773e+01
3.969395583678465300e+01
3.336596055934340654e+01
3.536558903229332884e+01
4.185373737363710944e+01
4.134079708311423929e+01
4.315485021319076253e+01
4.127119533173834753e+01
3.786276284071823994e+01
4.357888379490056963e+01
4.498547259379964203e+01
4.277600985013767598e+01
3.838659600378668557e+01
4.419449478291263489e+01
4.192799436692560278e+01
4.305362707067398986e+01
4.238992403375051765e+01
4.810067219119427762e+01
3.038712378956339677e+01
4.462942054563730210e+01
4.137919581715840422e+01
4.133695036943333889e+01
3.639079492820157213e+01
3.865431222847156789e+01
2.147658891272027404e+01
3.832095116506827992e+01
4.098318635365858142e+01
4.330687783238696653e+01
4.513374151071734985e+01
3.078104005849221991e+01
4.240260733719920694e+01
4.516775776004597986e+01
4.196559200181712157e+01
3.652187091093359328e+01
4.268569282873092163e+01
2.523309226650776438e+01
4.328912638125866152e+01
4.365305591941010732e+01
4.036378452939168682e+01
4.448942581120759598e+01
3.715976745452042707e+01
4.437923764474321331e+01
4.495160122681157588e+01
3.999009275459351187e+01
4.363508452392659365e+01
3.765677584067966421e+01
4.411361894535474448e+01
4.242002512346936527e+01
4.338241276153028991e+01
3.676089825463814975e+01
4.201750649953975625e+01
4.213078612597933414e+01
3.063754118552612482e+01
4.495109381691755601e+01
4.166173359271537890e+01
4.287897696847891638e+01
4.267597849289290224e+01
4.240991821720881916e+01
4.557742249908739751e+01
3.874169227460024700e+01
4.141464321704992813e+01
3.400861906471497065e+01
3.724064823432211568e+01
4.282790092120815473e+01
4.685622069975807591e+01
4.408522074677870251e+01
4.395591334335886557e+01
4.153209502416046206e+01
4.174475750857048695e+01
4.013642985063238910e+01
4.370753856972105922e+01
4.037082982810512277e+01
3.938844724806478581e+01
4.482400831005814013e+01
4.007366070815689341e+01
4.471188299096349539e+01
4.125088245354064753e+01
2.870834001913071987e+01
4.884452455407298288e+01
2.994247598673823063e+01
3.419663499678858898e+01
4.305270697840369820e+01
3.840110284512681460e+01
4.221547581390900916e+01
4.256210204679043585e+01
4.126703391295156820e+01
3.603812080360923176e+01
4.335146205340495840e+01
3.439864846170455337e+01
4.376256218510563656e+01
4.009270724225299176e+01
4.420410998899264854e+01
4.468352279923941950e+01
3.926790643001225334e+01
4.317894283480698903e+01
3.982634630142980825e+01
3.952117326772502537e+01
4.203319552373571355e+01
3.977710580130745655e+01
3.816571476360191895e+01
4.452497358974700603e+01
4.315454736909325817e+01
4.361754389628671191e+01
3.697328722777396592e+01
3.476472911286955281e+01
3.999505644074880450e+01
4.720454289505977385e+01
3.789362259585448101e+01
3.528638193137062018e+01
3.479508812658035311e+01
3.635303170493941849e+01
4.214387004269231340e+01
3.987749018935826228e+01
3.949506038518557460e+01
4.360971595276438251e+01
4.100543272730433841e+01
3.654647181523252897e+01
4.318013236474449457e+01
4.281744227469629038e+01
4.172827097832566778e+01
4.120849428025230310e+01
3.923270633974389199e+01
3.328695031823497885e+01
3.782995086197483658e+01
2.929197662137653779e+01
4.162839267499828821e+01
3.941465476367196885e+01
4.188641465528391450e+01
4.228369950094107566e+01
4.191461359616434379e+01
4.282372307030483682e+01
4.361996394681064970e+01
4.476474475739884440e+01
4.044344508946567629e+01
3.939228751004511508e+01
3.911647323154845424e+01
3.477102933868323476e+01
3.545893170021631846e+01
3.869372278317199232e+01
3.027098383542799809e+01
4.095991416223193227e+01
4.260273472713952003e+01
4.250800843988851341e+01
3.301150620638197353e+01
4.318104414871208974e+01
3.358259228715086664e+01
3.748036295710557653e+01
4.472950943620732289e+01
3.603761117211436726e+01
2.692369377307265310e+01
4.284311610492768807e+01
4.295288710343693594e+01
4.254822785483084857e+01
2.859527403503397025e+01
3.678476542820989437e+01
3.957482850919104322e+01
3.827515930795755139e+01
3.670908138321356518e+01
4.284685131046089879e+01
4.576579189092198163e+01
3.312970055447947004e+01
4.746335292340565104e+01
4.020195414495653807e+01
4.132631711505784722e+01
3.780785362708448361e+01
4.191980990123684592e+01
3.474770882753434620e+01
3.979901765782733492e+01
4.286696371031959529e+01
4.411043672563910434e+01
4.391332973981990762e+01
4.155333027361643161e+01
4.056916559105253839e+01
4.149870583050810779e+01
4.195715736599787959e+01
3.913200827706085505e+01
4.348807576988110668e+01
3.805534616158310968e+01
3.062383600295704866e+01
4.285733025050041789e+01
4.358033577524216895e+01
4.361990801657255901e+01
3.914392416566202115e+01
4.229036295373733623e+01
3.752649923857420333e+01
3.890394264405662739e+01
4.374189295755861906e+01
3.422323714587876253e+01
3.872608564533714315e+01
3.646773000090572481e+01
4.203529496852940639e+01
4.128713521808430897e+01
2.356724232766363514e+01
3.043410791753411004e+01
4.085375730158484231e+01
3.798866832079273337e+01
3.768241457953633500e+01
4.797767981081226196e+01
4.348970999172811958e+01
3.977301838126096101e+01
4.088461579885682085e+01
3.788463909694678478e+01
4.370201317942885311e+01
3.955177885254617820e+01
4.479863512400675063e+01
4.131783120064559256e+01
4.236553130830654368e+01
3.693789591031237052e+01
2.913270804461258123e+01
4.310041139119922349e+01
4.319595320072576072e+01
4.038710985962885758e+01
4.346005713283354055e+01
3.234811768448403768e+01
4.289713079987293298e+01
2.547967784666028024e+01
4.555383090901844412e+01
4.091509952745994383e+01
4.087449827308308414e+01
4.069295183564200613e+01
3.863987368859699956e+01
4.194666225094535150e+01
3.229786849212367628e+01
3.414513270039655879e+01
3.260006595874848756e+01
4.248687207029097124e+01
3.773779579433742271e+01
4.318269884513907186e+01
4.557269712056395150e+01
4.225353460190462584e+01
2.653038403069046680e+01
4.284310777714424034e+01
4.505588315646819098e+01
4.134747381768998054e+01
3.799042522224119267e+01
4.189079003487125163e+01
3.999289391037582675e+01
3.387978284923073602e+01
4.184285569650576520e+01
3.548791671986102614e+01
4.310406939578790997e+01
2.220097558618378741e+01
3.697180270702197902e+01
4.283208047858428102e+01
4.165280296906481539e+01
3.540042188329951500e+01
4.180851358116561300e+01
3.876258903936167144e+01
4.418220507034553179e+01
4.397877143382883247e+01
3.714109175967232801e+01
2.735444811289936951e+01
2.863188126194130234e+01
3.407772146280270675e+01
3.235174319158793566e+01
3.656560689385252516e+01
4.037728034568638691e+01
4.017096891173935802e+01
3.353760229802654180e+01
3.024223651945239411e+01
4.074984545654768198e+01
4.156136105755696519e+01
3.622954203945324991e+01
4.192236558947697489e+01
3.443663583184876842e+01
4.515857686315646902e+01
4.216837455897536557e+01
4.146286451266651341e+01
4.009107438733082063e+01
3.266080692085889581e+01
3.068658738602327318e+01
3.352975016510454509e+01
4.161155829660677341e+01
3.086568885896787506e+01
4.554638833760118644e+01
3.928907529420644806e+01
4.075858735890671625e+01
4.488357302373332658e+01
4.062033701091423410e+01
4.184438910763827835e+01
4.450730117144185272e+01
3.619611978434314636e+01
4.139950092785274194e+01
4.214658987730464190e+01
4.141365442731187585e+01
4.194799297645647584e+01
4.421742868117063097e+01
4.294289685001444212e+01
3.866324161294878081e+01
3.918997312014145251e+01
3.791206120308523708e+01
4.616702896111880960e+01
3.970875518706061769e+01
3.952344795252003706e+01
4.342685923857180796e+01
4.487013479831195184e+01
3.249069491396284803e+01
4.262184155279128817e+01
3.453408091212108388e+01
3.917150396371510368e+01
4.443695159585061560e+01
4.208889481515595321e+01
3.637893543119477613e+01
4.171549879331471544e+01
2.925547133340980110e+01
4.041224886029466745e+01
3.755353215180917914e+01
4.340283334551483563e+01
4.295471301042970680e+01
4.482282654186560933e+01
4.433689228164003993e+01
4.345754121621438060e+01
4.120215125827684943e+01
4.109361819554083439e+01
3.645067570283181624e+01
4.400771568424821822e+01
4.349986637318202298e+01
4.145676259520781315e+01
4.378605325731209064e+01
4.406367511815256677e+01
4.259733214983940996e+01
4.485098897639137761e+01
4.369540842268953185e+01
4.219182534977989008e+01
4.684338738964443394e+01
3.216550463895247702e+01
4.027776407492686417e+01
4.078791937740793827e+01
4.078209195215173111e+01
2.831265953280339431e+01
4.069294390288909824e+01
4.310215008347341126e+01
4.495187181457005465e+01
3.694521241489560026e+01
3.316320994918388720e+01
3.969660611724732036e+01
4.116753782121666916e+01
2.454485473184302435e+01
4.173640987946159697e+01
3.664686710260870228e+01
4.296426262749959335e+01
4.345975550249738717e+01
3.894533495515725008e+01
3.711445847324448266e+01
4.648867640332623097e+01
4.221186809610612301e+01
4.070580771678995546e+01
3.940568706189969816e+01
3.542498893438965268e+01
3.108431215508721834e+01
4.482493466366850043e+01
4.332825031892360812e+01
4.435663456381028880e+01
4.324372623116448722e+01
3.471712991868881204e+01
4.503203717697046926e+01
4.207848702406439401e+01
4.259442215664635256e+01
2.848251282329773559e+01
4.068519866708839317e+01
4.271295058709381465e+01
4.122153881084014415e+01
4.302355454725758221e+01
4.188088690181567131e+01
4.326772891372927887e+01
4.135599772703803723e+01
4.170272906998632578e+01
3.641661223864267072e+01
4.265054684931939022e+01
3.563776403309369556e+01
2.934419837637548056e+01
3.557008601362221611e+01
4.153355221927362351e+01
3.318592686994825414e+01
4.198247398626376281e+01
4.101986434892101840e+01
4.426340397431476248e+01
2.721145191113285122e+01
4.041099101444496711e+01
4.255150783161828798e+01
4.085206356842239472e+01
3.931319807745693140e+01
3.822728437828187964e+01
4.266952157217284025e+01
4.313082340598726461e+01
4.373430588978244771e+01
4.199570929055118995e+01
3.015894328678461278e+01
3.846491790160869328e+01
3.471641513026288806e+01
3.864718642425198425e+01
4.140668532868685503e+01
4.265377087517790500e+01
3.429917889036754275e+01
4.107673739786684308e+01
4.210268055745298454e+01
4.519574930981071503e+01
3.332204412876611599e+01
4.008776769435743148e+01
4.092267162083136611e+01
3.906891500242579696e+01
3.784366818920637598e+01
4.071752782520836433e+01
1.981891769381186563e+01
4.191223229394398686e+01
2.346225673434781811e+01
3.894626251992994526e+01
4.328614788403426417e+01
4.490904843271022884e+01
3.750951717263853880e+01
3.963060215236258443e+01
4.312460776796304174e+01
3.826264340426399713e+01
4.104290197754350089e+01
4.052554665202021056e+01
3.843978983172477371e+01
4.050728613875880058e+01
4.321684258051998029e+01
4.564292864768382429e+01
4.596595441420586781e+01
4.075572576525450330e+01
4.188420893276484946e+01
3.972675705106273369e+01
4.067934161770676127e+01
4.010798568251502871e+01
4.012742017415037310e+01
4.495702274990017600e+01
4.780134299404621601e+01
3.902215437725050862e+01
3.849584036206517368e+01
4.249692561592992490e+01
3.246990473547128886e+01
3.721861252912056983e+01
3.899614129036423549e+01
4.002826497216548773e+01
4.273425391749186986e+01
3.961928571294052404e+01
4.540030045030784578e+01
3.100853934858438876e+01
4.367909175762594742e+01
3.562883059705050925e+01
4.326451025186854338e+01
3.483170252791916255e+01
4.701077355229386256e+01
4.211230530377530812e+01
3.942873069699412270e+01
3.857270284248168224e+01
4.442516896874383292e+01
4.298788298771540894e+01
4.124952613116681732e+01
3.436440563195347409e+01
4.228480905619892383e+01
3.101239944353784495e+01
4.355896134101840289e+01
3.560314307947292178e+01
4.021038120326929999e+01
3.983547607992384343e+01
4.124167023334327808e+01
3.848342270973158463e+01
3.803764366599568802e+01
3.342395201813925354e+01
4.217030073427679326e+01
4.350719912195041417e+01
3.459334556088231238e+01
4.344771001385812781e+01
4.283203350124817632e+01
4.554323423921864844e+01
3.963324429151868600e+01
3.131601889980043296e+01
4.311818076999667682e+01
4.620666302700188055e+01
4.388040827331405325e+01
4.006595414917175191e+01
2.783934197430670565e+01
4.085320547022203641e+01
3.087921947760336039e+01
4.423174807592348401e+01
3.796881190370960013e+01
4.077391978006849627e+01
4.293244229837863202e+01
4.431446095541043917e+01
4.282844735168912109e+01
3.843900270105982031e+01
4.534424785382807954e+01
3.311945933210860460e+01
4.665009757620666875e+01
3.948431219703758188e+01
3.332865660824720067e+01
2.443796746505357120e+01
4.054111146974866386e+01
3.901441881857296323e+01
4.161796915513871653e+01
4.317517939385789560e+01
4.143251816693670264e+01
3.660369257389133679e+01
4.458776663166723608e+01
4.253728153783031019e+01
4.386644654524530296e+01
4.214166198727047430e+01
4.026346412861701651e+01
4.149292488800774947e+01
4.034112338679279475e+01
4.204823827952763793e+01
3.358841828204164415e+01
3.472601254241313029e+01
2.980838547938048322e+01
4.381766620039618232e+01
3.311557343785185026e+01
2.623420709278574137e+01
4.013333878813475053e+01
3.930832830205573458e+01
4.252159044836232482e+01
4.110013651705668281e+01
4.122049185502515911e+01
4.397424640528189599e+01
4.206092140249030820e+01
3.328971223958325965e+01
4.015225979116502231e+01
4.159514192612257943e+01
3.075002103332507986e+01
4.226935378212382233e+01
4.616372010057265385e+01
2.431985663055050395e+01
4.065970736561995835e+01
4.405394347794283050e+01
4.114240264993021867e+01
4.275114754678392615e+01
3.801789405109501274e+01
4.415414593455278691e+01
4.562260035321478568e+01
4.497877197427646934e+01
4.314073705339398401e+01
3.470212683431541478e+01
3.986343015465262596e+01
3.702502775484054354e+01
4.359188572583597931e+01
4.253916873653443531e+01
3.605782964768702215e+01
3.807080668896207243e+01
3.580613437360233320e+01
4.040472483658793124e+01
4.047804112974876745e+01
4.360526669693953750e+01
4.001686679741980868e+01
4.476102962434226384e+01
4.286748671566549262e+01
3.901317468493005691e+01
4.311790471017235404e+01
4.187173903410178610e+01
4.055758036341484996e+01
4.089051550344200336e+01
3.995812728164410288e+01
4.719198979031551744e+01
4.104974917457191452e+01
3.753922586315738386e+01
4.000387902712986232e+01
4.441663361162898127e+01
3.901672880463462434e+01
4.328368855533104664e+01
3.792903850263137144e+01
4.166597947076518693e+01
4.627280957588661892e+01
4.094420364092547970e+01
4.665505855532511958e+01
3.872306719401476727e+01
4.193470496266218817e+01
4.081954678241247336e+01
3.700439164911297496e+01
3.768749304286407664e+01
4.247370054115234694e+01
4.408488662112163325e+01
3.869077662564311026e+01
4.240750850748271716e+01
4.243039342026339256e+01
3.900379497388659189e+01
3.200108542223491526e+01
3.243890385542979971e+01
4.184641908791878251e+01
4.449327977641437570e+01
3.485795942071986531e+01
4.153030182465468556e+01
3.886523242665715117e+01
3.990511766725247611e+01
4.083739928194958679e+01
3.919842414484463688e+01
4.167749781131517750e+01
4.069000734427127952e+01
4.047436872154179355e+01
4.304471890243402044e+01
3.634050289150511759e+01
4.555838691378453120e+01
4.188105947900526616e+01
4.101440223858337220e+01
3.890490465110117668e+01
3.880927648734111557e+01
4.290522777869088600e+01
4.364595754793768378e+01
3.616401585340440050e+01
4.083807599374336661e+01
3.921629543528698747e+01
3.334811059118258925e+01
4.296233976273575195e+01
3.967964609820481314e+01
4.201127857571900392e+01
4.321501206446795607e+01
4.455283261181497778e+01
4.275246173103149516e+01
4.302202432309583457e+01
4.550758293772688035e+01
3.942448289671091288e+01
4.710245282253702470e+01
3.619863836092166309e+01
4.469581485148703592e+01
3.798785365579223594e+01
4.425243543858753981e+01
3.963887649238949962e+01
4.424193971670499792e+01
4.182492133894554343e+01
4.164335264905010092e+01
4.088750224948489631e+01
4.138446228738629173e+01
4.083543408677952158e+01
4.514736738398929106e+01
3.308077884789216228e+01
4.296693490522064707e+01
4.218756751742812838e+01
4.021012254918750983e+01
4.275381328101002509e+01
2.275319248811938166e+01
3.949306246911910989e+01
4.030641527316405615e+01
2.726853245676475979e+01
4.148874807468067871e+01
2.939755274523364292e+01
3.747352771744607480e+01
4.182594882930465729e+01
3.865660126550648812e+01
4.140045654779672901e+01
3.961751575445947537e+01
4.331031579052535108e+01
3.592964752773568904e+01
4.152667676012973175e+01
3.918372944455490625e+01
4.116389212753250604e+01
4.037509044261798152e+01
3.865950224749540354e+01
4.514796984242205724e+01
4.104859245152506020e+01
4.600558089806695250e+01
4.005781047351539570e+01
3.939485137057144470e+01
3.873747254663532402e+01
4.182199569873147738e+01
4.093114735004734683e+01
4.051040438689080503e+01
4.290554830620605742e+01
3.893789405268494619e+01
3.314630158074630373e+01
4.187182912585770822e+01
3.780760649472239265e+01
4.113677385701860345e+01
4.280450116717132403e+01
4.026559844829461809e+01
4.157728399764788918e+01
3.922846105267064587e+01
3.888594952800629301e+01
4.185546468116483965e+01
4.104216827896132713e+01
3.408275750989984942e+01
4.352531219304877652e+01
4.491972893744733852e+01
3.973710185012193818e+01
4.154787504664658826e+01
4.386180762558093704e+01
4.120589625169866110e+01
4.244904449292988602e+01
4.135429206632687738e+01
3.823951280656510932e+01
4.454230827249899960e+01
3.633406319354090641e+01
4.224102355991497859e+01
4.514156804711642934e+01
4.127894260886550626e+01
4.472701752136642739e+01
3.425248491153656261e+01
2.456650269888129046e+01
3.868947972461442930e+01
4.199443218417198409e+01
2.631866259586037415e+01
4.471799686107591043e+01
4.298362412755459872e+01
4.168064710293987929e+01
4.286242187291708916e+01
4.192194397539326900e+01
4.029427356268837457e+01
3.781613977638670576e+01
4.228105171967391840e+01
3.478314149961232005e+01
4.588594741930197785e+01
4.438755581187646015e+01
3.805385942471147587e+01
4.510759993605833529e+01
4.805757298226272667e+01
4.315140584155623316e+01
4.462245209149532599e+01
4.166848506247273320e+01
4.656364992321437768e+01
4.240048804302455920e+01
4.393362213962256391e+01
4.195743496027669295e+01
4.372638934202427663e+01
4.424641346106148632e+01
4.031588288426625866e+01
4.151235877786210438e+01
3.607776964385875118e+01
2.963324387158283102e+01
4.396926284751089753e+01
4.198847187237210932e+01
3.353831265318785881e+01
4.289343149226085217e+01
4.122855985537208312e+01
4.053895950133782122e+01
4.368422700779022705e+01
3.935172971287290267e+01
3.646372799201719062e+01
4.208574267837366989e+01
2.395281726185983828e+01
4.240974505262525440e+01
4.202249199599072682e+01
3.839424900984046474e+01
3.525537848030880639e+01
3.692370307594552514e+01
4.306127650357566239e+01
4.132374098542893393e+01
4.321620946132739505e+01
3.534202335368205183e+01
4.060100453704556855e+01
4.170065549271728145e+01
4.278528435368671268e+01
3.989660353143878524e+01
4.422363099874299763e+01
3.861133598937059475e+01
4.288083510351057015e+01
2.729132324437497203e+01
4.018838468405923692e+01
4.125695950334722539e+01
4.496238379035726496e+01
4.292872284068288025e+01
4.245587808070796854e+01
4.246352042041846175e+01
3.336826218739010130e+01
4.190371912562235224e+01
4.235699313490054152e+01
4.282501617645380065e+01
4.372281422959243002e+01
3.196486557285563279e+01
3.995611295764810222e+01
3.024762634793356852e+01
4.187462387334193181e+01
4.249108771550165642e+01
3.708573168042254764e+01
3.759997424473463212e+01
4.145886385857802736e+01
3.454600398155292851e+01
4.196856526400235055e+01
4.048423298464344811e+01
3.525367935766207239e+01
2.276711105852380257e+01
4.303743185268508142e+01
3.499812616398184417e+01
4.202385037390813238e+01
4.476403791434837132e+01
3.895450187381571538e+01
3.553441361355559991e+01
4.256666309301323281e+01
4.142112598548305868e+01
3.995886287507754275e+01
4.309009017537135833e+01
4.211931224378815841e+01
3.362008144768407902e+01
3.783277992182451044e+01
4.394332230223728430e+01
4.380150230543794265e+01
4.217946293848146411e+01
4.135529170462591253e+01
4.369256740845743536e+01
4.207885793628472015e+01
4.137583900943840831e+01
4.385165072395892594e+01
4.504265619539442156e+01
4.158639082701542833e+01
4.097521148990876583e+01
3.978316311428386598e+01
3.814839870585586112e+01
4.067396386418834453e+01
4.004115030643987438e+01
3.778522611134695097e+01
4.156042549818834431e+01
4.191228179998284986e+01
4.216496709404033538e+01
3.912742798876102057e+01
4.088592365141487051e+01
3.997335997870926860e+01
4.651970551274504828e+01
4.255259691344963358e+01
4.002013671402037431e+01
4.328266887410138253e+01
4.732467417758289940e+01
4.239002586154118291e+01
3.560336121447337376e+01
4.211471886786058860e+01
4.123893455377887562e+01
2.681864584367064808e+01
4.349830069882248296e+01
3.958987044128361532e+01
4.198381165597829323e+01
2.502241545228889308e+01
3.702942700912826268e+01
3.576764562382067680e+01
3.412277698494492029e+01
3.855700153388706752e+01
3.984437931931451260e+01
3.603136050899644971e+01
4.283023338311790695e+01
4.379147581813489865e+01
4.247274816143523424e+01
4.407980562405403191e+01
4.195154045397477915e+01
4.228030671227131876e+01
4.316290198738472839e+01
4.286901034269765631e+01
3.656866119800656634e+01
4.093790001625215780e+01
3.667470054783121469e+01
4.150198460271423073e+01
3.461782181838808725e+01
3.488365882800238182e+01
4.246635793462576203e+01
3.857213061689400746e+01
4.047562261617402157e+01
3.698094216162877501e+01
3.865540666769582856e+01
3.939102084459167941e+01
3.853974659426627625e+01
4.404572183772413041e+01
3.836152581955053620e+01
4.120201009414484616e+01
3.767184548810048739e+01
3.865310693979382251e+01
4.272273090905589754e+01
4.493185474207275121e+01
4.332484877581643445e+01
4.042805020516366454e+01
3.679011930871491387e+01
4.011970219012498262e+01
3.526564413348142324e+01
1.872166175190562498e+01
3.935204605102920539e+01
3.624788802709266378e+01
4.096560756504648992e+01
3.919054774855516143e+01
4.375839810773353378e+01
3.681875785638337106e+01
4.131223400646668154e+01
4.033256345586736558e+01
3.866937304444701340e+01
4.287740037301824714e+01
3.304566872126460453e+01
4.105829536022156390e+01
4.719682154425121468e+01
3.552857020397474486e+01
3.692659015665174138e+01
3.835745884844846643e+01
4.082236396103385090e+01
3.669788091784358386e+01
4.264291076249021728e+01
3.649438051778813019e+01
2.998406898406687304e+01
4.361848986787860127e+01
3.294167691200944859e+01
3.961182491012317541e+01
3.948445286858927261e+01
3.445824543669028373e+01
4.194632600411938483e+01
3.948652504086911819e+01
4.378088322147713285e+01
3.691668696910610947e+01
4.319449829605176916e+01
4.207691515293499407e+01
4.398448075682702552e+01
4.132305422351353030e+01
4.803421818116793673e+01
4.400120928072550441e+01
3.669422890978975715e+01
4.002192764847811901e+01
4.152712725621066880e+01
4.098959689080888324e+01
4.282599477329090831e+01
4.478034677688437881e+01
3.733144649745810284e+01
4.241914284353566700e+01
3.510099523711447489e+01
4.027105818860994901e+01
4.127561690606395217e+01
4.089939038133142191e+01
3.910755129508858374e+01
3.785266628684383505e+01
4.108409910518737718e+01
4.008021654888610641e+01
3.641785056633774786e+01
4.313901323556649459e+01
4.022600557251755760e+01
3.764171134438416289e+01
3.828643185471651122e+01
4.260798458892865881e+01
4.482133676451031334e+01
4.280818660958002653e+01
4.020312956371645186e+01
3.040408088982922052e+01
3.110343080684833339e+01
4.491005864324527863e+01
3.254672855201369686e+01
3.894743773165923528e+01
3.088315945768943038e+01
4.097046633896165702e+01
3.285718397883334774e+01
4.151437105902947167e+01
3.850349658764008609e+01
3.909638494343170834e+01
4.269835136917689056e+01
3.881701399130050589e+01
4.123211053227207401e+01
4.075537078963755278e+01
4.429104218274095928e+01
3.974043921334813234e+01
3.742893215682771313e+01
4.281470146295380630e+01
3.360442868673582950e+01
4.370017877035122211e+01
4.316966597025472652e+01
4.280870399315102759e+01
4.242260511982367888e+01
3.369357172377777943e+01
4.219337793459223462e+01
4.411219270827353256e+01
3.819404107232083589e+01
4.058640636147374181e+01
4.244118092157611954e+01
3.981757780689873272e+01
4.335291891434405187e+01
4.292793464587025198e+01
4.109852853340498768e+01
4.158321218856490731e+01
4.241158703153747922e+01
4.491832948229362898e+01
4.658404387100742383e+01
4.547081043939254386e+01
3.543390210316662348e+01
3.895425615226379534e+01
4.278334074415782595e+01
3.516769775867175696e+01
4.112089233115167985e+01
3.994427174015311977e+01
4.314053049715760579e+01
4.238004206376548666e+01
4.366570950486753588e+01
4.558056939178758427e+01
3.745717811623815408e+01
3.311711142621453519e+01
2.862992188647420733e+01
4.033088953137183097e+01
4.089126116488024820e+01
3.983864164275817643e+01
2.870575573695267479e+01
4.336784195086576688e+01
4.101161239091808142e+01
4.003147891835935468e+01
4.440809463683885383e+01
4.167849544093053282e+01
4.338126408709253212e+01
3.904033678078284453e+01
4.304161510417814185e+01
4.353922248586784605e+01
3.926416556870523777e+01
3.755564170651095424e+01
2.768500919563613749e+01
4.302220278959272548e+01
4.388141223649666500e+01
3.891807157938593775e+01
3.586007805182487829e+01
4.545392871413282165e+01
4.262175726690272626e+01
4.246257451501222846e+01
4.163281232499518580e+01
4.411165497148974879e+01
2.925521762191158359e+01
4.291505291489603735e+01
4.464815488732186566e+01
3.578581867217481260e+01
3.955467584114906998e+01
3.917732237884313662e+01
4.308226888593655701e+01
4.754185469617413418e+01
4.232242345318149290e+01
3.441187239798716035e+01
3.551249508986963122e+01
4.134997767150991876e+01
4.685780949319394750e+01
4.140306568228014328e+01
4.046608171581399205e+01
4.364903042957906365e+01
4.068228951672671201e+01
2.617931111728755056e+01
4.175654786609091929e+01
3.815379757250603632e+01
4.284769732169847600e+01
4.252666995613047618e+01
4.210918519049301523e+01
3.994532412049149883e+01
4.196696964138769204e+01
4.315497333797613067e+01
3.269387158414389916e+01
4.187012483135308116e+01
3.869661982178222814e+01
4.469063279210048734e+01
4.197442110182225861e+01
4.166042469273043736e+01
4.369409860123788292e+01
3.299214079953132028e+01
3.936997520644934667e+01
4.180396637378341040e+01
4.065165704555518289e+01
3.738374068166199038e+01
4.234445693003128497e+01
4.157762829058527387e+01
3.857042953769008164e+01
4.382982783297477170e+01
4.348426567269141430e+01
3.830744303296906850e+01
4.185225625032006747e+01
3.538681481636002957e+01
2.701315437841622824e+01
3.962632548803984633e+01
3.576154569384812731e+01
4.280347657718113652e+01
4.247306357607124738e+01
4.076767391697837439e+01
4.125275800049644914e+01
4.088771770205578093e+01
4.036403436786664400e+01
4.400863478841311149e+01
4.260756981217547690e+01
4.312615978223632140e+01
4.226423310069623085e+01
4.729456495633363033e+01
4.387013326212577624e+01
4.380177857264755659e+01
4.044128738725372330e+01
4.387225646011554403e+01
3.693436132421647500e+01
4.224523807662536257e+01
3.065729351511167522e+01
4.083813374665322726e+01
4.116889079323302525e+01
4.297804437357314100e+01
3.361294944618794744e+01
3.913456794582005216e+01
2.697057243529194892e+01
4.684749161268975826e+01
3.646328917048266050e+01
3.705609080098857788e+01
4.130967348911175918e+01
2.822579555021654230e+01
4.375246573064980282e+01
4.132973324923184322e+01
3.767273234107373270e+01
4.340627206177195774e+01
4.020579979757163613e+01
3.891153661154284293e+01
4.401207179382498680e+01
4.099629011569005144e+01
3.928205409080031529e+01
2.799304939338965070e+01
3.828411625982141686e+01
3.949141236831216872e+01
3.856649680093343591e+01
3.493786974520859445e+01
3.540724785591509516e+01
4.157799141812245836e+01
4.814440634799893104e+01
4.270874116016049271e+01
4.009853024785370224e+01
3.726979834470812136e+01
4.043458468352321233e+01
4.253759628455630804e+01
3.909163555494843934e+01
4.462781947527793136e+01
4.386811851726697853e+01
4.048348933845201003e+01
4.092435741046331543e+01
3.271545964815650365e+01
3.509455527065217240e+01
4.406491303254048830e+01
4.298506089315341683e+01
3.989214376153105945e+01
3.613288857462298864e+01
4.619984196555508049e+01
4.389420335670926221e+01
4.128015794810897177e+01
3.628201596518315597e+01
4.275748521068987884e+01
4.312465833721369535e+01
4.217653530078752766e+01
4.066191977686924730e+01
3.468896677331848366e+01
4.229127693707101798e+01
3.618862132288024469e+01
4.028166502770488933e+01
4.035637484823647725e+01
3.749645366768489652e+01
4.451516265776267289e+01
3.305203021569053590e+01
4.331396307826566527e+01
3.977457140465237728e+01
3.531287392233536337e+01
4.213094104996787337e+01
4.723905276691559862e+01
3.921473995792661782e+01
3.579627562246986372e+01
4.159449677842475523e+01
4.295800911901545049e+01
4.040064728066008115e+01
3.909276202499287933e+01
4.279349129328025469e+01
4.394739775517747660e+01
3.497161519892252102e+01
3.988728560688364411e+01
4.275471352558038518e+01
4.296813483679756018e+01
4.076143706938137967e+01
4.314920860691384519e+01
3.993891339656328654e+01
4.660305438539197098e+01
4.267839646575474433e+01
4.420587524681380387e+01
4.312969172148421393e+01
3.875299010434524405e+01
3.883550833847441908e+01
4.376958683133125305e+01
4.190715317468200141e+01
3.558775697272829319e+01
4.222969262933645496e+01
3.957634207719576125e+01
3.813450863025691007e+01
4.408820834011659429e+01
4.073770329003895085e+01
4.371116989887658377e+01
3.298030161787562520e+01
4.136216253386472630e+01
4.403747064566681502e+01
3.046710039440817042e+01
4.498933762100615752e+01
3.826877903283769200e+01
4.061470311211280659e+01
4.204921292219356133e+01
2.443504094710313268e+01
4.415932293818800503e+01
3.913073866551715696e+01
3.891452402099393026e+01
4.005805032200390770e+01
3.698813648202238369e+01
4.077504801338869811e+01
2.316525951780752024e+01
3.737369777177713104e+01
4.201110241541339008e+01
4.544500306614972374e+01
4.271170906429708225e+01
3.870472305213431241e+01
3.358892257540973958e+01
3.720402246788747647e+01
4.281950905380492856e+01
3.258238766875096815e+01
4.216218706108841729e+01
4.367072140248325951e+01
4.215872753716514154e+01
4.181645823781019544e+01
4.107702316691761268e+01
3.981354056313486467e+01
3.561289659443527711e+01
4.424550602820613676e+01
3.970367043858135503e+01
4.026008931984125638e+01
4.504852984637746260e+01
3.878725808590623814e+01
4.396940154392476785e+01
4.127829449690512575e+01
3.212435494756290666e+01
4.454442751740250372e+01
2.966902651233856147e+01
4.732315301725549261e+01
4.624213271552842031e+01
3.963645321101245145e+01
4.288131538716623226e+01
3.442683377963911084e+01
3.914055444562610120e+01
3.731442494401157717e+01
4.198043792370450689e+01
4.509234047756277164e+01
3.378469990808578416e+01
4.176388621063503592e+01
3.183214513399098067e+01
4.355403822552253246e+01
4.139843413494851632e+01
4.009929429648732935e+01
4.266684783260599545e+01
3.605797941150731134e+01
4.046123286226008275e+01
2.971621156092917460e+01
4.335092667988961068e+01
4.392308776441103646e+01
4.340859326966131704e+01
3.591871778692456729e+01
3.978257040358898422e+01
4.561693301094103958e+01
4.727015893550107251e+01
4.407603111057201062e+01
4.331650754286892635e+01
4.486271469160752190e+01
3.597637806148013340e+01
4.459364551689365186e+01
3.891945100075626840e+01
4.497403039317904216e+01
4.282110121056358309e+01
4.370233573792206982e+01
4.142098803656830341e+01
4.518948402413666798e+01
4.218329756715223766e+01
4.090809103335090668e+01
4.221345848856073246e+01
4.052905281660783032e+01
3.994911109780011316e+01
4.334709591023062814e+01
3.858561004076985057e+01
4.183032369055692357e+01
4.476964225280772780e+01
3.985564993447525239e+01
4.159386493218685388e+01
4.187116863962971536e+01
4.590716277009392599e+01
4.093242558976425727e+01
3.976419950915117596e+01
3.988355760124459692e+01
4.077665126676594554e+01
3.785807029678053937e+01
4.539405880762178924e+01
4.266991869009474669e+01
4.194515770446039227e+01
4.399497313042654412e+01
3.884575099798247777e+01
4.447108894140675517e+01
3.834293945379132396e+01
3.591220322405115439e+01
3.508746762632882366e+01
4.189167376814430810e+01
4.166074720201211790e+01
4.005556068335823028e+01
4.537562311836595086e+01
3.493225652681659454e+01
4.095427596873075515e+01
4.492206706392346405e+01
4.458488569657007616e+01
4.418351695439567095e+01
4.493272232016821732e+01
4.226934723782711245e+01
4.425018463824817871e+01
3.754174773275691024e+01
4.132679545006366340e+01
3.497742417651434721e+01
2.442089266724700281e+01
4.226143154533210833e+01
4.234267235197464174e+01
4.845814129602898390e+01
4.332195585146762795e+01
3.569385795305521469e+01
4.327756179536398662e+01
4.511827547280284278e+01
4.381598014710950650e+01
4.009229301668033685e+01
4.238298882300084358e+01
3.770105005953774224e+01
4.302577903290929129e+01
4.708549019296129501e+01
4.340544416812589645e+01
4.287433703783953831e+01
4.576839282965049449e+01
4.487613390826477655e+01
4.159926271929789721e+01
4.484337572308883324e+01
3.184607310595661644e+01
4.761235975979244728e+01
4.089662199310868118e+01
4.345852601244719438e+01
4.401682844343143586e+01
3.957550616457898940e+01
4.190022915319175922e+01
4.100835354099966423e+01
4.334336325921455568e+01
4.125130278559991837e+01
4.203786252840946247e+01
4.042884764390321095e+01
2.868526743205622154e+01
3.651678291202807713e+01
3.906665612438438018e+01
4.076502498046662026e+01
4.024785230945784775e+01
4.385658870999998271e+01
4.091056728287630051e+01
2.668441583533169847e+01
4.236806976295361693e+01
4.103827696566534655e+01
3.584728635738927949e+01
3.286466861918683691e+01
4.264502856676334375e+01
3.963922519574870051e+01
4.175028398568027654e+01
3.908204862197311513e+01
4.434430663894624303e+01
4.207385972621489145e+01
4.210922289260364693e+01
3.764377474055217476e+01
2.351951860767243474e+01
3.342883901522331058e+01
2.298168167612268675e+01
4.548980760585070726e+01
3.301147135027540713e+01
3.973152621596953082e+01
4.319383155812274566e+01
4.339821141061395338e+01
3.240876723652911551e+01
4.012755746078236285e+01
4.340283809613437427e+01
4.149582191793570018e+01
3.757881825666974152e+01
4.297659586984725877e+01
3.888278402497928710e+01
3.514666917433392257e+01
3.695011929054000177e+01
3.813392179503370727e+01
4.495533078983135766e+01
4.311255970966256967e+01
4.317339376514048155e+01
4.032794016266729642e+01
4.125843523527242951e+01
4.298649783987309547e+01
3.701866387937328540e+01
4.170799977172075756e+01
4.136720619150156608e+01
3.802751245683688808e+01
3.896450700765789321e+01
4.234470964705769092e+01
4.097589713505821862e+01
2.444866545869000163e+01
4.004507198691940317e+01
3.900994969998160400e+01
4.166852594979263102e+01
4.788340945766143619e+01
4.218328493111955169e+01
4.237231362564335768e+01
3.273227066823644549e+01
4.064047422430159884e+01
4.470896090357431518e+01
4.348398253332377550e+01
3.976631744801610324e+01
4.332091044013661474e+01
4.322281602990425853e+01
4.315043066102381175e+01
4.108002193249014766e+01
4.097566002652947503e+01
4.133440026483520313e+01
4.019523558073048974e+01
2.268935477907377063e+01
4.327801509931905599e+01
3.486092612517811062e+01
4.217177332696741843e+01
4.031119708124190737e+01
3.975455682720467365e+01
4.446129225305777055e+01
3.865518449622579311e+01
3.881392103558194862e+01
4.234506216258665745e+01
4.177582592971146624e+01
3.933714929254356463e+01
4.254107789951439145e+01
3.496976106628404324e+01
3.974691923336871469e+01
4.689358628702850496e+01
3.124183986749764941e+01
3.794551442761589755e+01
3.813175406569194337e+01
4.074300215205605724e+01
4.300950021505153131e+01
4.339660253974184911e+01
3.275795034388981009e+01
3.702398584404400594e+01
4.060598257629320074e+01
4.226106264738693596e+01
4.654252591473136391e+01
