3.998031482466495845e+01
4.756003244699138577e+01
3.844009215810118008e+01
4.359556852711929054e+01
4.313986294422045376e+01
3.828063217733296852e+01
3.764545681754020734e+01
4.216396788754860125e+01
4.193275617205961936e+01
2.800925523120470828e+01
4.204622063041925628e+01
3.869870677987078977e+01
4.276333835671837136e+01
4.040098231314647137e+01
4.328864999580876827e+01
4.240905246315616495e+01
3.816274012254886827e+01
4.085257985367096722e+01
4.098208918485275376e+01
3.400079241615556214e+01
3.930315301534008654e+01
4.347483723432925729e+01
4.336645797357307686e+01
2.747874325070336710e+01
4.341566660318902393e+01
3.636999223811147885e+01
3.720730195776058480e+01
3.099963082295797534e+01
4.035863088941810162e+01
3.896823992061786868e+01
3.935383898746741949e+01
4.279019925531798663e+01
3.135153223189524141e+01
4.266472774552981662e+01
4.312927127355384016e+01
3.951925388434276698e+01
4.388243198397457689e+01
3.214580450390074162e+01
4.058600314907377538e+01
4.470391364721837135e+01
3.069030347774655709e+01
3.704649387988963838e+01
3.280238945042565746e+01
4.291772368446578412e+01
2.438635508996425116e+01
2.963505582585789355e+01
3.390645534904411562e+01
4.297393075678154872e+01
4.222900171058871166e+01
4.074635721685433509e+01
4.154109349588129874e+01
2.946791116591512605e+01
3.998433071679801287e+01
4.101015510021930766e+01
3.556356575631752293e+01
4.390487461250321388e+01
3.542906308353263256e+01
3.794663548586380131e+01
3.882273431128711394e+01
3.635475396643234092e+01
3.638956468484618512e+01
4.223412322133096808e+01
4.185305618150721330e+01
4.256244438611837211e+01
3.628129652483497125e+01
4.077942286977971520e+01
4.235468210993033722e+01
3.699762461223069465e+01
4.428776586750815625e+01
2.995540697639710359e+01
4.332438625078318495e+01
4.467929342821879857e+01
4.509198555553277998e+01
3.221202896976068075e+01
3.831933751460885418e+01
4.441016361507216459e+01
4.437384497634720049e+01
4.232574450108620567e+01
3.284567165202481220e+01
4.233462221964751393e+01
3.912259537781258700e+01
3.518163464975209109e+01
3.868170571654173528e+01
4.275017013929464582e+01
4.055599184860192707e+01
3.613220755023137798e+01
3.545395832919444956e+01
4.052072162195221949e+01
3.071479870814873792e+01
3.822608225582742847e+01
3.767590109601129456e+01
3.916919550479072143e+01
4.321081714332550661e+01
3.753514509453977865e+01
4.283371234997914456e+01
3.874954145969730490e+01
4.260057680020750581e+01
4.554716356921725406e+01
4.250544901555068122e+01
4.286904910628241794e+01
4.189948161703870966e+01
4.254423305300465330e+01
3.844169939541318115e+01
4.308912565768605418e+01
3.942221200566302031e+01
4.019250153426420979e+01
3.852536391895381485e+01
4.000382272988119325e+01
4.863606766991131991e+01
4.223622082072933637e+01
3.899848584153435382e+01
4.278127206899676338e+01
4.472708461170244476e+01
4.277578881117675280e+01
3.943010720168904015e+01
3.500794980033646198e+01
4.366810399208358007e+01
3.525090061338713809e+01
4.420051810027349148e+01
3.840239682714334890e+01
4.173504510692971081e+01
4.243585028595263253e+01
3.236369346479366271e+01
3.747108255444926073e+01
4.329545407256360789e+01
4.032650023543521201e+01
2.491543824229315263e+01
3.379259613803093742e+01
3.380638177119585208e+01
2.685222310678447855e+01
4.365461946497953960e+01
4.309873454914008306e+01
3.982083140313178404e+01
4.023970625996708605e+01
3.703818605784022822e+01
4.336958916043744239e+01
3.831258304804751447e+01
4.595852841470394168e+01
4.217920261153830097e+01
4.212378554728844193e+01
3.573143667641049603e+01
4.350934446741430861e+01
4.101792696654253945e+01
4.023440311313665063e+01
4.300679971178014682e+01
3.512378203791074327e+01
3.700932691681502718e+01
4.444824926335342496e+01
4.398821250611346301e+01
4.009300434885651043e+01
3.832678072866719532e+01
4.564533419003843306e+01
3.859257488497699029e+01
3.944846976746713096e+01
4.325804139588913699e+01
4.409157708877383897e+01
4.441215173913986547e+01
4.365421989407822423e+01
3.717451524336595980e+01
3.591978285518666780e+01
4.464299298499641111e+01
4.408058991706339214e+01
4.352722609852335012e+01
3.928638498123400780e+01
4.323200393067335057e+01
4.038148185153259817e+01
4.255816593692295413e+01
3.860304284043903067e+01
2.459015818866435055e+01
2.517820626311581478e+01
4.364871865890660274e+01
4.467460843567514672e+01
4.046628985741529760e+01
3.642810284165945234e+01
4.314854757526669715e+01
3.537488847184996388e+01
4.332873269114116255e+01
3.804381648491997936e+01
4.200491772486110165e+01
4.323815187722733810e+01
3.918645188381092481e+01
3.867500074260985343e+01
4.654929293190637907e+01
4.192256289074952491e+01
4.532495690961339108e+01
4.141535156022811748e+01
3.879716931942916602e+01
3.579573043263462750e+01
4.389759523885668813e+01
4.455320466698521642e+01
3.542823719693989659e+01
4.383490524054801796e+01
4.432021852062813849e+01
4.188028298363541069e+01
3.902857308971820771e+01
3.737259125596869325e+01
4.032948099184196167e+01
3.326172978168774108e+01
4.557786467331614233e+01
4.452902618580811378e+01
4.213047057046856025e+01
4.194756710507569863e+01
4.047008790392460043e+01
4.285428966838892251e+01
3.769615738600393939e+01
4.251734264956044029e+01
3.804959138204949198e+01
3.410240653901770713e+01
4.164364095513720088e+01
3.821020013194094389e+01
4.134492930139240485e+01
4.052077448623801814e+01
4.659056331630539205e+01
4.336758693958809374e+01
4.106981691470419094e+01
3.231246783427803848e+01
4.003111133062549953e+01
2.819904558082642154e+01
4.112436650409819094e+01
3.724372995454724844e+01
3.778271662907274475e+01
4.427861068892006813e+01
3.610329043549565853e+01
4.548519813400147171e+01
3.144108215787193927e+01
3.725409226764654136e+01
3.959887783584779442e+01
4.174325004835488073e+01
3.938862185718620168e+01
4.640725475702301139e+01
4.318956504711652400e+01
4.201946670669402550e+01
4.202736253968023306e+01
4.297095130565631393e+01
4.352075045190342450e+01
4.168232252218029998e+01
4.377878674607847387e+01
4.492026800333601244e+01
4.553422926609093224e+01
4.455405934078834917e+01
3.957775347267571675e+01
4.237459424481724568e+01
3.516063236790855484e+01
4.524146018285240700e+01
4.321723506707038354e+01
4.214924412262369202e+01
4.535272806822651859e+01
4.096220163381186552e+01
4.275239429036096794e+01
3.892964047254329785e+01
4.234425192533975491e+01
2.789137220572252218e+01
4.112324261620338461e+01
2.849642793344657221e+01
3.832245058061802467e+01
4.226298569435357422e+01
4.358813573600518509e+01
4.660776994218885250e+01
4.114973883755696704e+01
3.580562912631253880e+01
3.607606583508220410e+01
4.564731978484899599e+01
4.299347544808198762e+01
4.239423230948514032e+01
4.133611864335883723e+01
3.993638682796402151e+01
4.151312745887167921e+01
4.222297092564035381e+01
4.365858382004799410e+01
3.981558206334973704e+01
4.273901143189024765e+01
4.326721431401827545e+01
3.740935790142377471e+01
4.137698901094833559e+01
4.392514883897842992e+01
4.422190058532983414e+01
4.471111423564929765e+01
3.623033713004161882e+01
3.300583363579015383e+01
3.350553922873340440e+01
4.240778299529191031e+01
4.075606142018887823e+01
3.414472373326917420e+01
4.229373048391803991e+01
4.297625160321305771e+01
4.044701906547795289e+01
4.196461484876974879e+01
3.824526047706604004e+01
4.156743124138714052e+01
4.388533143066551645e+01
4.422397026592510372e+01
2.939017804149556667e+01
4.105363130759914014e+01
3.196227395455233378e+01
3.590710904714715213e+01
3.828943667657161143e+01
4.241450070728301114e+01
4.122670080228940748e+01
3.842086811432994153e+01
4.022092380085781826e+01
2.624313330845256331e+01
3.952810846696687719e+01
4.400153340874511088e+01
4.195402408280734363e+01
3.387887445265668163e+01
4.318464716203702380e+01
4.382165291368907845e+01
4.256410911986858281e+01
4.356523308864306188e+01
4.142721245791425844e+01
4.416713672732100093e+01
3.549589939674015682e+01
3.764828165520940928e+01
3.036052487791925714e+01
4.256105872872161910e+01
4.466900431521476378e+01
4.027185506393389858e+01
4.335696948500666537e+01
3.966555008665956450e+01
3.261966356961461599e+01
3.310683684423454309e+01
4.017581906717698104e+01
4.361384064801717386e+01
4.340463858169547962e+01
4.524957035664487393e+01
4.207601211761662796e+01
3.063400808855383062e+01
3.172538621868058684e+01
3.461892996736616368e+01
3.958013091352370338e+01
4.329570405271807232e+01
3.772754659392151666e+01
4.342021444718865553e+01
4.036822321023544191e+01
4.306656028252087509e+01
4.310725459121432124e+01
4.326456755301346391e+01
4.289968443414022659e+01
2.413645580742094410e+01
3.236347998029673789e+01
4.256268499910992631e+01
4.087722547763776504e+01
4.150707169275472808e+01
4.467982375670974449e+01
4.061298206233360730e+01
4.526963764555765124e+01
4.598443217530395088e+01
3.989247629851779209e+01
3.660736435455362425e+01
3.306501609913491535e+01
3.799614112657813791e+01
4.208837267428305751e+01
3.957376233993893777e+01
3.590437132872120429e+01
3.976422189469516155e+01
4.420752154199919204e+01
3.026473624173170762e+01
2.522109684309657496e+01
2.842577656901756455e+01
3.854483667505134292e+01
3.948493174360458369e+01
3.980782272344124806e+01
3.478623542031927940e+01
3.354627539427450245e+01
3.352185765824409458e+01
4.190085326111164932e+01
4.014784300756497259e+01
3.936579832600073559e+01
4.106234388187093742e+01
4.140160723862284442e+01
3.929369611141741103e+01
4.195867511491463375e+01
4.195674657742671343e+01
4.352154934114784623e+01
4.184662869740741087e+01
3.688428619382965223e+01
4.234111490724372828e+01
4.743247010002900055e+01
3.988412953437072161e+01
4.262393568731126692e+01
4.209150470540647149e+01
3.523053625727644089e+01
4.208916441530081443e+01
4.401917383074760437e+01
4.624786657024019121e+01
3.749636216283273882e+01
3.725184918244858778e+01
3.882485244979690719e+01
4.292994020843353553e+01
4.072806138094097150e+01
4.264733566030381695e+01
3.704297490794845515e+01
4.362092948777757329e+01
4.399686938143930348e+01
3.729362813857021308e+01
4.341185929581742187e+01
4.128304167686909665e+01
4.423158486803086475e+01
4.240691409695266145e+01
3.932628213745890378e+01
3.945224055348902681e+01
4.226132717939338335e+01
3.472335900834398359e+01
4.491242367295649274e+01
4.078793336443155226e+01
4.230409084173282963e+01
4.392621774819031089e+01
3.600837481873120538e+01
4.517521768607178956e+01
4.121015328945595257e+01
4.649184991658204780e+01
4.424816715579913051e+01
4.322470861885867066e+01
4.515234367921538450e+01
2.478094941713843724e+01
3.822737986465754290e+01
4.274097397652539598e+01
4.123015501050844733e+01
4.265379207325775468e+01
4.030836303161196810e+01
3.678517197886638002e+01
4.608253658289956434e+01
3.787588006782286243e+01
3.665534581573489703e+01
4.394392316926060715e+01
4.679993676698461513e+01
4.170553000621085715e+01
3.756394818838280258e+01
4.353948918632333687e+01
4.277076493294099180e+01
4.464803786593826374e+01
2.672724360159628887e+01
3.906688414461756764e+01
2.774537612036569456e+01
3.295525163260683144e+01
4.368783216931448266e+01
4.292030412354210966e+01
4.152196950865800318e+01
4.244942112459410311e+01
4.404526590374615580e+01
4.235544063103045431e+01
3.909335974202190300e+01
4.211327746668771965e+01
3.924200453250595899e+01
4.285527844049713764e+01
4.138357708229460030e+01
4.277432450742432479e+01
4.454619189485250530e+01
4.737550981159042607e+01
4.330094618365244230e+01
4.284261657546634439e+01
3.852047412348265709e+01
4.312341395725976412e+01
4.071104741994232512e+01
4.366562690570874850e+01
2.356854072479036333e+01
4.191096799879303347e+01
4.015608014334009823e+01
4.172555705353860844e+01
4.294954670288345966e+01
3.675471472696955999e+01
3.966737561948252733e+01
3.738613931965990389e+01
3.024503151862451134e+01
4.297295006315628996e+01
4.513347552442672139e+01
4.110227723657065724e+01
3.478439850422820712e+01
4.238004073109885894e+01
4.441420613765323111e+01
4.436360584217162994e+01
2.968716017134858021e+01
4.221190130678709806e+01
3.387287341531711604e+01
3.504199513546203804e+01
3.951838947219638243e+01
4.123440543693689619e+01
4.020156910059952793e+01
4.219202354813244682e+01
4.219945373440911851e+01
4.300484152823606365e+01
4.328618111586806805e+01
4.200194133869266011e+01
3.991221275737862584e+01
4.213476331867758518e+01
4.441047378569761150e+01
4.084678808030503916e+01
4.251373369087337295e+01
3.931357281918179325e+01
4.177727621884951503e+01
3.827142076739872323e+01
4.000555600755714636e+01
3.867704905345268429e+01
4.211997573203009892e+01
4.363902735412388978e+01
4.029685893567195620e+01
4.220982625819716816e+01
3.658274721970843046e+01
3.752035813074562753e+01
4.435499825677236174e+01
4.256844577476112335e+01
3.782361287094972369e+01
4.226108171477510211e+01
4.067453491896412032e+01
3.441706228528050104e+01
4.395792560968617124e+01
4.487880833939214398e+01
3.822797661321391161e+01
4.297319480975290418e+01
4.438894813712781229e+01
3.407713369499243328e+01
4.718384491144591664e+01
3.806812616794070436e+01
4.065832929484414393e+01
4.152809027260286001e+01
3.358779353922111000e+01
2.876592663733741517e+01
4.189553316153756413e+01
4.395896009530815007e+01
4.021377712751653632e+01
4.467420952582564553e+01
3.801503897526047382e+01
3.760100028587050502e+01
3.653681028512182394e+01
4.615845609227172730e+01
3.925454042307232783e+01
4.104691074950860497e+01
3.933439549303302840e+01
4.297891810023137538e+01
3.285067456912989314e+01
4.165232006563927314e+01
4.449883780312283221e+01
3.806100913862881896e+01
3.979446513466637469e+01
4.838125783180591810e+01
3.096475689938001707e+01
4.154169503871602132e+01
3.432850094341208802e+01
4.321905250553608369e+01
4.320488627742726351e+01
4.292767266948374072e+01
3.902098710414278315e+01
4.134049797306681739e+01
3.565283756589505515e+01
3.942229131657858687e+01
4.421075535214880858e+01
4.311282664087966054e+01
4.045462450939472632e+01
4.521347343699015653e+01
4.006341857793140804e+01
4.366816549293278626e+01
4.339809087656512077e+01
3.158719418005700419e+01
4.363865712000698949e+01
3.608820711515738822e+01
4.036085278422000755e+01
2.864610499806172328e+01
4.456951582195139139e+01
4.040373996351704733e+01
3.870613662128222643e+01
4.054207430372346721e+01
4.416607798336565338e+01
2.896028500119379956e+01
4.187636160272003849e+01
3.997936993255258642e+01
4.257358519537876163e+01
2.740645484107531971e+01
4.344793804331008857e+01
4.431318954883342798e+01
4.064611392359946507e+01
3.765937430940695663e+01
4.321737696460359501e+01
4.088857420035178336e+01
4.385337749629071169e+01
3.999875586358221824e+01
4.259318109153091569e+01
4.376907872534928146e+01
3.849015512678585083e+01
3.902958854981953607e+01
2.786777159013990257e+01
4.423350957456273136e+01
4.231319450702604001e+01
3.772603500274756527e+01
4.295804022514101206e+01
3.869736812161867334e+01
4.047356245885588066e+01
4.091216012457273621e+01
4.525882019408822998e+01
3.093145083140904816e+01
4.374516293300081315e+01
3.255500421694295454e+01
4.333697820703188341e+01
4.165252133166686122e+01
3.781026414144049852e+01
3.372383712762498220e+01
3.791396419250174432e+01
3.541165189725337825e+01
4.076596669444550258e+01
4.181931248527191514e+01
2.849243304762903151e+01
3.926443603530217530e+01
4.311732275923653646e+01
4.321584189418304334e+01
3.958304819466471969e+01
3.227084453150157373e+01
3.877996566137596091e+01
3.279158215345305649e+01
4.370075392598795361e+01
4.206429561282923402e+01
3.845996678666849533e+01
4.404686908463690997e+01
4.209593003017209156e+01
3.725767227515529356e+01
4.440113442897176554e+01
3.283074262993957149e+01
3.981481129150710530e+01
4.311425825740375473e+01
3.365208710181807561e+01
4.013415073952933199e+01
4.434675794360291690e+01
4.540482464305149790e+01
3.984083411942805242e+01
3.614521867656173981e+01
4.317192352075602457e+01
4.294831795706869570e+01
4.350356256988646919e+01
3.180080071009985332e+01
2.494722120149551259e+01
4.322843486201180241e+01
3.868690418871012326e+01
4.128706151674432334e+01
3.839157193857427330e+01
4.245930907674784294e+01
4.053156564539462892e+01
4.209000141406752959e+01
4.666324739670655930e+01
3.391620809712497220e+01
3.414003445415964677e+01
3.271349213977600812e+01
4.411847652971941613e+01
4.189165542377318019e+01
4.221789765689108265e+01
4.433989805821860131e+01
4.141812500253011109e+01
3.836941965149216571e+01
3.852613877142557186e+01
3.716163527345893414e+01
3.935319403945022998e+01
4.343536885271240067e+01
3.781717844538562900e+01
2.900682465336432259e+01
3.946195863679547955e+01
4.150579299108840559e+01
4.309350903370533103e+01
4.376203623855754188e+01
4.231267133622792187e+01
4.241881409171808315e+01
4.432521240323325884e+01
4.385486017726864816e+01
4.099857908100447190e+01
3.748924921784583120e+01
4.443162925494755910e+01
4.046056112137087979e+01
4.131017616342897014e+01
4.058429356295653179e+01
2.934295042002662512e+01
3.646577154264615217e+01
4.346637493467936508e+01
3.365175553625172711e+01
3.918606493369986055e+01
4.150401197545992460e+01
4.301949272580248618e+01
3.856999816735311271e+01
3.827013768181942766e+01
4.450857561085746283e+01
3.594531906634667706e+01
4.164346805712332156e+01
4.121310176452298890e+01
3.317309162358675678e+01
2.879478712616437619e+01
4.743231222898748456e+01
3.656452245723725269e+01
3.404663326637079024e+01
3.796731667084531381e+01
3.475883405145579275e+01
4.489146005892732205e+01
4.362965659779755612e+01
3.259506347496183309e+01
4.175440647354041346e+01
4.241221803297983683e+01
3.500957222990315643e+01
3.865796361383896595e+01
4.284938491858092391e+01
3.643947509286439157e+01
4.332668669563685171e+01
4.403446302318324967e+01
4.358254104302768894e+01
4.205750707559066370e+01
4.122492542542187266e+01
4.280646487457094906e+01
3.346274602744314564e+01
4.113422023448267595e+01
4.568203690527367655e+01
4.264217132185086712e+01
3.547663162151972216e+01
4.302890231583056391e+01
4.307178646299239944e+01
3.961858835007467405e+01
2.919400828739073006e+01
4.342900617667014274e+01
4.274854586900013942e+01
3.749601194354006850e+01
4.118513076390811278e+01
4.194802378299403500e+01
4.356646233244185140e+01
3.839134332999633159e+01
4.390521742113352843e+01
4.448557566342824288e+01
4.331227587059576933e+01
3.886484974057617592e+01
4.293182181622019300e+01
2.437136306427624177e+01
3.937840418929945940e+01
3.863424080988504272e+01
3.649286012243468491e+01
3.323782301744600431e+01
3.645289118923429328e+01
4.359580216583388790e+01
3.617978820365981818e+01
4.086256205984646783e+01
4.187437971554609106e+01
3.967899811104221897e+01
4.104512591208025185e+01
4.245221758825574909e+01
3.396940086302858219e+01
4.036898377741893995e+01
3.091440674459317961e+01
4.324303145237666968e+01
4.378970183752062439e+01
4.238532079508130579e+01
2.697968677187612130e+01
4.327079640379404424e+01
3.862218235146225709e+01
4.137858880225187619e+01
4.033834457936638529e+01
4.229043502078997108e+01
3.904798073933260127e+01
3.893900987073139675e+01
4.106112993122375343e+01
4.260518302916824496e+01
3.617940883811908748e+01
3.807043999043962401e+01
3.474354571855143092e+01
3.972228472643416808e+01
3.863271611281568596e+01
4.183199142072066934e+01
4.539586397557511788e+01
4.150777390817425783e+01
3.732919582051269458e+01
4.266102402385669734e+01
4.442128696657380971e+01
4.230913693678773768e+01
4.307435148409848580e+01
3.041455741115350264e+01
3.976646740700152094e+01
4.391336208127691521e+01
3.280946654101015980e+01
3.826893782477365136e+01
3.357158810847198538e+01
4.132084917438270111e+01
4.283487255481889378e+01
3.422893560616740416e+01
3.926004658371928713e+01
4.233287355104069150e+01
4.368432386796383327e+01
4.102924741352602211e+01
3.921535884305731656e+01
3.558171185543804427e+01
3.752975839591047702e+01
2.878526732386952958e+01
4.246251139693921317e+01
3.999472939048913389e+01
4.476469789241085095e+01
4.489013382067011548e+01
3.998292171888643054e+01
4.086896684454350037e+01
3.912689532746266252e+01
4.068713593973864562e+01
3.915558317672348920e+01
3.518432666428840605e+01
4.263445057469805022e+01
4.056752786442379488e+01
4.211907795406911248e+01
3.213332180373489422e+01
3.714679269861466793e+01
3.741472865865699760e+01
3.523604756303996766e+01
4.398566831190689186e+01
2.670958818861431894e+01
3.502282137582690780e+01
3.155239717596613858e+01
3.933412975057660077e+01
4.235002875038356507e+01
4.050322416981812523e+01
4.043802450573591045e+01
3.793661480913735318e+01
4.228830897811651823e+01
4.052706892273821637e+01
2.815421611623223086e+01
4.314139493231666478e+01
4.260968438935394431e+01
4.237223731874763644e+01
3.748706986661469642e+01
4.063989080756482508e+01
4.212164995169052872e+01
4.013493347374519260e+01
4.239415922507022572e+01
4.237887690832155130e+01
2.538947382679592835e+01
4.417599653104732482e+01
3.585391235862127246e+01
4.019958767607541006e+01
4.008569741836546996e+01
4.319662949376397876e+01
4.322101037278033431e+01
3.950024297383978933e+01
3.126308125586542630e+01
3.944367882965540417e+01
3.558412276928645923e+01
3.940769836882708432e+01
3.693173633195278427e+01
4.285926874893547733e+01
4.386232218924540405e+01
4.096950445228284110e+01
4.137711614789110826e+01
3.266353622807635304e+01
3.779580642906638843e+01
4.131467258861356129e+01
3.905696318966589331e+01
3.994238094413372409e+01
3.529142952507192632e+01
4.317360461407368888e+01
3.756929564973761870e+01
4.441768283518341320e+01
3.546978276407364916e+01
4.881098216670145007e+01
4.210858932568176272e+01
3.668582792009207338e+01
4.525476485766199630e+01
4.239382219806362428e+01
3.850097191343904512e+01
4.156317159467332800e+01
3.791864183560909396e+01
4.357426465394282644e+01
4.435797703856288621e+01
4.752963048943055213e+01
4.070678869834040370e+01
4.375575791754916821e+01
4.464132447906619916e+01
4.152169468439463174e+01
2.850154443137502014e+01
2.432800015374676761e+01
4.209488101178842356e+01
3.557119250577418512e+01
4.477197289397113167e+01
4.397162198671067301e+01
4.412897699608756596e+01
3.929258400772270932e+01
3.896582480335440835e+01
3.158601273369617601e+01
4.214400502465309728e+01
3.970717871260352183e+01
3.683731901122279595e+01
3.021552103835054126e+01
4.145760018176788719e+01
3.698630180756429553e+01
3.825826728770477558e+01
4.345013731121063216e+01
3.411627862453818238e+01
4.488437899933455810e+01
3.638382574149293447e+01
4.194200571220699914e+01
3.601149132040360001e+01
4.239807944272336471e+01
4.271409918381126403e+01
4.267800245363183365e+01
4.197044555917240416e+01
3.829794813888837979e+01
4.063259711592468193e+01
3.894057681893679757e+01
4.098474237991638347e+01
3.929909416373008213e+01
4.242906127021376506e+01
4.118997483812507454e+01
4.100918883668838788e+01
3.846665741557931284e+01
3.902988570370618504e+01
4.200053517854396290e+01
3.917191269732389713e+01
4.092300171898429539e+01
4.344774588668318671e+01
4.063633876053592076e+01
3.940935722208044467e+01
4.302457000454231206e+01
3.971336878343622345e+01
4.341857774168959594e+01
4.146868297692859073e+01
3.495783759565195226e+01
4.152557049853967186e+01
3.357510378194076850e+01
3.812886845495047794e+01
3.885405846921452877e+01
4.290711766009283679e+01
4.082061912480181576e+01
4.350850856217733309e+01
4.239539723493049195e+01
4.389425586482765596e+01
4.235978410408572614e+01
4.287653077467761875e+01
4.494589908470367590e+01
3.772171161668707384e+01
4.408521275183107235e+01
4.641734391802286552e+01
3.840085421799003740e+01
4.109889645896109300e+01
4.374814472106745455e+01
4.320190653749162379e+01
3.777135766238340864e+01
3.940603191741514877e+01
4.178699762267235940e+01
4.297504343677668714e+01
4.181176399195691573e+01
3.544845101248920827e+01
3.971510976833729245e+01
3.535250464353886457e+01
2.564093674648546184e+01
4.092585074300706083e+01
4.482534746289348959e+01
4.180340424455431503e+01
4.135644207801064454e+01
3.933332808359120492e+01
3.394583510908439905e+01
3.339355009445811362e+01
4.223988483627565671e+01
4.183140135467117915e+01
3.904445754624817511e+01
3.577093682519875983e+01
4.133727197453241331e+01
2.770196368970242773e+01
4.213160306586064507e+01
4.016658422604228917e+01
4.229707408219006481e+01
4.099689326830322500e+01
4.328688704687626654e+01
4.272380713520139039e+01
4.572224863777101689e+01
3.462440560915337073e+01
4.410965093173602725e+01
4.068574069793706371e+01
3.438177407946404429e+01
3.957190905429563799e+01
4.454923520859318842e+01
4.610489130859458839e+01
3.045119866920430596e+01
4.241294684127481673e+01
4.105355743181468142e+01
3.597628944387959393e+01
4.552677542863875715e+01
4.061058597739832976e+01
4.296283457785656879e+01
2.943134192030171548e+01
4.389762964929946776e+01
4.242356189903896535e+01
3.904333020363560536e+01
4.342153181875273305e+01
4.021633964132303873e+01
3.893595033463197552e+01
4.309003144870437296e+01
4.245854748660462263e+01
3.869977820358022313e+01
4.105687178869118270e+01
4.307835130883653108e+01
4.246652119425144178e+01
3.801901192191613177e+01
3.287217932128527309e+01
4.056484910130131283e+01
3.952412113155087070e+01
3.839201714266108212e+01
3.629091551619143985e+01
3.896239226437447201e+01
3.904811786333493728e+01
3.399392861532012944e+01
4.380456770063698713e+01
3.312113304254543777e+01
3.806623419512151685e+01
4.365588031476563913e+01
4.360222759312338070e+01
4.088923093985052049e+01
4.203538638212965139e+01
4.491973930764513057e+01
4.229275762918580028e+01
2.666218410923679016e+01
3.080127866904024359e+01
3.550556688739283118e+01
3.542566909052000312e+01
4.310160714156306483e+01
3.951430857601506119e+01
4.529035014209181043e+01
3.499501627614789356e+01
2.675588520268092552e+01
4.188213613987898754e+01
4.242855603401751097e+01
3.415724312846619171e+01
3.079836527032904314e+01
3.878639650459896870e+01
4.497053417697860311e+01
3.619712688820590074e+01
3.729800244997723269e+01
2.530383824202010246e+01
3.911982018748918932e+01
4.218418672541962167e+01
3.967727611460188797e+01
3.621334127333834374e+01
4.189732243443312854e+01
4.370039526680515252e+01
4.380022423193626224e+01
3.091605074482389170e+01
3.430596384074058847e+01
4.130492995737051842e+01
4.111063141485239925e+01
4.304452055845573710e+01
4.322622049929905330e+01
4.250929783537264228e+01
3.634428729968603022e+01
4.078649096031918475e+01
3.592287076782114497e+01
4.029554059458608606e+01
4.270230746278465972e+01
3.338547105912399360e+01
4.248062664569646074e+01
3.987828097351551548e+01
4.413095283830496385e+01
3.799346027831838768e+01
3.009491964980642464e+01
4.335382270701814633e+01
3.487899239884220037e+01
4.486049779732175580e+01
4.433468373712807420e+01
4.144637352385238671e+01
4.094840954242795306e+01
3.924735793903811043e+01
4.113045161910051917e+01
4.442694779610869915e+01
3.434856915041164882e+01
3.767104452054122987e+01
4.301759606886832898e+01
4.439233546959112431e+01
4.148456803243784208e+01
4.180568820466123725e+01
3.252390805452522926e+01
3.389217488633261866e+01
4.205951359569400694e+01
4.140755087374472510e+01
4.060931617341073263e+01
4.340250220939521597e+01
3.907562658594886784e+01
4.113971641826944392e+01
3.566035037944585895e+01
4.247177539814566671e+01
3.029070904805357500e+01
3.287710538139306493e+01
3.550193977462362227e+01
3.940309885059884465e+01
4.150834676026940429e+01
4.145425266522516949e+01
4.201137624464758602e+01
3.956919715860293252e+01
4.017751759974429149e+01
4.492042162823062057e+01
3.932345074195243484e+01
4.231201900460264653e+01
3.971318328919762308e+01
3.694378611579252691e+01
4.165767643172176804e+01
4.243996227755047101e+01
4.378575257883213823e+01
4.026413389110770424e+01
4.222402911671329662e+01
3.950704573667553632e+01
4.172024202838588991e+01
4.026546704889548067e+01
3.003609905068022456e+01
4.453032330349154932e+01
3.024202488946227874e+01
3.789248173566672051e+01
4.136533724548149138e+01
3.724447108170773646e+01
4.422475658160875156e+01
3.598876427626512253e+01
3.826422083984674316e+01
3.758793732649994723e+01
3.812113277163609837e+01
4.306238233674131521e+01
3.314608263338443095e+01
4.300112525011041242e+01
2.641770059569249796e+01
2.531830090997886629e+01
4.252991384169449418e+01
3.484077549128249274e+01
4.261044193514407397e+01
4.574944936496839887e+01
3.607484146589600726e+01
4.192557562266377147e+01
3.849077638066319196e+01
4.173252528642389336e+01
4.329306121432062326e+01
3.479695251087198926e+01
4.153978501906012610e+01
3.317316065707949946e+01
3.236334360510495145e+01
3.920350556981803436e+01
4.233869341875102776e+01
4.239739708745941016e+01
2.637490537708396232e+01
4.276573755688006173e+01
4.173113485785982135e+01
3.895003890827580051e+01
4.238366073946712476e+01
4.629512620213652241e+01
3.721244412533628321e+01
3.948838840616811297e+01
4.060904938213252535e+01
4.251454564463151797e+01
3.282628311478670469e+01
4.024242145850165286e+01
3.994867338693038050e+01
3.291198647237441577e+01
4.077973210322211628e+01
4.337790620671247410e+01
4.704012261415281415e+01
4.240619840256773898e+01
4.044839072068914021e+01
3.452266311737606230e+01
4.017838293950621420e+01
3.276069646002542868e+01
4.369911567111685002e+01
3.969600413510329417e+01
3.440687500226079010e+01
4.214032303306063909e+01
4.285649362121215944e+01
4.398086130364213631e+01
4.010830792561747415e+01
4.448251200268621375e+01
4.450748679340809844e+01
4.419889968964788807e+01
4.389135312426923718e+01
3.425129651651345597e+01
4.025102794199887057e+01
4.240543326626707454e+01
3.247825428247988100e+01
4.259685795988389145e+01
3.456920411490728640e+01
4.251957639149635071e+01
2.728058447420793797e+01
4.169903565702265524e+01
2.508616244832281339e+01
3.531853620309044572e+01
4.199980783252694749e+01
4.440401428629725444e+01
3.882346484062373548e+01
4.331298512747340368e+01
4.180612631587877814e+01
3.704460052164545658e+01
4.153631246769496244e+01
3.773536307797251510e+01
3.429735755227734728e+01
4.206130466108048438e+01
4.183634966433924518e+01
4.182751781801090374e+01
4.293047610044789053e+01
4.462325891265810185e+01
4.288495925279578813e+01
3.610728930725087338e+01
3.053108174145573273e+01
3.978489264529315506e+01
4.316172230485106098e+01
4.479006943457161327e+01
4.481490399220166410e+01
3.666464877912778775e+01
4.354903326089447546e+01
3.739244629310505275e+01
4.165677859637067115e+01
4.080808481064387649e+01
4.140807912039188921e+01
4.140836966885412807e+01
3.154301071410799651e+01
4.518870145328367727e+01
3.647794617704301601e+01
2.577355920482497353e+01
4.206454129952384591e+01
4.593868891097972806e+01
3.882955334547853710e+01
4.287798569875486265e+01
4.124664342511903214e+01
3.897491291810040792e+01
2.485114244014063445e+01
3.662839922405490967e+01
3.924868849661424264e+01
3.115188485856103284e+01
4.349373749767628539e+01
3.291155702481926681e+01
4.016922569341070215e+01
4.469632696139716188e+01
4.457438236102424867e+01
4.040067116536013003e+01
4.654661592128503855e+01
4.021110529336992556e+01
4.267868127934288225e+01
3.807237484069964495e+01
4.024756131217245780e+01
3.441525168382045052e+01
3.939448388846758320e+01
3.546094539354402997e+01
2.597478071607128314e+01
3.781645338248164734e+01
3.850380838701207153e+01
4.175073806249579178e+01
3.294556271597103603e+01
3.924122706655622039e+01
3.244750959387194200e+01
4.061730165642039481e+01
4.169181100405840112e+01
3.689014208862239741e+01
4.278257462078302353e+01
4.181999579394491917e+01
4.349359065644478051e+01
2.701518071026536916e+01
4.306911907185076416e+01
4.366380706497437814e+01
4.447255414361321613e+01
4.004254578093443229e+01
3.795768375196853839e+01
4.172000673514912705e+01
4.517417459094068022e+01
4.217236866963149566e+01
4.136281336628922389e+01
3.658646442892491990e+01
3.292415108436559734e+01
3.128588332555474949e+01
4.234189432064513170e+01
4.260233291305235781e+01
4.244383816725493119e+01
4.102268166933814086e+01
3.713149670102331612e+01
4.380147297075181001e+01
3.862864558680234950e+01
4.127666308723314614e+01
4.411486393351270863e+01
2.557042009909578084e+01
3.832943076780527036e+01
4.457783653115806288e+01
2.658002062004641886e+01
3.513801970146204923e+01
4.144094680645356732e+01
4.217157367005063406e+01
3.859880739014403161e+01
2.769316201663539445e+01
4.322897693223924165e+01
4.003157639562493841e+01
4.249213337239259403e+01
4.093191629795745001e+01
4.168150776121267853e+01
3.462181721992975980e+01
4.075112069765738454e+01
3.469585846577159316e+01
4.273140716211463541e+01
3.654871903005057732e+01
4.287000904899678488e+01
4.067605401121183206e+01
4.283595140239443566e+01
4.146247361692944366e+01
2.557480037307748688e+01
3.421730786593261797e+01
4.201729670683793216e+01
4.343799519951981125e+01
3.757961756041949286e+01
4.230094189274393557e+01
3.910001649718211070e+01
4.367464807203965194e+01
3.669993719375125352e+01
3.876359654313707637e+01
4.251017059558796518e+01
3.997713654895689217e+01
4.128277713011200234e+01
2.847490077417413445e+01
2.704697183665126303e+01
3.904524132387020074e+01
3.696710655816567481e+01
3.966305251341304938e+01
4.350500025797133219e+01
4.525055848746517029e+01
4.197124490887895121e+01
4.031715783417814691e+01
4.254594664067754195e+01
4.099994375845744088e+01
4.676025823421544203e+01
4.156061296346056366e+01
4.220244189267075541e+01
3.921065756328965080e+01
4.562904008678441414e+01
3.527325551328819842e+01
2.506275853478607019e+01
4.344868981548816578e+01
4.207647700625511078e+01
4.187380086954193814e+01
3.220393996288066063e+01
3.833132577225295989e+01
4.253694320843927557e+01
4.022205748158295791e+01
4.068839962244427255e+01
4.339601780784012419e+01
4.327013930111768758e+01
4.052758928320326248e+01
2.706298681415847796e+01
4.351497234235537803e+01
4.319474169350538517e+01
3.603039024274150393e+01
4.345018230084002653e+01
3.791879535325527684e+01
4.279744080052708455e+01
4.321827306128320600e+01
3.690648478162277968e+01
3.371280798794376921e+01
4.297554507779173605e+01
3.507604449323349627e+01
3.948509583728994699e+01
4.139748758897863468e+01
4.125025800825154931e+01
4.095441685294029810e+01
2.569203575077218105e+01
4.101841821923221687e+01
3.679929202006380251e+01
4.362087313462011906e+01
4.280351536880971253e+01
3.874624705201971864e+01
2.877619371092644940e+01
4.170457160100005467e+01
4.090881589577250566e+01
3.768713701435989805e+01
3.717444693356087981e+01
4.485880343745214560e+01
3.937884304877912456e+01
4.076262589562164607e+01
4.252567711037055886e+01
4.794832838109486772e+01
4.458192219599114026e+01
2.955708397704787771e+01
4.275151151970680274e+01
3.518982586187414796e+01
4.419139159073268530e+01
4.315813602444970343e+01
3.923321435502832344e+01
3.916229536845357728e+01
4.015508957877375451e+01
4.223608702006298188e+01
3.823552777617201315e+01
2.895290973807873769e+01
4.134218059170363802e+01
4.427298222411715045e+01
3.658632941682501638e+01
3.963255478552143529e+01
3.324256401423132701e+01
4.443567126829906044e+01
4.414706461648843572e+01
4.300567788114272361e+01
3.678098154399130237e+01
4.199914515786844049e+01
4.156482795604837577e+01
3.113455870543698012e+01
4.049892338187602547e+01
4.078922066162235893e+01
4.374490491457075336e+01
3.232843933484949872e+01
3.001268791318452500e+01
4.160419240301222032e+01
4.029133175310343518e+01
4.348153139075132145e+01
3.770777110944856503e+01
4.103406672913058628e+01
4.435732513092997209e+01
4.220468842676549315e+01
3.169287852069201250e+01
3.707102404418427000e+01
4.391234631615110118e+01
4.269877251816971153e+01
4.672018159866774312e+01
4.205321398345526518e+01
4.173635472528504664e+01
4.131795117128776695e+01
4.626728531194873284e+01
3.816068190552017825e+01
4.550409247048057182e+01
4.101162796285358070e+01
4.387261612583236570e+01
4.479519992496611991e+01
4.253717787488244539e+01
3.079496971502675251e+01
3.865956005582524568e+01
3.649068509866230414e+01
4.311573174138917608e+01
3.821631312512471368e+01
3.948094511082773295e+01
4.201893852127886930e+01
4.124531030697230705e+01
4.158972356543026905e+01
4.367684054620290368e+01
3.989896429658043076e+01
3.930775706547357373e+01
3.160520398014127608e+01
4.280592207459046961e+01
4.204535120176618079e+01
3.847562801619746153e+01
3.901188296413753420e+01
4.564211101693944528e+01
4.085274787447025346e+01
2.796175982129133786e+01
4.555470858719816363e+01
4.374058973914397086e+01
4.721452297451364899e+01
3.922894295542785414e+01
4.456393170537370452e+01
3.422637877792808325e+01
4.214377436878466909e+01
3.927891033848520408e+01
3.978055056824971558e+01
4.293801390516696870e+01
4.375159911731324769e+01
3.148674499766506329e+01
4.400033963744146348e+01
4.472681508315886134e+01
3.587104452698930857e+01
3.316333591218816679e+01
3.252034813150165604e+01
4.232149562961829048e+01
3.960354299104288600e+01
4.394836925774446001e+01
3.604256894133581568e+01
4.221117687473024205e+01
4.178150637729643080e+01
2.796948929921020621e+01
3.605958151029269487e+01
4.051809783265142073e+01
4.354431392035909454e+01
3.900499917383324799e+01
3.731473199264778629e+01
4.306574287728042805e+01
4.760846439710329747e+01
3.974301636558209339e+01
3.964748349831406671e+01
3.497046309165303768e+01
4.274844313233849391e+01
4.116119824461799226e+01
4.280072921601840363e+01
4.748852852227712162e+01
3.750875809257573223e+01
4.332840074374802697e+01
3.945759005266518926e+01
3.939086390966319584e+01
4.363319800264633130e+01
4.397398417930577352e+01
4.627566328465026402e+01
4.254234537141586969e+01
4.271521031562060244e+01
4.458676415268737259e+01
3.137903104915787367e+01
4.255739813647230818e+01
3.691115106512145871e+01
4.285242193749527928e+01
4.226300582638119607e+01
3.392480661201052783e+01
4.575459560251185565e+01
4.327009878974102008e+01
4.254125797109242058e+01
3.873037777712779217e+01
4.671389286146305864e+01
4.163317744694229106e+01
4.343729449209063631e+01
4.433599932930364673e+01
3.740300302218646777e+01
4.308883328149707381e+01
4.197610963858214461e+01
4.683285133960139746e+01
4.405189780587672743e+01
4.448873183092172923e+01
4.237640554688372418e+01
3.816537669416975831e+01
4.215813878965456496e+01
3.432936259033274951e+01
3.764641367219867618e+01
4.163185170510134725e+01
4.029201950878724858e+01
3.462645273299106918e+01
2.625539942384541092e+01
4.142046919414396200e+01
3.597465922187442544e+01
4.070157158908599371e+01
3.698778922667335678e+01
4.389958436783999218e+01
3.926563780332090658e+01
4.359864634999109256e+01
3.876572969276877245e+01
4.114847714921357635e+01
3.927557875699598355e+01
3.889886630460707551e+01
2.988471754659043711e+01
4.109818488804146597e+01
4.033732315157875803e+01
4.370825747076911227e+01
4.203533801346114274e+01
4.113141570146149206e+01
4.086139854542886241e+01
4.237102955968716600e+01
3.594061947998517326e+01
3.932304672793884492e+01
4.120190576683677364e+01
4.316020430669043861e+01
4.343845088421815603e+01
3.712977399464750050e+01
3.849272519114887814e+01
3.413458204397274187e+01
4.122483850994257182e+01
3.912699578701704439e+01
3.818761424888538158e+01
3.871408558000038624e+01
4.565037164147799587e+01
3.940182937145924313e+01
4.326377482812563358e+01
4.162169877166795118e+01
4.162110968686566537e+01
3.991466176441304725e+01
3.602443794288722501e+01
4.277436545107028110e+01
4.511588463320745745e+01
3.057958221764597440e+01
2.751909546896104430e+01
4.070054163763446553e+01
4.411567371711991825e+01
4.312446910457642701e+01
4.413924388337557048e+01
4.522989682596151084e+01
4.046320595040787538e+01
4.146934164621637109e+01
4.064462980295982675e+01
3.305719336146044185e+01
3.548774958913153910e+01
4.270162582268702067e+01
4.528269358539190392e+01
4.528875625865831012e+01
3.725806201456582301e+01
3.598757963119023628e+01
4.180018346816530794e+01
4.121260002308493142e+01
4.013140315230530319e+01
3.483955611676165631e+01
4.212750866141828254e+01
3.459791815058268583e+01
4.269761262514410305e+01
3.248384219298053921e+01
4.144707488140674911e+01
4.142981306664442087e+01
4.108473604600993667e+01
3.065527979479824339e+01
3.909322039041295938e+01
4.363694147131230494e+01
4.015873333085702512e+01
4.660643672851315245e+01
4.088691686572331463e+01
4.002870901714194929e+01
4.558860075446960280e+01
3.694310507806006427e+01
3.008110027169451683e+01
2.505540755762196881e+01
3.848433468059332796e+01
4.515003215480964371e+01
3.853608788411454356e+01
3.930456171866798343e+01
4.266499858723841498e+01
3.906789137297408843e+01
3.644225789713124897e+01
4.266957125577679477e+01
3.755023135910249721e+01
4.121558941394189191e+01
4.217770928541461473e+01
4.066753546996871904e+01
4.190414870860982433e+01
4.223651051198807949e+01
4.523746481036494060e+01
4.486030309326542209e+01
3.842668965947974868e+01
2.762586128571317445e+01
3.582179829796584158e+01
4.308423259175649633e+01
4.439582994934058036e+01
4.260855615323204404e+01
2.735927742272570740e+01
3.857211308150437645e+01
3.067337805317072608e+01
2.433983246499102648e+01
3.378703475529604816e+01
4.231414162160957204e+01
3.811623945355367482e+01
3.787151662298221311e+01
4.354756392644207352e+01
3.881642245263657287e+01
4.294102562288723135e+01
4.271588783128427025e+01
4.324984445384960452e+01
3.852183296804381030e+01
4.639055896529925604e+01
4.274013865064389250e+01
4.585575471254679769e+01
4.030562826476939620e+01
4.487297459214803297e+01
3.227698200114883065e+01
4.192547320189660809e+01
4.409512302238937309e+01
4.316944522931702721e+01
3.155253650628515416e+01
3.388941923515273658e+01
4.362185353761983464e+01
3.041391470350555437e+01
3.728140067961206938e+01
4.267383815429666072e+01
3.318028312466397267e+01
4.396621565181727931e+01
4.177223028652262116e+01
4.059480617955477300e+01
4.651396588728253789e+01
3.983201090544864797e+01
3.565759865063192535e+01
4.255311560068372501e+01
3.984712028480765866e+01
3.782625004546333969e+01
4.335928094442790126e+01
3.434577610766259426e+01
3.180722380617652334e+01
4.241504950932722551e+01
3.043304270323794825e+01
4.386025747145362885e+01
3.839091208587588255e+01
3.811214444575065130e+01
3.983434456934963919e+01
4.314321206364765970e+01
4.337361199873508610e+01
4.215644829376230973e+01
4.193869984129665340e+01
3.613419580202076986e+01
4.244542624992076441e+01
4.053622696512710633e+01
4.210257695117095977e+01
4.686344079476128144e+01
4.670864264316076486e+01
3.901523883465362275e+01
4.574980093583618412e+01
3.743206326971532150e+01
4.089270947240974863e+01
4.367152616352137784e+01
3.294474260841194280e+01
2.790443283486681025e+01
4.272308844038219178e+01
4.132926281852380868e+01
4.355765355839253772e+01
4.266515577446283203e+01
2.862508385014099943e+01
3.858399714070363729e+01
4.295020491773276916e+01
4.686265505234686657e+01
4.201088547800788575e+01
4.238686008713688835e+01
2.671918315628562368e+01
3.633181168751032430e+01
3.627032450620907866e+01
4.528722806724206151e+01
3.994633074816983509e+01
4.403557175582665906e+01
3.696065351728236692e+01
3.907324229607475985e+01
4.003673274344605915e+01
4.315938055132291140e+01
4.392354407007007921e+01
3.679356338224872047e+01
3.548117252248133724e+01
3.770866816641331098e+01
4.297968284372497294e+01
3.992263923106592927e+01
4.101141449206411238e+01
4.639777174597382725e+01
4.304913110319751723e+01
4.428288090096400964e+01
4.226099657073523019e+01
3.711564506690660892e+01
4.099322048586980571e+01
4.053672376266418809e+01
2.983769789570891362e+01
3.142097791075014968e+01
4.383607401874008502e+01
3.484869391450358478e+01
4.193427153965784981e+01
2.944007806110792203e+01
4.083092471640674148e+01
4.046309081623048343e+01
3.937295336917777178e+01
4.159731291351180715e+01
4.347853495632008247e+01
3.980205814979865409e+01
4.522160095972518690e+01
4.189042326951339135e+01
3.709915820764403094e+01
4.149247804380664917e+01
4.350827429425491033e+01
4.124997867836226106e+01
4.397852776176107881e+01
4.248864498525240663e+01
4.011022245871125591e+01
4.178506452002540783e+01
3.841141282159252768e+01
3.974002605586341019e+01
2.908812872751770939e+01
4.095891748323286663e+01
4.378467216623677416e+01
3.879558544393383812e+01
4.400948676093779710e+01
3.967301336762392339e+01
4.383484087130798912e+01
3.784638041790181262e+01
3.991018046661786656e+01
4.350266019971815012e+01
4.540797565261809154e+01
4.526009507419610145e+01
4.386221300724065486e+01
4.355018788110567129e+01
3.634743973695942287e+01
3.963201609152545046e+01
3.644420694143656192e+01
4.010540768742882989e+01
4.165643739062782203e+01
4.342890489498416429e+01
4.315615783647747605e+01
3.742555830410474016e+01
4.377791397990507249e+01
3.982875453517048214e+01
3.893406176066348223e+01
4.252039351244785337e+01
4.117157775585693713e+01
4.470078071919676432e+01
3.439280997282422447e+01
3.760242516258702494e+01
4.128035189394820037e+01
3.942561502591802025e+01
4.412115288695784443e+01
4.559198234032447061e+01
4.217164166409833825e+01
4.465203494227269942e+01
3.180721408299224606e+01
4.322676825850340521e+01
3.829263071687069697e+01
4.140375097418906591e+01
3.446144276309852472e+01
3.853710246119204186e+01
4.344691013876754226e+01
3.959855450352247885e+01
3.751372567840320471e+01
4.286408789258728547e+01
4.454307706730522654e+01
4.370588508727598764e+01
3.934184026291029568e+01
3.989306423468033813e+01
4.462408186131232668e+01
4.203839581853414131e+01
3.960717666052272534e+01
3.983592103192336253e+01
4.046892403699968099e+01
3.951155028635054123e+01
4.037414096220873461e+01
3.789129124834115458e+01
4.255158201550612063e+01
3.895274809326561893e+01
4.333130554925061517e+01
3.891208250412453395e+01
4.286753182425679398e+01
4.429509851916788676e+01
3.845038830846509370e+01
4.084254486249475491e+01
3.034542301024469424e+01
3.225000415776822393e+01
4.140963520110994978e+01
3.955108957010062198e+01
3.604518429831703230e+01
3.939435035352445169e+01
2.742865556080599632e+01
3.099701564608126603e+01
4.318007921648867153e+01
4.443012784378077384e+01
4.450567485246792643e+01
4.104827179338815313e+01
4.012266195883260878e+01
4.244682703457578299e+01
4.406869537228404710e+01
4.062607971918989591e+01
4.246784516878396687e+01
3.568214165386778092e+01
3.392920959549303461e+01
4.047995147726895482e+01
3.456491546386932612e+01
3.527020350094139189e+01
3.916292560465372219e+01
4.286425992088540227e+01
4.381682971978869290e+01
4.014263013624908893e+01
4.171833964527780125e+01
4.595077581131550204e+01
4.036528056832251110e+01
4.360365824719550432e+01
4.069140024490804564e+01
3.275458730076334035e+01
3.277063880706563026e+01
4.217855139219328464e+01
4.250455927925713695e+01
4.439793887806541761e+01
4.309379778260981197e+01
4.345083410398747503e+01
4.482947667225180766e+01
3.907810899931820359e+01
2.926428614893440283e+01
3.674263589246438499e+01
4.263237970309777580e+01
4.241529857221753019e+01
4.337273189957493003e+01
3.990010309728435089e+01
3.978607649515957689e+01
4.362057100132246035e+01
3.953288858368022574e+01
3.341175529464195648e+01
3.166501302643231952e+01
3.767211179898874462e+01
4.335661920430911209e+01
3.856171899723081253e+01
3.892667886560553825e+01
4.238222176964693944e+01
4.472439507626094723e+01
4.162328089063841929e+01
3.683335286691816179e+01
3.670333990989976769e+01
3.810696023800979049e+01
4.037647016840477221e+01
4.395297377479888468e+01
4.218826071478531503e+01
4.460817112975960441e+01
4.258296016748338531e+01
3.908864924383766493e+01
4.186976543809845452e+01
3.933163422336279069e+01
4.142557895725423833e+01
4.433853532061396407e+01
4.451811603795398042e+01
4.055193657167304622e+01
4.040481491187939866e+01
4.242621215129091894e+01
4.345232774168387380e+01
4.481508825636646520e+01
4.402856304777516527e+01
3.354287541569835440e+01
4.317087705081814875e+01
2.610205507711215489e+01
3.916491168630112440e+01
4.341314331701498475e+01
3.093383208731792422e+01
2.774799570308016428e+01
3.805148481500066282e+01
3.479153570917883087e+01
4.140995656294111882e+01
3.469827534779213352e+01
3.640861167067741633e+01
4.258896443854929004e+01
3.214428448856192944e+01
4.233719694311290738e+01
3.857120250390343585e+01
3.899451448654148322e+01
4.261429070334623503e+01
4.218053719922952638e+01
4.653488362368995013e+01
4.141474960007742823e+01
4.333903858483475346e+01
4.184082623126685974e+01
3.866204285377239813e+01
4.482313669470622841e+01
4.131012109948201072e+01
4.003664817997176328e+01
4.345187410351597634e+01
4.296403018957806097e+01
4.408503514817981994e+01
4.436359675657941182e+01
4.394885685690606181e+01
4.235255289516791066e+01
4.163914952699644090e+01
3.808775825325054143e+01
4.232354579698277774e+01
4.510883092905881853e+01
4.112471716519188192e+01
4.442666312744884749e+01
4.542514778514637896e+01
4.294895182508971487e+01
4.406886275862381552e+01
3.455388998518539267e+01
4.288227700115037067e+01
3.323740837123706626e+01
3.411141820687546300e+01
4.297683399026006867e+01
4.415367706927588642e+01
4.467124610220101744e+01
3.994949959018657637e+01
3.522724445100271140e+01
4.144208578268686693e+01
4.016271983773032161e+01
3.463865581058254151e+01
3.142549547252625075e+01
4.350964360907919826e+01
3.681058610239998785e+01
4.413139956360674176e+01
2.733743563137038635e+01
4.298198851385954811e+01
4.440447920158464967e+01
4.331161455869233379e+01
3.815603967901110138e+01
2.833648591853640397e+01
4.431342369355563449e+01
4.037330055543512941e+01
4.124053311075839190e+01
4.371461335047505514e+01
4.311783264725670506e+01
4.287419985913851406e+01
4.349374328571411041e+01
3.917109554992912734e+01
3.221797815539298426e+01
4.473791907885835428e+01
3.513950082270166320e+01
4.169526916617738976e+01
3.989327952216560647e+01
4.235494437786039867e+01
3.469799878597795839e+01
4.515867430901620594e+01
2.586616501659199585e+01
4.125375879940503410e+01
3.056761377569686999e+01
4.167202137758021507e+01
3.879529033634815249e+01
3.704954439908019026e+01
3.884269646421731892e+01
4.169422985730033560e+01
4.335616487203532188e+01
4.046164373072734577e+01
3.709007815162603094e+01
3.426495337484777082e+01
4.278675820084378500e+01
3.978675897728980715e+01
4.556820853026357554e+01
4.287843478866333413e+01
3.882189910435261737e+01
4.333022254988579647e+01
4.193634424003997907e+01
3.589908340125337105e+01
2.779198670400978344e+01
4.430631372745674668e+01
4.755190258214075527e+01
2.575507498408618190e+01
4.071715357034715765e+01
4.365185729642309553e+01
4.244102726352907240e+01
4.431875491702314918e+01
4.399793989772927461e+01
3.535481391546249341e+01
4.254025472223562332e+01
4.240988899181277816e+01
2.999449832303331576e+01
3.814770094642151577e+01
4.293998675680074939e+01
4.392977966821984381e+01
4.776916417746868859e+01
4.367172989425080942e+01
4.193151614761719514e+01
3.706882976087192105e+01
3.535595675441238228e+01
4.243969986467722322e+01
3.684427877803697271e+01
4.250747205263221673e+01
3.353965468920341664e+01
4.182678492028828288e+01
3.850533567809953439e+01
3.923090135604992668e+01
4.391280048119925539e+01
4.103216824590629130e+01
3.814839902092473523e+01
3.933540105974391565e+01
4.505084356204225315e+01
3.612017228733552798e+01
4.155824943638370428e+01
4.278141256715311869e+01
3.912741781812463415e+01
3.575256949676276719e+01
4.436338918799101805e+01
4.137607570432915338e+01
4.643063724666002656e+01
3.885681638588057751e+01
3.506266723407043173e+01
4.628331165274258296e+01
3.927217747049756724e+01
4.330543264288856165e+01
4.034679711179168748e+01
4.496760663213115805e+01
3.924580786057753556e+01
4.585588146167488333e+01
4.158913665324977416e+01
4.249962727908659588e+01
3.199246212561102709e+01
3.939523654753225657e+01
4.019934151284765278e+01
3.844487272375392450e+01
4.347272220465860215e+01
4.433571403498875441e+01
4.027525513259956114e+01
4.215628572384921569e+01
3.391924897989746057e+01
3.976146522945541761e+01
4.328100509753655700e+01
4.459498127566205028e+01
2.987957952861631483e+01
4.211890371969276003e+01
4.407876224358483341e+01
4.211218713004716108e+01
4.251606861030487039e+01
4.804318697632092494e+01
4.222515177828381638e+01
3.811733412151277633e+01
4.615013536191222698e+01
4.305638223732098169e+01
3.920719534709508736e+01
4.077697211922747300e+01
3.613362379940954128e+01
4.224409259633548430e+01
4.566867334822235591e+01
3.900784183115419523e+01
4.189367819012123562e+01
4.230151332717667145e+01
4.120303942245690365e+01
4.159930710935785925e+01
4.327981981040179704e+01
4.400928052452423600e+01
3.823998454131773883e+01
4.073733061182760196e+01
3.928512629270792189e+01
4.183012025937973277e+01
2.936370055137401636e+01
3.817679258223974159e+01
4.261072537958389717e+01
3.850395034708277109e+01
4.078132735247766760e+01
4.231590933011512590e+01
4.155497327521153039e+01
4.357982456690371720e+01
4.274975566849587949e+01
4.042145333127422901e+01
4.349751789835837457e+01
4.893151118433682001e+01
3.787490285228867748e+01
4.349328520465450509e+01
3.183726763396528270e+01
4.617576573421172981e+01
4.358587198353896497e+01
3.513618510812207774e+01
4.313526448354993903e+01
4.251095867349823010e+01
4.368412575184410684e+01
4.365373411118918767e+01
4.336621301709049447e+01
3.414712984589460376e+01
2.722042260031149752e+01
4.202561741761832792e+01
3.709941731869476911e+01
3.333459185897642385e+01
4.132006603978326353e+01
3.859314393952484323e+01
4.318558715721561470e+01
4.137694702130017532e+01
3.576418018930911558e+01
3.878930079086635629e+01
4.068974329572473181e+01
4.252660957491747240e+01
2.696744216564703223e+01
4.117045956024742992e+01
3.493741852029262418e+01
3.167208504417810744e+01
4.225919090819568424e+01
4.401339066265547473e+01
4.340542859680140708e+01
4.596287755780678452e+01
4.258268849956284896e+01
4.230016868335507496e+01
3.618493718551759741e+01
4.196902537248423215e+01
3.727946453052337716e+01
3.498311798017446250e+01
3.130580955002830024e+01
4.305393654754226418e+01
3.073926165917239572e+01
4.116959252296024374e+01
4.357553048576578192e+01
4.258932322331077813e+01
4.287534950543182077e+01
3.812084030998934736e+01
3.809532514856820029e+01
4.268736321590032645e+01
4.244261065457794757e+01
3.137574245898660763e+01
4.661702229793589680e+01
3.681124493871370618e+01
4.172869421782666421e+01
4.024899060010957896e+01
4.079940744382356144e+01
4.194627376585223999e+01
3.260640981321287768e+01
4.288308890581024002e+01
4.241944378743780675e+01
3.591843756541560850e+01
4.579033913165524439e+01
4.038317564880625099e+01
4.284391044897071765e+01
4.398327144875217698e+01
2.877079614610335412e+01
4.334812061391313875e+01
3.751169702855989385e+01
2.587809712473529800e+01
3.546559289001216797e+01
4.495282146754306751e+01
3.693439855655677917e+01
4.477916782373714000e+01
3.338350649576673845e+01
4.237724864185124574e+01
3.865338563727419086e+01
4.151633856857534965e+01
3.680092333760163115e+01
4.100546986675641392e+01
2.448229091224855125e+01
3.138433563702999862e+01
3.515058725978424548e+01
3.263727258670829912e+01
2.992576470646527653e+01
4.039468460425053564e+01
4.204502320709270435e+01
4.371227415415248174e+01
4.422155977632537116e+01
3.984955649824961910e+01
3.026967435548550966e+01
4.518340417723951674e+01
3.269526523664922735e+01
4.450655001408160416e+01
3.880710507746767490e+01
4.556098733935812817e+01
4.144631282819641882e+01
4.248142700908731939e+01
4.287672308597913684e+01
3.584163723017337588e+01
3.974258275554649344e+01
3.101735839395239935e+01
4.074857535765151795e+01
4.236987569208967130e+01
4.659274626481007431e+01
3.244175161170189625e+01
4.283201997051394727e+01
4.359529705373498842e+01
4.666944969174313229e+01
3.948184891973677679e+01
4.494867324843109913e+01
2.534510901344097888e+01
4.279694340793606244e+01
4.266951444391274606e+01
3.941617868050705198e+01
3.782109501440771027e+01
3.725683920318358844e+01
4.351889806248173898e+01
3.721708676533730653e+01
4.164433957253805119e+01
3.829268994526822922e+01
3.821699166399847059e+01
3.883994220453377011e+01
3.953768895728753563e+01
4.005274521108150054e+01
4.264661355146301958e+01
4.222397185005907261e+01
3.581718175743732502e+01
4.101728460805179566e+01
4.327075996217948273e+01
4.255480133953339106e+01
3.539364998200402823e+01
4.033089087390997207e+01
3.858198604718221958e+01
3.808868612157236555e+01
3.625904809217630032e+01
3.993898204407437902e+01
3.145158776129731137e+01
3.088142989608201816e+01
3.702878662208841121e+01
3.718486478070829548e+01
4.696706902957556196e+01
3.323133857691749427e+01
4.269786326510749319e+01
4.239021453820821250e+01
3.736799460406279394e+01
4.764586006563202858e+01
3.530717067898708450e+01
4.270766670131447285e+01
3.803161093860891384e+01
4.125931825392460439e+01
4.441473221832816876e+01
4.468507976225107114e+01
3.887009603643502942e+01
4.567673094903710762e+01
4.223803307161782783e+01
3.004631391706818633e+01
3.952306300318530674e+01
4.142571198463094362e+01
4.278345669763233161e+01
4.387869955775010311e+01
4.408289425381601490e+01
4.191891364392453312e+01
4.180965257290065296e+01
4.295461935542597587e+01
2.634430786547022763e+01
3.000422868142128863e+01
4.582811462537313929e+01
4.119843605541922926e+01
4.080659372491328440e+01
4.436774083902232491e+01
4.105684795336361503e+01
4.040295364879610673e+01
4.284578898369652222e+01
4.348565774543820339e+01
3.177006277537057244e+01
3.933932849894476647e+01
4.121267182101951931e+01
4.301245059806331028e+01
4.190170426337238752e+01
3.909500184433736081e+01
3.884325938826740554e+01
3.200660440396971751e+01
3.824824488953132828e+01
4.156288588152538210e+01
4.106715760227203305e+01
3.899078360432707768e+01
4.174079484686349417e+01
4.343024676008717933e+01
4.156017962357427820e+01
4.282148468966531141e+01
4.284137865681328350e+01
4.277069590803813526e+01
2.607415557746672974e+01
4.343582784374280692e+01
4.414978617099788494e+01
3.280904691290743358e+01
3.387716327521047077e+01
4.277214973010007526e+01
4.328414928447259769e+01
4.088404568031926800e+01
4.280896211822446418e+01
2.622668491763965548e+01
3.761978404657138952e+01
4.114380346538603561e+01
3.952574890788787343e+01
3.854637913381603909e+01
3.592263689880395106e+01
3.936969894730504649e+01
4.207692777903953640e+01
4.372340956448328342e+01
4.927558236048690787e+01
3.378863983081154743e+01
4.059003225689006200e+01
3.836444618559703912e+01
4.257936378165666724e+01
2.745722969035969285e+01
3.841314696740753476e+01
3.495229397487468503e+01
3.907775021721236897e+01
4.261516648464494494e+01
3.904262273911476200e+01
4.265692615715583713e+01
3.844459120588119561e+01
4.222472727612586141e+01
4.192492437415426565e+01
4.067299786497979142e+01
3.949609720117092593e+01
4.248253395318007364e+01
3.432994504500203448e+01
3.696851003051984463e+01
4.330934242116283173e+01
4.615262933747686702e+01
4.294089062856320993e+01
4.252607973835112887e+01
4.649876593655557144e+01
2.490157768206007916e+01
4.045883964900315277e+01
4.263096833229064941e+01
3.768458257216324370e+01
4.402861915544124116e+01
4.327774713711269072e+01
4.299133026328954088e+01
4.283980195213704434e+01
3.953835659606097153e+01
3.027816925248285074e+01
2.945414642420503171e+01
3.968887619004927814e+01
3.618077747319469495e+01
3.203574335902962389e+01
4.186146850109469852e+01
4.466158514172330740e+01
3.853995114353874385e+01
3.902789628887512663e+01
4.212437091525917765e+01
3.810315915391390007e+01
3.762429464811777535e+01
3.726519922292021647e+01
4.022269290642734063e+01
4.471383764329749511e+01
4.267228096854699970e+01
3.559151783135190072e+01
3.633383413907563408e+01
4.044011246589365527e+01
4.351006536436553063e+01
4.178383598686551892e+01
3.821820260699254135e+01
4.248189012490042415e+01
4.332841955220559527e+01
2.700040319483272455e+01
4.551183772208404577e+01
4.099307410127640594e+01
4.352020876593191190e+01
4.251419499537946933e+01
2.628829722908964683e+01
4.224630308747947538e+01
4.130045426735962621e+01
4.322920960120850253e+01
4.252455937457342117e+01
3.477593133909211787e+01
4.438046568479224874e+01
4.421827965679734973e+01
4.276577003407935962e+01
4.336999159897848699e+01
4.474358241094483191e+01
2.711022863883783174e+01
4.177328930680292984e+01
3.825708341795225920e+01
3.849751003584166398e+01
2.569491120054610178e+01
4.528320301173090456e+01
4.113674234250674289e+01
4.206115920020408794e+01
4.386592138175106470e+01
4.407724284036945051e+01
4.614277887647778442e+01
5.009688657891787500e+01
4.026431856090777472e+01
4.434115682766609012e+01
4.129052939665581334e+01
2.717510538004805909e+01
3.741477705663007924e+01
4.580208087487869051e+01
4.081155379281507578e+01
3.507902733545707008e+01
3.930523537752544883e+01
4.282392910309750533e+01
4.345610138345019635e+01
4.391881684126621366e+01
4.006594706673433137e+01
3.776577489692779466e+01
4.227503103408554352e+01
4.346004721922914626e+01
4.346585594672467323e+01
4.508957415454351292e+01
3.946731649522650542e+01
4.031334870530612591e+01
4.036797093388640434e+01
3.419836131190702844e+01
4.305105975709303578e+01
4.419002683682016652e+01
4.060634686604942800e+01
4.035299970723293228e+01
4.570155763636828539e+01
4.507413167041270441e+01
3.399755783280869537e+01
3.280824427536003896e+01
4.260694079887200303e+01
4.460579068914200462e+01
3.767191683792128742e+01
3.470882289650344887e+01
4.353781470172953050e+01
4.145383142359447959e+01
4.499958986661496141e+01
4.246215483015126324e+01
3.282969399905762486e+01
3.688066656754152461e+01
3.908727362106675685e+01
4.214876432597475997e+01
3.987452945601690857e+01
4.298093715470151466e+01
3.053392228029622757e+01
4.236583378030271518e+01
3.899281940249839096e+01
4.292417957115345217e+01
4.449830915284628929e+01
3.742708902886741384e+01
3.652131158368315056e+01
3.191679176966873754e+01
4.275211709209627742e+01
4.305470440615795980e+01
4.251621342062091458e+01
4.198706511342593473e+01
4.348001124974739184e+01
4.281868792131002266e+01
4.496298584105944940e+01
4.277469696076658323e+01
4.347577133427227380e+01
2.843473867482335038e+01
3.238545166550188981e+01
3.609824064607047234e+01
3.560797438652279823e+01
4.624894879993074426e+01
3.617510438788615801e+01
4.269083358965726660e+01
4.407308068374345567e+01
3.898834049564288051e+01
4.101256091892272337e+01
3.721045974163439496e+01
4.232998750240269459e+01
4.022863598641353633e+01
4.187830863244617774e+01
4.273096660375952638e+01
4.344281838239222537e+01
4.204824777022160731e+01
4.014012717260028040e+01
3.423601873920183181e+01
4.510732289028055675e+01
4.138056406709584678e+01
4.148955775463994655e+01
4.000355024139980742e+01
2.736032442317114999e+01
4.088942809478201212e+01
3.889685216386898503e+01
4.251313947232821988e+01
3.987808777377156844e+01
3.985443214373668042e+01
4.322552413374545921e+01
4.576553318905036605e+01
4.134775970574438020e+01
4.209836248449772000e+01
4.272263903881457026e+01
4.140264802838530755e+01
3.909310504630489902e+01
4.241074757572590670e+01
3.945513062724972997e+01
4.529460876328263907e+01
3.052849956330853587e+01
4.165942441266660268e+01
3.392164817010716149e+01
4.345169378172840169e+01
3.511714095015837955e+01
4.182667634362327647e+01
4.179904932538346429e+01
3.730603722172720893e+01
3.248921679517533789e+01
4.057780058427874792e+01
3.332558935054755977e+01
4.350716481487242504e+01
4.282089533692825256e+01
4.338743455976721464e+01
3.699169039879158305e+01
4.374376749697297839e+01
4.422466619288174172e+01
2.853689390077556709e+01
2.789939973601187262e+01
4.083870309991578296e+01
4.343311527986885778e+01
3.316902895524079753e+01
3.367843123375981662e+01
4.213075238452552185e+01
3.778471813201367979e+01
4.036662663425346409e+01
3.304217352331465918e+01
3.064311127797259360e+01
4.241330611574338860e+01
3.024310452426442097e+01
4.340274709076842896e+01
4.043965240650408788e+01
4.151869447941970037e+01
3.671865825290524299e+01
3.918283968112661597e+01
4.124457382418141549e+01
4.045219662621899204e+01
4.394197203717728684e+01
4.354821787869790484e+01
3.738160172365631695e+01
4.262867522994355340e+01
4.159030702141764380e+01
3.959686304450762151e+01
3.175458329132716884e+01
4.227911279461171290e+01
4.315496926397273114e+01
4.469521810960407038e+01
4.334279392159680100e+01
4.154964188132026948e+01
4.331012645847548015e+01
4.281161025671413256e+01
4.350525737173593654e+01
4.353208089486421528e+01
3.748714271978219159e+01
4.166786167259537876e+01
3.597324913085633824e+01
4.542606283663952382e+01
3.576700061414525322e+01
4.423614476730685396e+01
4.556190280458762487e+01
4.277620439470583591e+01
4.311757524310499434e+01
4.244774360799326729e+01
4.229127624999023283e+01
4.240966524800570880e+01
4.363135365112469799e+01
4.276919483530460298e+01
4.213406242673868718e+01
4.207530935903420044e+01
3.859366853365433769e+01
3.386075113285885863e+01
4.330404682830758389e+01
3.520313147778915663e+01
4.365077697595294381e+01
3.441355437076989432e+01
4.682303271575658243e+01
4.243619912164439256e+01
3.980326604714380778e+01
4.144272915866508811e+01
4.417545222741316024e+01
3.727928151729906148e+01
4.228330436724461805e+01
4.570767734316077480e+01
4.154065852233058820e+01
2.350029897179850735e+01
4.130269550261694178e+01
4.236444004256316020e+01
4.187057869239608721e+01
3.502808233044042652e+01
4.270778406590911658e+01
4.277349677474477829e+01
4.019347578812293875e+01
3.624544141595751512e+01
3.268329960876780405e+01
4.409994643302199080e+01
4.446427076819813351e+01
3.773929602097887681e+01
4.210650806391712564e+01
3.806643520274309367e+01
4.009249226821221157e+01
3.690925962073836786e+01
4.299819185471150718e+01
4.042499040665835253e+01
2.795089674244846023e+01
4.013807157826538230e+01
3.941110870139588940e+01
4.154641336443746269e+01
3.953603552761274642e+01
3.723773960676928851e+01
3.520630601616260691e+01
3.792679414271128024e+01
4.147096381515356711e+01
4.285760329718744543e+01
4.802104662887656161e+01
2.947893855769713767e+01
3.911915671056134158e+01
3.975057509015447721e+01
4.422693743721784898e+01
3.366512236963011162e+01
3.917900107382047281e+01
4.163402169465673097e+01
4.303293535663540581e+01
4.372081745559662380e+01
2.852078125570187339e+01
2.560392788121409069e+01
4.259151486621306759e+01
3.327277338330132039e+01
4.191358807451701551e+01
3.825498553997862672e+01
4.020081270918069549e+01
3.496566327923488160e+01
3.689387998851326245e+01
3.860776591047917350e+01
4.259250509972297749e+01
4.276465655674766708e+01
4.328781967371603656e+01
3.779912238221357512e+01
4.008876726760043141e+01
4.178946253631410457e+01
3.878868729180425845e+01
4.045497211071774757e+01
4.278818834316183484e+01
4.659837673137588610e+01
4.535166304004956572e+01
3.803926947628847444e+01
3.790156155969515339e+01
4.535362216508952571e+01
4.176153249484394081e+01
4.601189753706186281e+01
4.231796727481275866e+01
2.817746200797819967e+01
4.206790694652205786e+01
3.865889909605358099e+01
4.234100783101939669e+01
4.163985599674442994e+01
2.527059471920462030e+01
4.339847185291258569e+01
4.083708746408638746e+01
4.303978193151091602e+01
4.252964089696544647e+01
4.096536934448189982e+01
4.243666599878240220e+01
3.651551942432066511e+01
4.313635458737531536e+01
3.739868809391121829e+01
4.058773921455594547e+01
4.114335931355159914e+01
4.223854516662530045e+01
3.856097250118745734e+01
4.355413587550983578e+01
3.934249298203431522e+01
3.095536749660879394e+01
4.440570079687476834e+01
4.124145036855033908e+01
4.945288327155691377e+01
4.374055146659263471e+01
4.281043854555805694e+01
4.059818033067056575e+01
3.826330402734900105e+01
4.238156053202130380e+01
4.282647243155242478e+01
4.152480885526849619e+01
3.731887873620053853e+01
3.919860507997170629e+01
4.454240179088714058e+01
3.945766378992055934e+01
4.162128926735661594e+01
3.031995082022559984e+01
3.807448239204990870e+01
4.240043122579555757e+01
4.315727569780858630e+01
3.972815224032948578e+01
4.044446470170202446e+01
3.027610622109300209e+01
4.323464483443242301e+01
4.376820958047846233e+01
4.400304064045835872e+01
4.340201173854632799e+01
4.368044432437066149e+01
3.515337122177550810e+01
4.300024524369243295e+01
3.893624567970035599e+01
3.116252448637731831e+01
3.375046410755773252e+01
4.235804448118566512e+01
3.698841427732603648e+01
4.364638884531424878e+01
4.418253273961961014e+01
4.387185957569732153e+01
4.185899699570918386e+01
4.158784266562089726e+01
4.377268356714013464e+01
2.972954830778862245e+01
4.099609135997535247e+01
4.005686999598268727e+01
3.671307620015403472e+01
3.561939480927588875e+01
4.052537931065664623e+01
3.986326322711781245e+01
4.407116307553225454e+01
4.087623436485055350e+01
4.249277295018270451e+01
4.437296389178796119e+01
4.273197505759684844e+01
4.094899454576955833e+01
4.126954263390892663e+01
4.193502506612539094e+01
4.067451291397722457e+01
3.862577065844537572e+01
3.986370278493870956e+01
4.670903168125252591e+01
3.899750956411015324e+01
4.263447186380329867e+01
4.212149435063280833e+01
3.805247328830773768e+01
3.981639977527780871e+01
4.370317641037418355e+01
4.350736950702256678e+01
3.232259018975670983e+01
4.424862702737952702e+01
4.559163219126799760e+01
4.026381095335988647e+01
4.306683995883123117e+01
3.940520999796784452e+01
3.058327340628459723e+01
4.122859172879642387e+01
4.299433788012201774e+01
3.991113669869422864e+01
3.532353724974288411e+01
4.860257873163543962e+01
3.730928759950317897e+01
4.172966714309017533e+01
4.056823756193706743e+01
4.286107404175514546e+01
4.079048017635740564e+01
3.135541014836923779e+01
4.126182245635035173e+01
3.500201691205005972e+01
3.468244066912539836e+01
4.408730211668591892e+01
4.242791713325187430e+01
4.411366127014267136e+01
2.998841398670943192e+01
4.259042025281853938e+01
3.628780965007344861e+01
4.460348768019177612e+01
4.248186037256451186e+01
4.269024092761358702e+01
3.983044004571152641e+01
4.095018417671127509e+01
3.899153168899606214e+01
4.364430539593575986e+01
4.281776623503126444e+01
4.019661680532462356e+01
3.610770014235706071e+01
4.256281594356688203e+01
3.822379875501425772e+01
2.968820362683176484e+01
4.335113662973989790e+01
3.608232072092304321e+01
3.224024425530591031e+01
3.930520786005969569e+01
4.174643442616818589e+01
4.491029611653728182e+01
4.404172954547463803e+01
4.365215424458460092e+01
2.987041989606384718e+01
4.207837525509049925e+01
4.479348799419088323e+01
4.210857498363526474e+01
4.241114371497281610e+01
4.388974676392760443e+01
3.414040516173676565e+01
4.224944072067648193e+01
4.216535287325007175e+01
3.835798407966333201e+01
4.436366490792460127e+01
4.173154214916914384e+01
2.829680953773692664e+01
4.346365337437278953e+01
4.131716418820675329e+01
4.428625477987988290e+01
2.431452396480736056e+01
4.470674860013974694e+01
4.051716415817313788e+01
4.207182627992637691e+01
2.817428287025010292e+01
4.379209009107977124e+01
4.298228019317670601e+01
4.336063977413706994e+01
4.020798560247348519e+01
4.232162541588886739e+01
4.166415445617895585e+01
2.941827546942769445e+01
4.395774689861292472e+01
4.334193473147659148e+01
4.112370059713207127e+01
3.971546784150611131e+01
3.614196630622973316e+01
3.863253418686497298e+01
4.205843835528737173e+01
3.813001506355884374e+01
4.147350705888690925e+01
2.438738503642041167e+01
4.324470130585529404e+01
3.472789551588473245e+01
3.600178067951706140e+01
4.277829241062333665e+01
4.205718904105957989e+01
4.529284790914730507e+01
4.434249682122259628e+01
3.295707268206843565e+01
4.522375218456524948e+01
4.173401151409577636e+01
3.268006665728809423e+01
4.415669044392659259e+01
3.241320297682639051e+01
4.346368106758848171e+01
4.386620347206145709e+01
3.341291952973092094e+01
3.793531738625357974e+01
3.842347924798914960e+01
3.944995984546851275e+01
3.971567824555344828e+01
4.084138780571792182e+01
4.309678462163211776e+01
3.217015844514661183e+01
4.182809093974568526e+01
3.808172147859572476e+01
3.916462793951630772e+01
3.922016034934661377e+01
2.729011026686794139e+01
4.262396151434244018e+01
4.268284360072960482e+01
4.570422396389278674e+01
3.452254729688686297e+01
2.951789631537108605e+01
3.076744598600909342e+01
4.295512195470237771e+01
4.400568187381937690e+01
4.026109534546439050e+01
3.316527382870151541e+01
4.297769036573438228e+01
4.290897820826613440e+01
4.519671172911029799e+01
3.480708729060176410e+01
3.676779320226251002e+01
3.503261260277438538e+01
4.232363972368568739e+01
3.935280006563309740e+01
3.789085510611558050e+01
4.052077389870694901e+01
4.490705026104242847e+01
4.612467028362916466e+01
4.292417006427520221e+01
3.648004809067551690e+01
3.755328107397905768e+01
4.486193212939210184e+01
4.263822850419862220e+01
3.885022723446763848e+01
4.487084146354696657e+01
4.237305429939663526e+01
3.697119769152968871e+01
3.809795345390590171e+01
3.392685642178588523e+01
4.209852036433179734e+01
3.847093808892393696e+01
4.304691232855778793e+01
4.466941508037684372e+01
4.289898198223350079e+01
4.244895151259004962e+01
3.347023103641073760e+01
3.703526658282028450e+01
4.341758574194425790e+01
3.736019071372393086e+01
4.502121593837964753e+01
3.164841960937884480e+01
4.294882343703358885e+01
4.171429503763398117e+01
4.274754518381666202e+01
4.256489720683072164e+01
4.345383074716015415e+01
3.118661702799014890e+01
4.258703839245087153e+01
4.131299789912021936e+01
4.276506359888167452e+01
4.231126754745172036e+01
3.972349203647774374e+01
4.139421550882602929e+01
4.036050508115658886e+01
3.622858873719643924e+01
4.178666966544626860e+01
4.285398343865341531e+01
3.723541927156430376e+01
4.389756601246217116e+01
3.400561086711424252e+01
3.927980567680464929e+01
4.104779126295949254e+01
4.395600976002360483e+01
3.899981080701570590e+01
3.267742710873441325e+01
4.365085569077139382e+01
4.706834907064212103e+01
3.737553075251906876e+01
4.109817486315002810e+01
4.183298859947716863e+01
4.100318173065532790e+01
4.383128142974736363e+01
4.472213654705185348e+01
3.567932921991382500e+01
4.079916793714226486e+01
4.443858514903354262e+01
4.716446428115826706e+01
4.425273769830438653e+01
3.533369942012876663e+01
4.548373548412742906e+01
4.078342429178096751e+01
3.239109756621924419e+01
4.248536787859939778e+01
4.365955390288706184e+01
3.880858478008812540e+01
3.885539115448989378e+01
4.204757115618623686e+01
4.254215934511982766e+01
3.694472551356852819e+01
3.987414900658547623e+01
4.423400932235984584e+01
4.168569685617546128e+01
4.011097904943218140e+01
4.260664059629034028e+01
4.164546332142092666e+01
4.314611624615682928e+01
4.502173230467778353e+01
4.159122965517419601e+01
4.382136318211567527e+01
4.681960993104785018e+01
2.571834557419336420e+01
4.633775475127647780e+01
3.167741243385209771e+01
4.461751775456817626e+01
3.833299390263933759e+01
3.968468615107505570e+01
3.997012133812746981e+01
4.440854383891064572e+01
4.514733114574525530e+01
4.524061122645150590e+01
4.072137488460991506e+01
4.482021933207452946e+01
4.094334645586760502e+01
4.289983702581016445e+01
4.141420954121018383e+01
4.245299217188962615e+01
4.026144874573695631e+01
4.524242780858700996e+01
4.420084034463074119e+01
3.117289058461595985e+01
4.459013567581893511e+01
4.164177195067190951e+01
3.105434942253828723e+01
3.869259000613470079e+01
3.614291047511643029e+01
4.166815836099472392e+01
3.603884687145264820e+01
4.560797165009793730e+01
3.715106101017115492e+01
4.324685952366322539e+01
4.469734595666373878e+01
4.349151933947877069e+01
4.015800313875250538e+01
4.603141920092833317e+01
3.941458942585795455e+01
3.646027695785129907e+01
3.866095066441632611e+01
4.264605967534912878e+01
4.447317517634713369e+01
4.305454629739828931e+01
3.765490949498151707e+01
3.506410616269074865e+01
4.044630648499012437e+01
4.410968372958078021e+01
4.004768180119620524e+01
4.523561171178269547e+01
4.320330299486671777e+01
3.880356620453467542e+01
4.157341021555091487e+01
4.217048201302920063e+01
3.705433324548957330e+01
4.273836876466126711e+01
4.307675409821918322e+01
4.495340670928536042e+01
4.285399493171830443e+01
4.524688569869216792e+01
4.243058914606637444e+01
4.555443618333402611e+01
4.242918791442421167e+01
4.243311697523324000e+01
4.455342712844893072e+01
4.377787497793451621e+01
3.632717669771687952e+01
3.988097192757021503e+01
3.976975434364015172e+01
3.890723029067545014e+01
4.350374352685188484e+01
3.804006461617183277e+01
4.415181031652373633e+01
4.414630788769444791e+01
4.105986873704036100e+01
4.371469732826025023e+01
4.303294460640417185e+01
3.524100350181941366e+01
4.227679878248847700e+01
4.087227945459974876e+01
3.865518475707882118e+01
3.776582764490137833e+01
4.430657515416790204e+01
3.193046598177109274e+01
4.356568229443157492e+01
3.610254348578578742e+01
4.272432856825199110e+01
4.311485154974614176e+01
2.932651786682772510e+01
3.478030249350356229e+01
4.289643801804637491e+01
4.111855419216924901e+01
2.486418150116925574e+01
4.307168245582905541e+01
4.144685331941044382e+01
3.680991175679555028e+01
3.940312500484455427e+01
4.232116265026721180e+01
4.477583679589334054e+01
4.322914085095256809e+01
3.379520950515647826e+01
4.170316058810394821e+01
4.306820377497651720e+01
2.800912874419935505e+01
4.320337261597995138e+01
4.143776536899002139e+01
4.113941568166616491e+01
3.968848973822028370e+01
3.906753105673566751e+01
4.384552927201229977e+01
4.660223604933489838e+01
4.391806620611871637e+01
2.701853495374871983e+01
4.252233055331120681e+01
4.573466555941568856e+01
3.985011855382682455e+01
3.573069535698792265e+01
2.567643730401849567e+01
4.110926124732820597e+01
4.265264166117680134e+01
4.278288054457902234e+01
4.176732059408633546e+01
4.246838681248262048e+01
4.480896866518278898e+01
4.076187165286114578e+01
3.941473552922640522e+01
4.471617794613597852e+01
4.358771279531725185e+01
3.462896869305443914e+01
4.033992894797554385e+01
3.942912365842049383e+01
4.575337284227850176e+01
3.906369543719058157e+01
4.405252226228618184e+01
4.309532534633830636e+01
4.384707925569797737e+01
3.842272091928226274e+01
4.063074271143501903e+01
3.772408046870484810e+01
4.215387818681941923e+01
4.381654159615177946e+01
4.837451585005111809e+01
3.110531446101641961e+01
4.178699560988746953e+01
4.192583829930799055e+01
3.064653522597633639e+01
3.688517255659806438e+01
4.271918082982077891e+01
4.346535010388021902e+01
4.309384490913635801e+01
4.147732746678002513e+01
3.445611462099562061e+01
4.346712462077833550e+01
3.735829239981759997e+01
4.269865988826666126e+01
4.306720137354707134e+01
3.888063297591897083e+01
4.437026665493337418e+01
4.142830022753733488e+01
4.371144404568032371e+01
3.917980542689254975e+01
4.366388810333376824e+01
4.562311932737260634e+01
2.302594887806434798e+01
4.257831026527426133e+01
3.967899880753849828e+01
4.395443950356072094e+01
4.327173843890121674e+01
4.191626020792675433e+01
3.898228710898757754e+01
4.310824207514927053e+01
4.617206311630050664e+01
4.059474336905459779e+01
4.006643270465335860e+01
4.313177259979468658e+01
3.556349113616350621e+01
3.648226173658265736e+01
3.917929460947746634e+01
4.082692792927912251e+01
4.206366280754014042e+01
4.468038420285721912e+01
4.379146535401165607e+01
3.711369484060346480e+01
