2.390740339884651533e+01
3.743353701591885141e+01
2.649069063959031922e+01
2.740396020731123272e+01
2.831852416099995651e+01
2.364036155307050890e+01
2.959346124555769109e+01
2.420212054176322880e+01
2.425019988436700658e+01
2.054701972462580528e+01
2.833887559804681189e+01
2.409561133180240233e+01
2.814605629611330073e+01
2.718818344854929236e+01
2.814037969134690442e+01
2.813203022463975600e+01
2.391950845325549935e+01
2.677037889293783124e+01
2.735373163193759183e+01
2.189003015833326060e+01
2.153129426225183707e+01
2.708270283350230301e+01
2.815108858183486973e+01
1.980132608991799970e+01
2.786381821883822951e+01
2.468489976646793238e+01
2.367945655696641793e+01
2.211081229703630768e+01
2.722763323134714852e+01
2.581393490739018404e+01
2.597587047149949413e+01
2.518012918536514633e+01
2.300485072236428863e+01
2.666538371513969707e+01
2.655687464379778007e+01
2.032624075178838297e+01
2.595069023327465629e+01
2.397592964602990406e+01
2.653275348981543402e+01
2.781155540968718753e+01
2.020677401085641023e+01
2.347968379301194730e+01
2.415490644673059251e+01
2.572885881030376964e+01
1.877414397723806516e+01
1.982241732428426673e+01
1.904499046232226078e+01
2.880430249970118339e+01
2.674953656339838659e+01
2.718062255143857087e+01
2.456783977527954121e+01
2.024033950219298461e+01
2.382393257865811265e+01
2.754605325507168700e+01
2.335784047647695161e+01
2.519261119554121109e+01
2.302981927634143844e+01
2.419498011017694594e+01
2.629455013508343342e+01
2.226724153041470089e+01
2.481105071891604652e+01
2.679169093741692365e+01
3.010166172199349788e+01
2.721809136072019797e+01
2.371919446353233241e+01
2.591413155562914028e+01
2.739221322409498072e+01
2.712266025574866291e+01
2.737790300359319673e+01
2.147933158375928642e+01
2.576949213673346151e+01
2.821852788371149856e+01
2.962537287868181579e+01
2.134106946581660935e+01
2.485374651201749785e+01
2.889656203391194467e+01
2.735193510171603748e+01
3.118461156367409259e+01
2.360534944866571294e+01
2.859134967161817542e+01
2.625229772512275517e+01
2.485724437265101017e+01
2.648915426224598235e+01
2.701010903109847305e+01
2.698679609917285305e+01
2.456129449112366103e+01
2.059074579305810460e+01
2.578630813108597764e+01
2.006452679561965269e+01
2.532734760439971922e+01
1.654547563477186856e+01
2.020192663493615726e+01
2.216178462735497234e+01
2.339422445652997240e+01
2.718640003268188821e+01
2.241148701975710367e+01
2.393702299501111597e+01
3.109047828193115848e+01
2.599369552288905183e+01
2.883521595393995085e+01
2.830834525863830464e+01
2.477317256138961099e+01
2.627699091950647059e+01
2.888207301013719430e+01
2.554607409871880108e+01
2.521901613045589841e+01
2.565209834941542866e+01
2.208857946394264360e+01
3.375380116687713894e+01
2.423334440954662128e+01
2.765017409410306470e+01
2.735505245680069208e+01
2.990812653127295206e+01
2.588086839748842749e+01
2.636206661151199171e+01
2.225575040823424544e+01
2.833520195399573893e+01
2.111668631322074674e+01
2.905041286046176552e+01
2.275182720236401934e+01
2.509481560048347504e+01
2.880565702502090275e+01
2.364024850361906971e+01
2.578243776034898715e+01
2.243619711800972993e+01
2.593402835802443462e+01
2.190377475983119737e+01
2.456412429430267963e+01
2.296521263925692224e+01
1.649785530921852228e+01
2.842698992483436271e+01
2.873244843981077423e+01
3.008228092102578088e+01
2.583489832356877614e+01
1.775788930397365561e+01
3.041866963941438939e+01
2.392940950548068102e+01
2.894835027340281286e+01
2.799696079334660581e+01
2.586734148513938081e+01
2.417260420443427904e+01
2.613812980582468626e+01
2.635026009202432817e+01
2.552878224772207005e+01
2.618134251580868721e+01
2.193164111814661865e+01
2.388442305838874447e+01
2.810774346648400979e+01
2.545669515721976239e+01
2.717872903142908569e+01
2.436022072570873931e+01
3.030664474155643262e+01
2.369242145668173904e+01
2.672287619765764077e+01
2.292431447792141341e+01
2.076361939176903704e+01
2.779624755343910181e+01
2.730400587426553827e+01
2.587725034260144241e+01
2.642404592747759295e+01
3.690611495210392690e+01
2.627228738407645636e+01
2.749904918338027215e+01
2.554127664291950595e+01
2.720219572739239311e+01
2.717148546072909454e+01
2.837636271581397907e+01
2.330744728962234547e+01
1.903979604504611345e+01
1.822605400837019829e+01
2.947651933167431082e+01
2.888843958681434998e+01
2.515464887301055441e+01
2.405882590625545703e+01
2.146528275302498656e+01
2.515684645447639056e+01
2.511259364544397599e+01
2.416662699784120605e+01
2.527275259800405038e+01
2.761060916523549835e+01
2.306300810202084506e+01
2.501589067280441370e+01
3.240297996293235627e+01
2.676226147834939084e+01
2.621333474458509727e+01
2.606890187623596589e+01
2.120707580598906006e+01
2.444472105304698317e+01
2.593194721648247025e+01
2.566567988389252974e+01
2.306195365227643279e+01
2.856499411671361344e+01
2.894260297456208875e+01
2.667219122171890788e+01
2.955438271772624148e+01
2.642466589308927283e+01
2.743568319895050678e+01
1.998704378884939459e+01
3.431328089082344945e+01
3.038327203498612405e+01
2.259486915656227524e+01
2.624802112016025646e+01
2.426181741906638223e+01
2.829556577883609236e+01
2.334787229769336392e+01
2.552113616847731947e+01
2.475838258561759986e+01
2.321890112136242124e+01
2.712112848104352025e+01
2.664177532135063231e+01
3.020977322881383031e+01
3.025561451069330232e+01
3.022131533340008502e+01
2.710575987790713270e+01
2.687176539907098771e+01
2.153937730649755267e+01
2.549407075478895024e+01
1.983822573730499528e+01
2.388609102001153417e+01
2.336020270850148250e+01
2.249605074288821527e+01
2.927267536690252214e+01
2.370723389200430375e+01
2.823714981051740125e+01
2.078144197700225959e+01
2.375973039892318539e+01
2.731348147194902154e+01
2.460830903903032763e+01
2.604133209807000782e+01
3.153023375854967725e+01
2.539950916548409054e+01
2.506850015015193733e+01
2.381821437057691426e+01
2.900646498657152605e+01
2.852775417433546679e+01
2.631146390776489241e+01
2.866119638827517235e+01
2.455673357374323018e+01
3.042887204488476272e+01
3.158171753314855579e+01
2.794223799743596715e+01
2.694248302118613125e+01
2.527202367661285365e+01
2.934342433894464008e+01
2.692004032123803015e+01
2.213822948583031547e+01
2.611856217721257423e+01
2.507515021072815387e+01
2.685166340434189891e+01
1.932059701294204501e+01
2.957245014406869643e+01
1.767330679405938554e+01
2.383614443194712251e+01
2.104889607386286698e+01
2.394847516325226167e+01
2.745295084667320396e+01
2.976550505400681601e+01
2.450518567219759447e+01
2.686545892183644213e+01
2.183367526025125471e+01
2.543737708394116481e+01
3.220906128391514756e+01
2.941221720559654784e+01
2.574959500841718096e+01
2.642244988127891503e+01
2.690959549264641382e+01
2.579277074143867310e+01
2.313536435115610246e+01
2.934485901881008374e+01
2.641432727179010698e+01
2.811580586446823204e+01
2.625013725074342119e+01
2.401176930948643218e+01
2.714547151307461803e+01
2.869795481000903692e+01
2.803514316752262303e+01
2.907336826269442298e+01
1.730669948761493515e+01
2.333226582790651449e+01
2.426982688779818531e+01
2.594110958095919628e+01
2.775083414378530122e+01
2.236471755269563388e+01
2.733944699027822267e+01
2.640248373291804640e+01
2.656377672809924562e+01
3.040088946992891650e+01
2.430455135254755561e+01
2.654850371994308489e+01
3.061069798453448598e+01
2.783766905214562470e+01
2.025213606249202414e+01
2.451086535956850199e+01
2.434530812265849420e+01
2.397436643705175996e+01
2.106995456104743880e+01
2.748566181304538603e+01
2.727586953997230523e+01
2.023670423941107188e+01
2.878051994163783434e+01
1.736068445836344765e+01
2.216726136170025896e+01
2.214833632790216100e+01
2.559014414737720244e+01
2.285376835235691928e+01
2.295222413398311190e+01
2.855538261909581976e+01
2.604776596119313581e+01
2.886119549696666553e+01
2.537522626336258114e+01
2.431579673150763909e+01
1.742743433483339288e+01
2.479784266109263413e+01
2.174284917189486066e+01
3.011714717934448515e+01
2.534509690010687066e+01
2.217080633179976346e+01
2.787441645760705100e+01
2.667664037395541854e+01
2.125678334992663210e+01
2.206413619478221833e+01
2.686685709371389308e+01
2.746866713211660027e+01
2.826099765834563726e+01
3.087672168517162774e+01
2.882143151437309925e+01
2.350789615389990672e+01
2.098069029498343596e+01
2.591404806993546117e+01
2.665775818522363494e+01
2.666699273999195796e+01
2.410181654993147049e+01
2.832733816930455717e+01
2.436288149618949816e+01
2.612586694595777814e+01
2.758692118961854689e+01
2.453148265482366241e+01
2.649153834631150062e+01
1.903684208826525648e+01
2.222559034857157201e+01
2.638810337930157601e+01
2.032350097623917051e+01
2.348880779316978717e+01
2.651161844216951025e+01
2.600232405189645846e+01
3.063659739422194761e+01
2.211372022604820842e+01
2.562159310753541774e+01
2.360701023535032661e+01
2.359588516127801938e+01
1.725986330587156559e+01
2.704592415893396051e+01
3.265004355216076704e+01
2.385740944424835774e+01
2.394751865679424441e+01
2.710490475533747556e+01
2.233159867647362162e+01
1.680963085453049288e+01
1.661267102071077417e+01
2.926780209115164411e+01
2.433199268470097465e+01
2.628720495795676726e+01
2.429545472806269402e+01
2.223607935636552924e+01
2.413687890621408982e+01
2.528147559756278540e+01
2.388783296682510482e+01
2.657703671008959390e+01
2.437527451926272448e+01
2.748043536779844587e+01
2.524485182061721389e+01
2.693869166456946118e+01
2.266791309331796000e+01
2.894495078121343568e+01
2.533088731729086618e+01
2.607425971733819026e+01
2.480957696756513897e+01
3.120133640645968853e+01
1.978764150448531822e+01
2.910669941009610895e+01
2.155884730923186510e+01
2.234001376915841064e+01
2.338739686064308287e+01
2.813063301166149088e+01
2.837152292785590646e+01
2.504318902377236356e+01
2.218480949695616644e+01
2.833046541083799852e+01
2.694352036599505240e+01
2.340993161137813061e+01
2.720433330597883526e+01
2.375400142153032590e+01
2.843305065897073902e+01
2.850064883501318036e+01
2.589078156717277324e+01
2.769247420518287939e+01
2.825989178485340503e+01
2.834683415627810987e+01
2.895989542054419275e+01
2.553133074811833225e+01
2.922851704476964230e+01
2.693757081538787546e+01
2.431203929234807504e+01
3.232874214777959310e+01
2.424058530422815849e+01
2.594760776388131163e+01
2.803463239887795666e+01
2.460951720924004960e+01
3.028098800121182066e+01
2.683541056226761157e+01
3.528211444681293329e+01
2.733205681487862648e+01
2.798968832990755828e+01
3.335968527492910596e+01
1.781244664325012295e+01
2.483655104512619261e+01
2.299005134111166626e+01
2.662500297182118203e+01
2.444124627253427207e+01
2.709902223835278434e+01
1.956779874301943778e+01
3.286680098504933767e+01
2.388698653446243725e+01
2.442035060021171233e+01
2.829498971468008151e+01
1.775170021525250874e+01
2.513396883997121734e+01
1.952426217882224790e+01
2.895866616266538429e+01
2.189921889900088203e+01
2.762475152877476603e+01
1.990902049996421397e+01
2.158808857462432229e+01
1.920180684838047824e+01
1.862024177216699172e+01
2.168420707927023017e+01
2.713724413192240092e+01
2.731973107168526482e+01
2.839748679237826323e+01
2.744851276621852776e+01
2.407471923560950344e+01
2.550050358126873817e+01
2.681314669054846078e+01
2.520809436780605850e+01
2.848320049349695893e+01
2.811806211389950860e+01
2.780637928429502637e+01
2.632283148966213204e+01
3.346910493936475461e+01
2.699508345228443673e+01
2.761115917045422208e+01
2.458639026645517589e+01
2.938397271588559434e+01
2.156591836834075337e+01
2.543999895197723404e+01
1.599462056667855592e+01
2.822582068063221072e+01
2.716813258643876949e+01
2.200630190544980280e+01
2.700631121403635149e+01
2.257157318353211650e+01
2.596466257726505944e+01
2.171608424739892840e+01
2.139512708671677998e+01
2.141498622608513713e+01
3.015369955861385876e+01
2.823611680658856216e+01
2.351926161669375759e+01
2.309326721745284061e+01
2.806262757030292931e+01
2.642335909319491449e+01
2.212732332957686410e+01
2.846691346077313867e+01
2.246641773360110861e+01
2.307938168639361365e+01
2.171283468911380510e+01
3.173152339909121622e+01
2.609743055498877951e+01
2.748782521037116311e+01
2.593144366457493533e+01
2.905058606562822732e+01
2.707634403153841163e+01
2.812712126070170982e+01
2.640031047078511506e+01
2.683807252868018978e+01
2.876432743735022157e+01
2.241870100879528493e+01
2.633514564227659704e+01
2.679738216510306970e+01
2.585240324903087838e+01
2.502851230608891342e+01
2.593663574380390102e+01
2.478329530535357961e+01
1.783417435020956532e+01
2.738496289639869374e+01
2.375949420081828833e+01
2.756074126940308133e+01
2.341516287950756947e+01
2.491889562977231876e+01
2.832017993029266378e+01
2.630082371526032148e+01
2.418815012619678839e+01
2.541433776335509265e+01
2.639109165679038682e+01
2.217176128148805958e+01
2.702359437745789705e+01
2.910983366241799786e+01
2.740189537118644481e+01
2.462533483804851997e+01
2.752010737065792512e+01
2.278702227873961306e+01
3.169127240652429478e+01
2.662241059003716614e+01
2.275756203459434346e+01
2.518350890954800647e+01
2.349887984575289579e+01
2.378208879179412705e+01
2.724769025069974049e+01
2.790543801264531965e+01
2.640716054035623372e+01
2.399374792481413010e+01
2.501106906556847065e+01
2.040343034810180001e+01
2.472473868361376859e+01
3.658942068905064815e+01
2.382459451348045576e+01
2.694458210715080071e+01
2.111934980006143547e+01
2.627510642932944052e+01
2.314636831060506594e+01
2.932268770996875062e+01
2.959763426188886726e+01
2.402123417398824401e+01
2.861504420654775416e+01
3.005754033279473703e+01
2.104356621431582042e+01
2.703905020819471972e+01
2.259963564694088589e+01
2.565050393023756925e+01
2.786166672468042194e+01
2.638276332139325220e+01
2.611941395322195802e+01
2.416084779056385301e+01
2.385332560098723320e+01
2.578533152805374584e+01
2.797644200160725347e+01
2.735734985901577687e+01
2.655026928198398295e+01
2.494084288430984131e+01
2.482943199882686969e+01
2.557626034954402883e+01
2.470450056185780952e+01
2.297976815797994377e+01
2.939619139706877604e+01
2.638447937431639545e+01
2.111695563083220151e+01
2.234039369441888567e+01
2.904073673103115283e+01
2.504232612228689092e+01
2.555930864233018696e+01
2.682939873201356562e+01
2.893451037332348363e+01
1.845994980840554689e+01
2.738821534902015387e+01
2.385949376221000762e+01
2.591194479806636153e+01
1.910491641938346419e+01
2.927258155198738265e+01
2.805558744138187777e+01
2.708132033762257862e+01
2.503716878112357591e+01
2.896944691758654500e+01
2.863166595073995069e+01
2.851860412332353434e+01
2.143849458064612179e+01
2.730625899790739908e+01
2.930698870772039299e+01
1.908625593951957455e+01
2.694091500327138533e+01
1.950765897595163523e+01
2.885970590754275023e+01
2.446838956653434138e+01
2.446793574636632584e+01
2.782866259802221265e+01
2.612018006268364445e+01
2.397746208234719845e+01
2.656576234817874393e+01
2.912756558370800164e+01
2.028344773838777471e+01
2.915012747835297446e+01
2.199046319752338619e+01
2.721125430446324955e+01
2.714697614325584141e+01
2.415012410748647653e+01
2.374861066946924737e+01
1.559775222887252788e+01
1.528870145790111224e+01
2.439617736377839208e+01
2.690863545431066939e+01
2.168973047725080505e+01
2.006156760577273701e+01
2.698955594008118553e+01
2.714128119182331389e+01
2.692443267796168271e+01
2.237584154103824829e+01
2.846101887778516115e+01
2.217658743043520175e+01
2.827670770996820337e+01
2.529175386280760307e+01
1.808675189046087795e+01
2.698285338555005453e+01
2.241669863162606902e+01
2.507817152289166884e+01
3.338093432201983290e+01
2.095530026964228654e+01
2.427332906606066487e+01
2.382280454169822903e+01
2.173409044886245667e+01
2.427997931137909049e+01
2.928419254615743483e+01
2.922699727900851485e+01
2.886558688847240717e+01
2.564277862318337853e+01
2.676887428310468664e+01
2.545076965822233106e+01
2.778679256425081334e+01
2.236120701186990090e+01
1.963029707415197578e+01
1.933906403592865786e+01
2.437384830047004414e+01
2.361940947800043133e+01
2.619552232285287019e+01
2.898432562466036799e+01
2.693555379012236983e+01
3.032240610975887307e+01
3.274665717492224104e+01
2.095473081497910428e+01
2.146573216517051108e+01
2.336775081616566752e+01
2.871872767953589545e+01
2.746168984909548172e+01
2.578178279508243875e+01
2.939661488283013213e+01
2.522619074454294719e+01
1.959285705196748850e+01
2.436127025867500251e+01
1.951241010710327117e+01
2.585884430113941690e+01
2.830493195395026618e+01
2.584347654814266804e+01
1.983650980574606137e+01
2.121494106412327341e+01
2.396636164195240326e+01
2.793138051144491740e+01
2.701619375253667954e+01
2.703284535262629618e+01
2.743412343045212864e+01
2.780233333297152143e+01
2.715786954411531440e+01
2.879572020290923007e+01
2.539825144462590600e+01
2.890792035894675749e+01
2.196638385264357751e+01
2.103291911901635203e+01
2.629099390382813795e+01
2.103188431932993296e+01
2.590114375032392857e+01
2.681223177175448313e+01
2.473975610665076275e+01
2.639918049212300488e+01
2.704520340484850038e+01
2.712136260497056028e+01
2.165354877318700844e+01
2.146281754895143123e+01
2.781973842469223968e+01
2.180827347355278079e+01
2.291589519081979986e+01
2.443639881985940221e+01
2.406040930509245257e+01
2.059088021010407843e+01
3.487500444024500013e+01
2.385567290256388162e+01
2.379050916790103898e+01
2.492206010614970779e+01
2.359766556508112600e+01
2.997613585713875750e+01
2.611191053496728998e+01
1.726111114854001372e+01
2.385238444920790002e+01
2.923667391326942777e+01
2.226770026127461577e+01
2.470793359796337185e+01
2.964992718167430752e+01
1.815571183829990076e+01
2.771475688921342950e+01
2.796857694160081209e+01
2.983345083198924996e+01
2.724849209689547891e+01
2.597111046430480030e+01
2.836350973135996512e+01
2.198786636205217349e+01
2.734530620988231675e+01
2.836973038926483781e+01
2.788402338808972303e+01
2.378820497454470484e+01
2.684569403628418982e+01
2.913132393247473928e+01
2.036509839150950540e+01
2.174428870733028063e+01
2.814300049904144174e+01
2.586117010718525222e+01
2.746102705603242455e+01
2.266589264219815192e+01
2.574182414075042757e+01
2.445376440641259919e+01
2.527887663618959735e+01
2.337890478158810126e+01
2.890402511861732293e+01
2.779893768190777337e+01
2.644609855500051054e+01
2.739683047179305930e+01
1.802461659006088013e+01
2.280334344429067883e+01
2.592811652141423906e+01
2.293347630910079715e+01
2.177399984248006959e+01
2.327221707139972295e+01
2.263647528293610023e+01
2.493731107343934994e+01
2.315006302263286386e+01
2.527901850402778550e+01
2.620417946000339526e+01
2.675735882046234693e+01
2.717532928872017806e+01
2.289550762952524465e+01
2.801756338256396717e+01
1.901811152729097287e+01
3.174357500047919345e+01
3.043811946716567718e+01
2.616832982692638510e+01
1.251298743081350295e+01
2.747558830855655643e+01
2.584372979008814042e+01
2.348904282485011663e+01
2.633765937743371666e+01
2.728915116512211370e+01
1.835649899694726273e+01
1.881297588827657918e+01
2.403023958848183028e+01
2.386277334049458787e+01
2.162446381609336754e+01
2.137099769879596423e+01
2.227905507847862054e+01
2.911738402150024996e+01
2.519195074892148867e+01
2.830705715217391472e+01
3.410060649899819651e+01
2.347494613648903439e+01
2.905787981517113039e+01
2.498329084880626993e+01
2.048505024009733688e+01
2.549436235366159309e+01
2.796444744033233576e+01
1.999620284668111125e+01
2.592965267387756612e+01
2.924460971331296122e+01
2.319682120693267535e+01
2.776809889348176341e+01
2.165906884438312829e+01
2.476836367986752663e+01
2.736450668894024929e+01
2.322733956911895703e+01
2.617996494655180584e+01
2.598985372944371264e+01
2.779207763156898991e+01
2.599721192628374666e+01
2.600942522681692992e+01
2.212771678498738126e+01
2.513646416001432371e+01
2.004487208917875662e+01
2.852142079035774813e+01
2.683859494391685985e+01
2.548395334573874038e+01
2.931162614442191128e+01
2.625284588261835239e+01
2.754186402904306519e+01
2.258435453759311429e+01
2.200592766284155744e+01
2.577777214788689619e+01
1.995284961375466182e+01
2.669719636355332071e+01
2.563499959051781829e+01
2.412500921122752828e+01
2.362131302694890778e+01
2.431226090545153085e+01
2.572843822099194711e+01
2.544372132947795606e+01
2.858494092041652834e+01
1.921421142153912243e+01
2.512526211309747737e+01
2.020901299785203875e+01
2.026011657598305149e+01
2.478995512860609907e+01
2.678441131747130299e+01
2.631842651337322536e+01
2.337342329702862287e+01
2.634822369811951859e+01
2.352140366234997870e+01
1.713512865603953728e+01
2.587687711384740297e+01
2.677160857459737997e+01
2.565403962489401835e+01
2.310184642136639255e+01
3.223060575256658922e+01
2.679238055857888057e+01
2.629868717547511636e+01
2.849350362521956725e+01
2.695139438045038105e+01
1.729009719050363358e+01
2.946260455496633668e+01
2.350986277032392024e+01
2.400808568595230241e+01
2.313053381051382118e+01
2.909700749843272405e+01
2.594445490307754909e+01
2.462651894057151125e+01
2.065535894206779233e+01
2.215809545402873226e+01
2.343664240532784859e+01
1.428320355677153941e+01
2.451056165184446911e+01
2.908181138570481039e+01
2.788125956039724684e+01
2.490570299746287120e+01
2.798898219337986859e+01
2.270339816426894686e+01
2.663833420258937323e+01
2.561895954757347482e+01
2.495060216808559872e+01
2.553548194755493483e+01
2.880287312919145393e+01
2.866813213577365005e+01
1.710311136421340450e+01
2.763103506775578921e+01
2.302351423864639202e+01
3.546734254200323022e+01
2.553010598872110748e+01
2.501792916270455791e+01
3.089977235962884805e+01
2.861777083636975405e+01
2.234967877103550649e+01
2.399420507595722540e+01
2.539710702662683062e+01
2.777108430729197153e+01
2.760200389029562729e+01
4.035106585958752845e+01
2.082899042206629048e+01
2.723671178623001055e+01
2.829708477412119905e+01
2.779480060335039582e+01
2.049647174595129329e+01
1.930378548147762174e+01
2.024754504808927535e+01
2.320333867371589065e+01
3.040082457213654976e+01
2.839843448686866623e+01
2.792591329177196968e+01
2.266026288514757780e+01
2.088872029966074706e+01
2.188350576106006073e+01
2.599176586904648900e+01
2.749176824712517231e+01
2.263681449810496815e+01
1.979345304068952416e+01
2.719067863643568828e+01
1.843187230058235571e+01
2.309090444806254183e+01
2.180027900473012181e+01
2.506870455084198568e+01
1.753447805580073293e+01
2.451403299303087735e+01
2.547469328517185971e+01
2.575692384162715953e+01
2.359485661439841309e+01
2.827447610351369178e+01
2.731827306824334300e+01
2.328857046024467081e+01
2.676879324246220548e+01
2.543579909842078024e+01
2.668048257885402208e+01
2.503757082946253476e+01
2.477873501076985718e+01
2.632383648317532021e+01
2.489178751608004347e+01
2.596779799204741224e+01
2.661183591937646753e+01
2.619097386421126217e+01
2.536513634206223600e+01
2.431743995982571249e+01
2.958656105274843640e+01
2.468858694100882900e+01
2.279083325642563551e+01
2.005882059892054414e+01
2.723253524211635934e+01
2.395054588036568788e+01
3.032534030855077489e+01
2.657201607662303999e+01
2.523084783016389565e+01
2.309304287284239976e+01
1.984778712721917415e+01
2.352735810831721253e+01
2.555657579601317764e+01
2.240691708844236629e+01
1.820621647640685836e+01
2.781674155838812013e+01
2.426292002695550210e+01
3.701582361321852943e+01
2.844602178078446997e+01
2.693827210027392383e+01
2.909930980604330841e+01
2.556606216284141198e+01
2.745268478087394470e+01
2.983795781723737051e+01
2.234652166357814451e+01
2.420388747722354594e+01
2.749109055102020349e+01
2.546033262035133404e+01
2.753024534064598683e+01
2.054457440406921620e+01
2.602377165261000869e+01
2.318627689028456373e+01
2.586567624942018284e+01
2.297126841574612399e+01
2.266829485904694863e+01
1.662767156884961040e+01
2.009280286803103976e+01
2.093205573712245027e+01
2.943548726419446737e+01
2.496159728345769224e+01
2.784305365640397767e+01
2.642254799303382384e+01
2.101304918100791141e+01
2.107099887931068949e+01
2.592949957405701866e+01
2.813952449646958343e+01
2.016229368621545603e+01
2.331133485922921622e+01
2.739111903221300182e+01
1.941844570388172997e+01
2.748815233206222075e+01
2.658710378564015642e+01
2.367525185889179085e+01
2.246180616901724036e+01
2.772654295980435535e+01
2.726079435185296873e+01
3.432799969348135960e+01
2.408438917297054971e+01
2.860473216115588002e+01
2.701373313942758259e+01
2.356010959034014363e+01
2.607125202601928038e+01
2.998500267204993719e+01
3.883529827556665737e+01
1.922888562299630877e+01
2.638351024782816268e+01
2.683582490988404246e+01
2.824880173368410752e+01
3.199767821034689774e+01
2.604749918869226377e+01
2.729382660175480879e+01
1.985170096829600794e+01
2.473165446444146198e+01
2.651223024342915835e+01
2.483609683914939836e+01
2.844641491151092083e+01
2.388126365744014734e+01
2.620347042299948015e+01
2.699848396447088916e+01
2.640960294437451239e+01
2.086189204620735538e+01
2.448172843544790211e+01
2.861782958390939413e+01
2.565996509676862303e+01
2.707576421750868789e+01
2.198196390353151486e+01
2.356796255553349440e+01
1.776508040046475045e+01
2.477423766372215397e+01
2.268581064175529249e+01
2.523725208592112068e+01
2.267885473891250570e+01
2.350542461528445770e+01
3.702154545743044167e+01
2.294481187869291361e+01
2.534451436459964668e+01
2.923753276476264773e+01
2.693725637962358377e+01
2.167770001291334481e+01
2.756059566434949204e+01
2.646120417538923419e+01
2.616145550933751096e+01
1.952889689232650028e+01
2.420277230714437877e+01
2.498142119824546370e+01
2.269474374547530715e+01
2.537729363978439778e+01
2.699201158047354454e+01
2.907668080486611473e+01
2.298907676723936078e+01
2.102564917283483226e+01
2.492340717999169186e+01
2.548187659704538532e+01
2.398224296645470233e+01
2.705917603829906426e+01
2.264277452256384038e+01
2.567861869507687800e+01
2.516394776705861602e+01
1.988928525289460225e+01
1.890655549148199910e+01
2.629267387493739960e+01
2.542821314300831759e+01
2.359564253387719290e+01
2.407892067538629632e+01
2.392686518336465440e+01
2.812754452336739419e+01
2.766712441876812179e+01
2.130077712832897774e+01
2.200183167349923963e+01
2.312594128640392555e+01
2.023796894567848881e+01
2.983192809898503484e+01
2.712567421920610400e+01
2.593498124478935907e+01
1.813724254313582662e+01
2.380862970668526302e+01
2.449676562074494868e+01
2.716688722807510459e+01
2.752938987724077080e+01
2.221959484726002643e+01
2.803694019960884987e+01
2.421315235228571439e+01
2.847895661060816508e+01
2.560482300428560265e+01
1.971972728169897948e+01
2.885724220613334623e+01
2.311403875449488510e+01
2.995325009127666505e+01
2.368953478117563449e+01
2.107070427958649717e+01
2.414455880103546193e+01
2.565017828368248942e+01
2.640273593830661625e+01
2.942542782216647268e+01
2.255144400193174192e+01
2.268349179448467723e+01
2.711052491865416414e+01
3.348580788114819740e+01
2.686138333937134348e+01
2.332131940267398207e+01
2.131388714919091143e+01
2.172621590551799287e+01
2.539942721873059739e+01
2.292414570985251387e+01
2.478163155447793997e+01
2.714839172963262115e+01
2.588460913210204239e+01
2.516598616726864179e+01
2.208413935054277388e+01
2.649299623871972642e+01
1.803760620445260443e+01
2.088320315420085294e+01
2.367763400716249578e+01
2.790895287385403378e+01
2.585793748895863686e+01
2.583281084908844250e+01
2.490377987129459925e+01
2.065974163021942545e+01
2.395070556683329954e+01
2.844957891203174682e+01
2.429943696520115992e+01
2.470435240723178438e+01
2.988662984441466364e+01
2.457640586729788268e+01
2.760340799983054083e+01
2.801900880012360417e+01
2.962785752372916193e+01
2.598367727625750234e+01
2.435042978113669676e+01
2.631682947492620883e+01
2.828413951503346979e+01
2.686082990206901044e+01
2.145917293911326595e+01
2.853738454641467470e+01
1.963118516033453176e+01
2.273179026738037223e+01
2.758478998689308526e+01
2.480568606264651521e+01
3.611105988044204196e+01
2.620484699546271301e+01
2.448258087269090666e+01
1.501477411350603930e+01
2.555346223636858127e+01
2.232144012060960847e+01
2.263151338375178767e+01
2.741512009734832844e+01
2.125271416263933588e+01
1.986662719878080807e+01
2.685489003537762187e+01
2.361245664300257019e+01
2.924839334673781011e+01
3.456164355590195925e+01
2.568387202037335726e+01
2.523690360714190106e+01
2.533526426763853578e+01
2.519815511615386683e+01
2.870291219361544321e+01
2.189253591674186694e+01
2.497371476939921564e+01
2.325465173103568617e+01
2.309764903799893077e+01
2.444346517037422473e+01
2.778348264319024707e+01
2.198839454166423479e+01
1.837957637611240358e+01
2.616029339264554920e+01
2.322716108292672033e+01
2.279913472539425356e+01
2.407197256104470995e+01
2.735864082198462910e+01
2.430142648942065975e+01
1.968078821746989959e+01
2.320062071399124193e+01
2.415975639612117476e+01
2.173844305481096484e+01
2.368972309032241341e+01
2.746737481914933809e+01
2.192746001383652299e+01
2.433789464762502064e+01
3.807469722061398443e+01
3.159429428009095631e+01
2.960019845084281442e+01
2.638194447781148000e+01
2.175887536208252016e+01
2.579350468454652656e+01
2.212798933175006155e+01
2.699323116287742508e+01
2.736206498377286778e+01
2.114848321158536137e+01
2.587652381637630583e+01
2.311852793818605534e+01
2.741744231831694734e+01
2.607699433383685061e+01
3.012028178978603066e+01
3.236125165437183426e+01
3.873367689533976943e+01
2.959469040861689138e+01
2.303496839924089556e+01
2.882289968243669520e+01
2.613086318378985595e+01
2.350344819148810771e+01
2.623439629627938530e+01
1.524425376859745107e+01
2.649296811184581202e+01
1.987721300648205158e+01
2.817183659021014464e+01
1.780823422390313837e+01
2.254268979820886543e+01
2.551873091373792590e+01
2.512733297899599449e+01
2.814747846704183232e+01
2.739272612865620360e+01
2.682145477813033452e+01
2.343007622041491445e+01
2.438553390341742499e+01
2.503264253562612041e+01
2.123531332090743007e+01
2.885183723895463359e+01
2.534593778483831272e+01
2.810181480155240052e+01
2.600890031149058501e+01
3.263682736140309260e+01
2.597257156229422037e+01
2.371150685523566892e+01
2.046954235002653277e+01
2.667583131826821585e+01
2.744370860270302614e+01
2.303363877174222196e+01
2.915543852313266626e+01
2.315160511177901626e+01
2.690435629758504277e+01
2.517788174744248053e+01
2.299814322040025871e+01
2.235408760883388624e+01
1.982512135149622168e+01
2.085345261705757380e+01
2.143289073623052943e+01
2.113492653991701786e+01
2.420382500494202560e+01
1.738415713796187489e+01
2.579959221849955142e+01
3.081829031400590324e+01
2.471867625319799089e+01
2.820443702366414485e+01
2.719962743711550246e+01
2.529417959124472759e+01
1.847693943015836737e+01
2.077298335155638043e+01
2.240511353996315336e+01
1.978223695982061514e+01
2.822547058462023628e+01
2.398924606870395948e+01
2.326786898330326281e+01
1.341029149990747449e+01
2.682095996548633821e+01
2.664933455597520862e+01
3.338892339536733544e+01
2.382011159185660176e+01
3.168352010421412501e+01
2.626148975268043628e+01
3.004336393825506235e+01
2.313750045792390608e+01
2.597526391463788187e+01
1.754946451790273798e+01
1.990764361281063088e+01
2.499190625859530002e+01
2.538706518005509238e+01
2.485537244043763749e+01
1.983094852454591361e+01
2.591195643319822750e+01
2.353468029851829613e+01
2.761007075987704695e+01
2.445344850965196670e+01
2.576125104054294468e+01
2.704982180073328379e+01
2.699943758745660460e+01
2.732641849703270864e+01
2.056847335596253501e+01
2.819930545809996403e+01
2.887629236880749772e+01
2.419954541674291093e+01
1.774901036212224525e+01
2.712199943756112930e+01
2.387082411258956682e+01
2.871515928934736195e+01
2.568387270026212121e+01
2.678178073829299777e+01
2.414332157360016140e+01
1.966931046491110990e+01
2.341870706219269849e+01
2.701532010978633735e+01
2.743433633048792686e+01
2.831978957908059868e+01
2.387607860651024794e+01
2.352175527600624960e+01
2.632643414538006255e+01
2.269810955673053954e+01
2.852635474930001180e+01
2.804118602424457762e+01
1.507366816107720631e+01
2.678086379927174576e+01
2.845110486029791730e+01
1.711617954119597229e+01
2.243858054422452497e+01
2.414185366593655147e+01
2.669682060123825096e+01
2.390167268578356996e+01
1.961426305651950841e+01
2.791117064239490375e+01
2.611635716495984738e+01
2.774463957837848938e+01
2.610070138600709910e+01
2.933585986016046832e+01
2.250313543424223539e+01
2.429220093774049261e+01
2.278429941161058636e+01
2.342890694259655504e+01
2.362446185733356785e+01
2.652840027788935018e+01
2.639075587008080248e+01
2.252276898104317837e+01
2.669917313087068678e+01
1.869108098597809686e+01
2.213139830354881710e+01
2.567875224180204441e+01
2.571206479156800739e+01
2.400872916736081919e+01
2.557624719807631664e+01
2.488880844603944809e+01
2.790610366104745665e+01
2.358909472858313094e+01
2.430488144504939285e+01
2.367594808514433780e+01
2.196123748974795831e+01
2.332110281315597433e+01
2.065361412395738583e+01
1.968085065948711687e+01
2.535245766904916920e+01
2.294482522426766025e+01
2.429168307295094920e+01
2.865033702411488647e+01
2.971550792000844154e+01
2.606397053377308026e+01
2.448235460066094404e+01
2.708580591157861051e+01
2.397393225310313625e+01
1.506365678632649185e+01
2.711037582263957191e+01
2.600483707051919069e+01
2.625286005047967919e+01
2.685497465779786452e+01
2.446435919856474328e+01
2.054408274842376869e+01
2.720983659962091750e+01
2.625087406514513333e+01
2.513406501010139138e+01
2.139601874403660631e+01
2.681715861292216374e+01
2.650228952191951137e+01
2.505032072891436812e+01
2.440936946897509685e+01
2.540615788947130227e+01
2.505500012566440304e+01
2.528861868757046949e+01
1.690063204655874785e+01
2.870031532603498192e+01
2.451951726563502021e+01
2.310568505796519290e+01
2.884163296450995517e+01
2.432301421492549665e+01
2.773580905352488557e+01
1.487509295687113742e+01
2.559460119370317699e+01
2.186883778399032963e+01
2.763591608063246241e+01
2.205204400782025331e+01
2.558341050190929877e+01
2.657506916238696704e+01
2.355600281641988403e+01
2.457529645772835991e+01
1.970142661441456156e+01
2.686979107662002519e+01
2.262086400015018839e+01
2.851662849688758783e+01
2.476869104218275552e+01
2.651070010342863981e+01
1.940194433980887467e+01
2.430598757870317073e+01
2.191538890899986214e+01
2.398700396025856918e+01
2.380716557932658262e+01
2.925373355136870046e+01
2.276808274277497190e+01
2.587996744566803642e+01
2.805667968649174782e+01
3.197113508587539599e+01
2.859993440536024778e+01
2.176829072910853213e+01
2.674835102095736517e+01
2.188304420541746609e+01
2.795796320770177701e+01
2.144593399369975373e+01
2.474392317745289560e+01
2.577276602536752748e+01
2.701048642194549032e+01
2.428941414262404663e+01
2.623625939601611634e+01
1.599521917775340363e+01
2.562752598996209485e+01
2.709701480781069804e+01
2.706995771981642207e+01
2.509565579152927484e+01
2.785213763347946880e+01
2.853334631674801614e+01
2.568567804213237338e+01
2.345104027996481477e+01
2.245159155261529804e+01
2.764850915194821468e+01
2.119264260650646747e+01
2.186482057593228490e+01
2.697758833936589085e+01
2.735650569507212282e+01
2.719333013115149456e+01
2.540765417021851036e+01
2.282532149946728950e+01
2.523557295437657544e+01
2.620768398514734798e+01
2.870503005217893033e+01
2.434099881388995712e+01
2.733154364075526388e+01
3.015002446170031547e+01
2.374916555636142945e+01
2.246100196371091329e+01
2.677868581455711805e+01
3.075701551564527492e+01
2.627457168926023456e+01
3.156587501519834404e+01
2.787245191653819987e+01
1.955188928867163867e+01
2.145065145841454424e+01
2.907132761416011846e+01
2.645894061871106118e+01
3.753531731628920909e+01
2.386107627521253605e+01
2.197995864096755270e+01
3.024357843059267381e+01
2.597395058641947330e+01
2.057780880674217627e+01
2.212160781023204237e+01
2.241218806973563815e+01
2.629136444135706085e+01
2.547492308041515230e+01
2.653206261531664722e+01
2.243758179475538839e+01
2.284580916605337819e+01
2.309084614351017706e+01
2.741122768133959298e+01
2.584795453341522986e+01
2.701656729796014034e+01
2.198383323642143949e+01
2.868210835277241344e+01
2.311739717671746774e+01
2.522236438441161965e+01
2.467381984581409782e+01
3.157678935444108248e+01
2.745151905271515602e+01
2.084391691139822456e+01
2.938096896472341157e+01
2.832604477116198183e+01
2.608718201144300153e+01
2.271487599627973353e+01
2.856703622148733146e+01
2.152955768204400755e+01
2.206036701300094194e+01
2.565547581067835381e+01
2.383451487245422840e+01
2.794621564402426728e+01
3.340335054857896324e+01
2.032923063217955928e+01
2.809141929158390383e+01
2.395161099533567750e+01
2.724774707185112277e+01
2.166087223997604028e+01
2.092159496892010040e+01
2.771480033291627265e+01
2.576159130904314409e+01
3.043088703610823487e+01
2.413955491237586060e+01
2.809278686565927785e+01
2.571029584617516406e+01
2.254366687972946792e+01
2.317585302343761100e+01
2.173354141251577687e+01
2.634864947235587707e+01
2.524656550325874349e+01
1.497273108448692724e+01
2.545762099150252666e+01
2.739922448981999281e+01
2.413283158238321136e+01
2.633772720950450363e+01
2.639600303074051979e+01
2.679412959320674759e+01
2.727898281795678770e+01
2.803582779746172804e+01
3.844225238408311895e+01
2.291513771564439139e+01
2.828360091477516391e+01
2.523696938864659600e+01
2.249691124473086390e+01
2.286890378097842103e+01
2.921999094992986201e+01
3.714737787783735712e+01
2.848379265079976008e+01
2.861927308052322161e+01
2.505119364181927821e+01
2.020102351759061676e+01
2.632422159288642405e+01
2.859961185977570608e+01
2.737692378407860261e+01
3.006053729121512674e+01
2.255915602135865683e+01
2.845633548769083987e+01
2.869692957572059910e+01
2.608714622668664873e+01
2.526005813074369399e+01
3.808357423888181614e+01
2.576585913863297961e+01
2.786111286374637785e+01
2.681140612129128442e+01
2.255253534229567691e+01
2.755356392969857637e+01
2.574987241907147961e+01
2.961002084934743550e+01
2.846101934414277679e+01
2.932806850051341030e+01
3.143192257669189260e+01
2.157778545896677258e+01
2.436354912814348594e+01
2.071895731292148568e+01
2.555869680464249782e+01
2.882465897905419894e+01
2.669515304210031204e+01
2.335863393545150757e+01
1.886061921356880688e+01
2.712072739216110406e+01
2.190969392501696333e+01
2.411852041499973964e+01
2.340136373013552884e+01
2.960537499553299412e+01
2.567176643000541958e+01
2.916080290600411473e+01
2.630669432484170045e+01
2.201759420674626355e+01
2.645455753782091435e+01
2.684899762038564930e+01
1.714387308672280597e+01
2.385669870970427908e+01
2.679996761127953064e+01
2.800697098760762671e+01
2.474687748656521791e+01
2.743129769601289070e+01
2.714338547981480332e+01
1.846561943569986042e+01
1.798096616374085954e+01
2.594851245700937525e+01
2.329360867580576766e+01
2.644809869994329432e+01
2.757884918869954660e+01
2.595176679590413826e+01
2.675139564408375037e+01
2.344134957063542757e+01
2.491232078039821474e+01
2.638697056299281840e+01
2.427449538592923162e+01
2.537164531731762906e+01
2.948115218001337468e+01
2.685486642693993886e+01
2.699338691141774760e+01
2.310200780807751286e+01
2.500574649238672365e+01
2.565459797223552130e+01
2.664853442514618820e+01
2.645151697821540182e+01
2.938941828502525055e+01
2.074167248295514554e+01
2.039714600367717168e+01
2.445434151469009976e+01
2.964514981600532195e+01
2.875660869492591587e+01
2.795848444941425726e+01
3.129948609375884416e+01
2.667051355182343642e+01
2.731735548225924148e+01
2.403141901162591410e+01
2.090189185139178818e+01
2.225691828919131865e+01
2.693307877913846227e+01
2.954079404101632633e+01
2.970926020550231783e+01
2.591965616879576118e+01
2.549098785860751448e+01
2.628082920484679263e+01
2.954205564516868066e+01
2.075728762299135255e+01
1.960122517580472845e+01
2.306888815563897310e+01
2.112228514344552366e+01
2.624383502306253035e+01
2.354586695534179697e+01
2.375991302773062941e+01
2.558947718724666487e+01
2.650051040820913784e+01
1.934669484540705398e+01
2.604149729779737399e+01
2.713063121828237456e+01
2.723050113666569061e+01
2.872631566583400797e+01
2.688590564625491552e+01
2.419638252004359558e+01
2.804447706032543408e+01
2.441024156846944493e+01
2.118333155216604524e+01
1.475921414673167398e+01
2.535922368421162432e+01
3.037718950450295097e+01
2.083841522132316726e+01
2.676829134420056633e+01
2.465999933553583645e+01
2.640223559821256316e+01
2.525414351327489015e+01
2.590158727061082189e+01
2.406813598286570155e+01
2.897897775810245946e+01
2.509515381723728922e+01
2.760936118743278556e+01
2.187594851497376425e+01
1.294544279416783716e+01
2.924988192529997377e+01
2.882682063857881261e+01
2.341809492315253038e+01
1.788388680546197307e+01
2.472072106066292818e+01
2.786622877147617672e+01
2.800345863534672475e+01
2.942443445210445319e+01
1.829303635315413956e+01
2.679190209674255740e+01
2.439633289620642387e+01
1.730639383504123430e+01
1.832626596490184312e+01
2.809556611419224836e+01
2.602218660269633332e+01
2.301483537697985327e+01
2.635716102683063866e+01
2.522342096051701077e+01
2.729601469107515399e+01
2.618213569357319059e+01
2.748334083401604744e+01
2.641826612477076353e+01
3.083520490452103147e+01
2.840571332167406027e+01
2.772483441228568068e+01
2.718142113764651668e+01
2.632477849453064778e+01
1.780756504905379956e+01
2.527070407738851543e+01
2.622582501316084702e+01
2.918851538819305347e+01
2.085314921517469244e+01
2.197729797833132181e+01
2.284635232877035094e+01
1.995552712639268123e+01
2.396983168349944293e+01
2.435413084006068729e+01
2.264137462853002347e+01
2.758274213338580338e+01
2.594426946080449881e+01
2.414198443356162471e+01
3.326516583833423368e+01
2.664591490752053815e+01
1.872225719307920855e+01
2.812452023250959598e+01
2.508425314771984915e+01
2.587647371165620669e+01
3.027665990606249835e+01
2.068875102063800853e+01
2.100280600268192899e+01
2.160049924999252013e+01
1.907352413684621339e+01
2.733690154844253684e+01
2.141181388474998570e+01
2.473096094677264389e+01
2.688018225478117529e+01
2.704861126484686196e+01
2.730199696121960784e+01
2.599243841888737805e+01
2.547835253870705330e+01
2.357657798054707499e+01
2.954896962583655196e+01
2.508004117052261250e+01
2.020468164652702114e+01
3.247669841649115341e+01
3.572014637541050774e+01
2.645038823270597561e+01
3.226189357766879340e+01
2.390112009874307120e+01
2.563118083810362791e+01
2.457434085597454398e+01
2.497530754585780599e+01
1.966417472282520862e+01
2.666831753480516554e+01
2.726805989090615867e+01
2.806916462074984153e+01
2.884744570270838082e+01
1.996685168628442852e+01
2.491258389743367019e+01
2.845665976226311855e+01
2.898869085386104771e+01
2.452742530453657110e+01
2.438872439570517159e+01
1.894361699655754805e+01
2.271197599792244404e+01
2.180194997062908513e+01
3.022546355689641473e+01
2.575718481702642038e+01
2.483718182720152257e+01
2.810362329677303350e+01
2.518681680912649057e+01
2.309076153706259760e+01
2.987623210065197199e+01
3.267993899786134904e+01
2.574002214293382806e+01
2.183041986142924884e+01
2.603581287033117420e+01
2.710629280266946495e+01
2.677328052074506815e+01
2.702238310990792414e+01
2.969014337208524168e+01
2.397988152103681969e+01
2.639956686099191430e+01
2.601768107621213488e+01
2.426861215266648131e+01
2.636304424336665164e+01
2.835990879372401707e+01
2.131781758351473499e+01
1.975677602737471261e+01
2.869180773689051023e+01
2.514052872846026077e+01
4.105800844546687500e+01
1.946244447134902344e+01
2.697803639255054975e+01
2.567265713708748009e+01
2.626251046301865699e+01
2.615056129877823921e+01
3.404689765002134294e+01
2.107097249160004537e+01
3.038267248513961150e+01
2.595456582522413669e+01
2.444816412341476664e+01
2.468331408681887496e+01
2.647258515374185350e+01
1.381006523115549811e+01
2.593242465785079176e+01
2.759376126291728326e+01
2.647951743095526211e+01
2.787536686295830535e+01
2.206397470422644247e+01
2.460409948482240594e+01
2.429354900859071975e+01
2.706927256478537558e+01
2.564068629743099237e+01
2.620833534254456865e+01
2.099442298092929349e+01
2.704715448079353379e+01
2.932867345089005795e+01
2.380730370322827483e+01
2.864767503110703473e+01
2.637005615916320167e+01
2.981042971789496931e+01
3.097166104914725082e+01
2.863493308307218754e+01
2.858519646906294653e+01
2.179376178445464518e+01
2.667884275250726134e+01
2.359397194063094716e+01
2.748386609610026809e+01
2.551056161549988133e+01
3.023668685496145514e+01
2.830857169590588640e+01
2.067500102283931085e+01
2.868323954685006782e+01
2.555198892804667565e+01
2.629740799893282954e+01
2.778091371755073524e+01
2.632602021215271648e+01
3.070477955083702071e+01
2.083368591670513581e+01
2.455791672094665401e+01
2.444648577925777033e+01
2.361513747201405522e+01
2.937524756814243787e+01
3.086333698801475123e+01
2.803479158181180253e+01
2.934399038318074204e+01
2.160984298646456025e+01
2.718475283464320569e+01
2.076667424872501044e+01
2.352630824225582273e+01
2.283370087860655673e+01
2.394298301453423150e+01
2.849091009585091427e+01
2.472248159860870942e+01
2.633065687998471915e+01
2.723923063015911694e+01
2.449089668562250210e+01
3.711596268750760430e+01
2.274296182157969781e+01
2.348235159987198628e+01
2.806749635684763078e+01
2.567770763618288754e+01
2.614854716959566261e+01
2.648749481133072692e+01
2.599249015183839262e+01
2.325843110278208670e+01
2.703280364793769763e+01
2.183926415735810522e+01
2.657525791365965162e+01
2.428759792579425536e+01
2.920994525769613048e+01
2.644365439665700279e+01
2.807461861989023433e+01
3.005626742263557460e+01
2.402480295762763873e+01
2.571915039013285309e+01
2.159534002607292535e+01
2.057253583463648283e+01
2.476100928738827989e+01
3.100470382734314967e+01
2.594594622559637642e+01
2.684378977616627893e+01
1.826668347712635665e+01
1.773944123904339421e+01
2.734935184119522233e+01
2.755485531510693065e+01
2.847222860853592508e+01
2.430044787101345349e+01
2.327450223197482870e+01
2.146160812116060157e+01
2.831070519891223114e+01
2.571272782430742865e+01
3.463142483740678301e+01
2.471951266128619551e+01
2.298338209098428919e+01
2.438350970833727516e+01
2.372655343955749885e+01
2.258940161318883355e+01
2.591728719031706873e+01
2.721166671980487095e+01
2.758512760113568163e+01
2.059833945017872381e+01
2.763371636259137176e+01
2.572711047605283596e+01
2.615565768523578072e+01
2.775463282068570336e+01
2.607934611042340478e+01
2.410308698922207782e+01
2.245676641304655874e+01
2.552082654501166559e+01
2.850521098824069099e+01
2.586126114018369293e+01
2.653466616126403466e+01
2.755010772835124655e+01
2.941040345897661723e+01
2.246550766634445040e+01
1.685076637119457033e+01
2.215824153546345698e+01
1.934382324354244886e+01
2.697822088701794740e+01
2.817863587746740350e+01
2.692525398532728431e+01
2.207814054738486931e+01
2.828579614559809485e+01
2.236591024086861523e+01
2.028347130375977159e+01
2.357715619534942419e+01
2.287774273366889588e+01
2.173876737410610360e+01
2.602322597491859213e+01
2.332622408164073136e+01
2.757551717966815730e+01
2.500044466804737908e+01
2.492597702977144536e+01
2.307501740659018807e+01
2.367398304779930740e+01
2.193271017398568645e+01
2.679042312229248424e+01
3.008645214587941652e+01
2.422204360441871174e+01
3.807108570622949628e+01
2.634869396373896322e+01
2.647819472280534825e+01
2.543702407343552707e+01
2.480918541155119783e+01
2.085852810406055369e+01
2.961591177032773459e+01
2.890227727485437370e+01
2.886671759115301228e+01
2.656261901605878961e+01
2.816397816834538759e+01
2.701395532312673708e+01
2.884440083526792620e+01
2.800541381831347465e+01
2.236922677844115981e+01
2.700941924140541417e+01
8.733610719290361146e+00
2.075917430223375604e+01
2.964972415317570054e+01
2.168929460217313832e+01
2.182600482115031326e+01
2.560484673415902890e+01
2.376055345039377542e+01
2.143010378077347511e+01
2.317373168477416812e+01
2.456047966190785914e+01
2.450401736263728480e+01
2.075983586466864494e+01
2.636956973472098298e+01
2.345708072200716998e+01
2.443371699919568485e+01
2.285558811140687396e+01
2.328297308863180959e+01
2.980070275530861323e+01
2.473223976396431922e+01
2.629102974749765664e+01
3.003196519344720272e+01
2.658317867288328173e+01
2.500001069968349299e+01
2.735058873277543157e+01
2.350255327228487090e+01
2.984834248735995388e+01
2.618562144676808501e+01
2.879446697300679148e+01
2.865976686902207859e+01
2.844186471893985413e+01
2.511754674432945222e+01
2.190196857572865596e+01
2.584825529455721238e+01
2.886082913666584915e+01
2.969223221310294392e+01
2.880084767558536640e+01
2.645944582816004242e+01
3.129871484502242396e+01
1.926956243321697571e+01
3.479605476449567902e+01
2.247109778682784409e+01
2.853879600892377866e+01
2.255213771703386527e+01
1.880016973379528977e+01
2.791062793619382987e+01
2.618726489734728347e+01
2.602391957135686340e+01
2.336062770883421180e+01
2.416289909231816679e+01
2.394906915567054639e+01
2.750978696493819342e+01
2.675671778904079190e+01
2.224443538120799246e+01
2.317163740800540239e+01
2.460010342888443802e+01
3.111061686056532238e+01
2.078816780409212939e+01
2.741887029417098276e+01
2.582830049838348785e+01
2.717321566724875126e+01
2.136269792694129421e+01
2.035917454796715376e+01
2.286866054520963232e+01
2.577389598310333696e+01
1.792436670199526816e+01
2.697008798972214905e+01
2.446840608403710959e+01
2.802108247627769799e+01
2.728274753808391040e+01
2.460752637367961881e+01
1.940411773397631734e+01
3.051775100837947008e+01
2.594930876250063889e+01
2.550390927533660346e+01
2.031344764512984113e+01
2.272207652977054337e+01
1.822294091927384230e+01
2.567034634248842551e+01
1.607317783277813916e+01
2.781209793713095380e+01
2.164705198093561833e+01
2.382963684693028128e+01
1.682213725166173290e+01
2.413149616400329123e+01
2.215475653660501365e+01
2.414722810408594356e+01
2.857368732756204111e+01
2.319275911082171504e+01
2.539953836356953332e+01
1.920801201696419369e+01
2.742550641161487590e+01
2.457309452690879326e+01
2.103258455145989814e+01
2.305082936765718671e+01
2.131181027440920417e+01
2.847566788156803597e+01
2.362922893884373110e+01
2.655615396081286406e+01
2.027270886380680182e+01
2.759422071490159922e+01
3.300299778256979977e+01
1.843361142804377195e+01
2.623396130361453515e+01
2.894585672406294918e+01
2.445575830771370107e+01
2.877043852215409814e+01
2.837854818663116419e+01
2.377855431362919347e+01
2.839613775809248253e+01
2.668461403502847062e+01
2.343339562381204288e+01
2.441608455865094029e+01
2.708859282661669354e+01
2.683701236043969374e+01
3.541301117301380685e+01
2.757617661569735645e+01
2.574601894428413118e+01
2.510062242505645358e+01
2.543467956425512000e+01
2.499644937971816461e+01
2.404813163391541764e+01
2.451603556218499236e+01
2.155224316688117625e+01
2.827699139222453439e+01
2.349230193381834653e+01
2.247836113867849051e+01
2.801139636156093715e+01
2.230730205312027081e+01
2.559594984887742797e+01
2.351571524464221952e+01
3.025820219291426127e+01
2.239355338504999082e+01
2.895971582635174713e+01
2.831882876385771297e+01
2.644100784649192093e+01
2.354209328804723000e+01
2.986559001549278136e+01
2.361431581006966596e+01
3.092138782275332431e+01
2.571606591061921421e+01
2.325802309533478862e+01
3.083185307930881791e+01
2.664220622211399814e+01
2.963726833116377435e+01
2.800867639880369353e+01
2.990300829500386115e+01
2.577823908199178149e+01
2.986179730788518683e+01
2.262748172848817774e+01
2.660874591067512185e+01
2.252583997904604729e+01
2.573874106846734122e+01
2.709596368784021791e+01
2.510757458419224619e+01
2.888273649769361384e+01
2.887312367582919492e+01
2.401511526174850175e+01
2.459564404329522702e+01
2.243217502782220407e+01
2.566927835610833597e+01
2.237272078779735907e+01
2.899057177240305450e+01
2.014492225286626592e+01
2.655435047169389406e+01
2.872423009851155484e+01
2.612807698497320175e+01
2.609604209076703540e+01
3.654319567839042548e+01
2.671896951720051305e+01
2.101477443579674187e+01
2.856355189396948902e+01
2.543325655484678904e+01
2.053301040002472178e+01
2.778928917001123367e+01
2.470759478288300670e+01
2.592347129444406306e+01
2.953985053037080633e+01
2.266461865046713697e+01
2.450352318012210162e+01
2.806952071238164947e+01
2.679605312263182171e+01
1.834692319818098127e+01
2.993318197469148956e+01
2.936369482497654460e+01
2.577836383775015250e+01
2.692500984069645042e+01
2.534445632473327237e+01
2.718615667209147091e+01
2.181285475376117589e+01
2.481420268387374506e+01
2.541281991368449411e+01
2.567052493717196171e+01
2.462242424028171683e+01
2.289869156653004367e+01
2.511591253312293048e+01
2.748925189956007742e+01
2.467799141686527165e+01
2.622705882879802886e+01
2.825346965445961089e+01
3.127952283025920366e+01
1.690296559136072929e+01
2.721988177398453246e+01
2.227504233788080157e+01
3.649749159916351715e+01
2.712683067060146413e+01
2.250012554218917060e+01
2.735715582820758485e+01
2.766496742176752122e+01
2.949878056323973041e+01
2.771109206826821136e+01
2.368948874244130565e+01
2.131148641381767916e+01
1.648047322156441297e+01
2.761867392519758013e+01
2.363359031302056934e+01
2.504530355688368815e+01
2.294771095591731580e+01
2.544643251394758110e+01
3.218432971609212245e+01
2.927565872256118595e+01
1.858487352232287293e+01
2.438830100805989076e+01
2.640425305973232994e+01
2.599761457647522889e+01
1.872056593002528047e+01
2.659483032750718579e+01
1.517789405856457741e+01
2.296764636314240704e+01
2.007262978285285726e+01
2.663532650540478031e+01
2.924909014857844269e+01
3.009918594676883785e+01
2.535540404223432276e+01
2.581648090731824752e+01
2.493679279062149234e+01
2.546689209570907764e+01
2.396215847195393067e+01
2.260881647346603529e+01
2.006365145265859340e+01
2.724038442587516329e+01
2.512881240522292714e+01
2.851341767650697889e+01
2.707067725176226602e+01
2.339856585455198257e+01
2.825646593181094346e+01
2.433571316365457093e+01
2.456298872823118629e+01
2.674238418413288798e+01
2.294896078140440565e+01
2.247074748341268702e+01
3.360511951306030909e+01
2.364566181594281957e+01
2.586146638515365481e+01
2.651464867090234634e+01
1.941638145810163607e+01
2.234340654653195912e+01
2.261859029050421199e+01
2.744185010191261398e+01
2.711233182501668892e+01
2.257051484305115352e+01
3.273746461202853197e+01
2.175434211531344886e+01
2.814028770200955165e+01
3.083666909382109367e+01
2.289814092341822871e+01
2.491384702818383445e+01
2.885214745978413120e+01
1.956057191201180956e+01
2.220303235923496388e+01
2.808149924139306819e+01
2.697964602363671105e+01
2.511883436911928058e+01
2.327673087304908606e+01
2.368818564717621200e+01
2.349619219813755677e+01
2.348533301279418239e+01
2.487262925562864169e+01
2.492703629763248685e+01
1.854611578622166235e+01
2.165683024579828597e+01
2.432501829949447369e+01
2.052114166301934262e+01
1.871134931848447280e+01
2.344682928795504040e+01
2.779820067133947958e+01
2.970631026656869267e+01
2.448001263753594614e+01
2.687690272757394183e+01
2.199794843955652368e+01
3.087806212952142104e+01
2.132818666805695429e+01
2.533673293868450216e+01
2.601690582772030425e+01
3.094919154625294766e+01
2.432436784163619592e+01
2.605650122897221266e+01
2.271634613564818039e+01
2.429937141136725387e+01
1.984014502379617539e+01
2.279173699133109210e+01
2.423842256681861329e+01
2.675679603672669060e+01
3.295577305765173293e+01
2.457117851731693392e+01
2.997326118163507402e+01
2.536122450290626062e+01
2.984301838071623436e+01
2.136748043123823848e+01
3.181773315023596282e+01
1.764961938730048274e+01
2.414308195886570019e+01
2.092094922902667875e+01
2.523372284907533469e+01
2.132203889429622734e+01
2.639707122134952400e+01
2.728895226645522243e+01
2.524034677188817710e+01
2.464046663393413183e+01
2.669324472628840184e+01
2.593474355713762591e+01
2.578915649627146678e+01
2.562511910729282505e+01
2.515345535852430103e+01
2.877054880697592054e+01
2.537749206542027025e+01
2.395450456297234254e+01
2.310987164504421543e+01
2.447272784782178334e+01
2.401159564808125779e+01
2.473106222053637282e+01
1.947612112317935029e+01
2.006309569934115800e+01
2.597095094702996931e+01
2.174040176313404515e+01
2.642931869438868020e+01
2.033828533646857650e+01
2.211447275220507436e+01
2.626401325447796253e+01
2.578724854996781701e+01
2.759769250046123190e+01
2.258160396138004344e+01
2.843651891134121357e+01
2.636307101082665838e+01
2.052457455465264147e+01
3.679497316116356131e+01
1.412354898244419665e+01
2.663261795475526128e+01
2.951419538630880268e+01
2.629460642979268670e+01
2.833127991077971330e+01
2.686526427682441209e+01
2.809189994970742887e+01
3.047674138778292630e+01
2.893326294018883971e+01
2.138634873261534253e+01
2.572015564398641985e+01
2.703576009633457744e+01
2.617752763520468307e+01
2.971292391190505811e+01
2.888897955094245518e+01
2.434389158637181083e+01
2.486184347340531176e+01
2.533153366965643727e+01
1.540623678235259497e+01
2.156261978102977395e+01
3.050031556147481737e+01
2.606643494948445294e+01
3.100228454219852736e+01
2.860220196641961365e+01
2.554866097761530952e+01
2.650335768765003053e+01
2.750813055226523574e+01
2.773204248046467413e+01
2.234831833794410372e+01
2.429713879272167532e+01
2.919691418558552698e+01
2.792422018055081878e+01
2.582360509536912119e+01
2.550017628695132998e+01
2.692778661515977490e+01
1.952880848558357485e+01
2.668332087483951298e+01
2.464467651265026760e+01
2.725570424522968693e+01
2.823500549722008657e+01
2.243643343839386262e+01
3.017272582367928280e+01
2.562032736519990550e+01
2.909124100968913851e+01
2.734780221489301155e+01
2.577878437760901775e+01
1.832477891462745134e+01
2.762920031570257962e+01
3.010833544937214157e+01
2.155218393152410172e+01
2.022867763842722511e+01
2.679797042381860095e+01
2.639727999086212762e+01
2.385601129358035877e+01
2.451708234506364548e+01
2.060806874188259386e+01
2.723178154682264207e+01
2.381440812636046545e+01
2.580169502471444432e+01
2.339082514016505954e+01
2.295162223357715092e+01
2.579127964114222493e+01
2.605052507452123578e+01
2.745174196191115001e+01
3.790897016183878776e+01
2.186783495548665712e+01
2.603311905461569609e+01
2.212487991073272298e+01
2.604314815549209428e+01
1.957962122514541292e+01
2.465218895728593651e+01
2.238155759192786221e+01
2.061482553665537054e+01
2.909302954715077405e+01
2.610200639500214237e+01
2.730450970368726615e+01
2.581754277265778796e+01
2.663643538932202404e+01
2.424822905416464280e+01
2.520365605137386211e+01
2.567144503013075862e+01
2.852329005476402912e+01
2.421226874785204330e+01
2.527549694613976783e+01
2.943024809914703965e+01
3.062425536747657873e+01
2.946384253027630251e+01
2.555574391612840657e+01
3.507999269828663813e+01
1.507829025994301908e+01
2.781825116585225999e+01
2.571265924567341088e+01
2.546762646665118979e+01
2.371976964523976150e+01
2.916968022837246721e+01
2.782612937661108532e+01
2.882961783920041299e+01
2.515207395433235149e+01
2.640117278755909425e+01
1.832806050253159924e+01
2.874000796148724390e+01
1.976155904381319672e+01
2.387625166747865535e+01
2.592381906023870997e+01
2.825051124434922301e+01
2.571421095466885731e+01
1.591094322574294750e+01
2.598379489430452338e+01
2.356763189106193224e+01
1.732272019621097670e+01
2.461969600150687398e+01
1.828087588233856664e+01
2.815201102221461582e+01
2.631892344524579386e+01
2.326547866710985701e+01
2.025304884066318323e+01
2.532526206251310796e+01
2.929472789214257844e+01
2.454343933158844138e+01
2.452906526774332008e+01
2.611865620474086214e+01
2.826141282913386732e+01
1.663726994489142896e+01
2.573516738780177349e+01
2.816745732641658861e+01
2.729155282196503407e+01
2.995351513844691027e+01
1.913784198189201291e+01
2.692406713308030319e+01
2.285859792311080341e+01
2.819083289449328689e+01
2.644653501402963514e+01
2.229450787960773539e+01
2.926261430703373989e+01
2.952964167415362695e+01
2.471679129348908432e+01
2.756101513407280379e+01
2.714489947287592031e+01
1.707168041443107143e+01
2.678781474800822338e+01
2.412199065917515028e+01
2.490705762929779965e+01
1.825205151017385319e+01
2.919755987096803196e+01
2.821442722890636645e+01
2.748079189922836107e+01
2.444707652480855842e+01
2.866510656622364905e+01
3.718496634457299166e+01
3.382836167050404441e+01
2.643560100832108617e+01
3.409610723487936923e+01
2.551766753112069352e+01
2.089296345278160061e+01
2.347928650956032826e+01
2.964500155200873976e+01
2.750014280208242923e+01
2.000785700275380918e+01
2.626215567743138024e+01
2.969236924458365579e+01
2.764494802774411397e+01
2.659487887655738447e+01
2.298298684000694792e+01
1.848342474199423791e+01
2.653696516624735935e+01
2.799521583364312605e+01
2.186644912502839233e+01
2.589073763747062173e+01
2.631977414099475610e+01
2.604051757465065720e+01
2.593965095015141387e+01
2.316653691920557989e+01
2.628417322398459888e+01
2.774231764512641973e+01
2.717254310719358301e+01
2.290316983994239308e+01
3.054358483889851783e+01
3.098476235750186802e+01
2.117158617028141876e+01
2.483246363855467109e+01
3.170756213918234323e+01
2.839132094952818974e+01
2.643572309739304416e+01
2.322715136499115829e+01
3.799142445701219373e+01
2.659921921028567837e+01
3.076343038887998560e+01
2.712184734662326235e+01
2.544686009771157131e+01
2.568856041700747639e+01
2.508299865630498360e+01
2.776443231156473601e+01
2.399250938091734398e+01
2.260099555991484976e+01
2.308677704737345948e+01
2.690976021003158181e+01
2.945461316260531959e+01
2.776337711243453654e+01
2.827903658832379818e+01
2.322915225276852524e+01
2.530467054605221833e+01
2.057065714045528892e+01
2.456393617010674646e+01
2.736719002896802877e+01
2.172537956585680519e+01
2.730240705032290904e+01
2.809539286398699431e+01
2.616649034047367550e+01
2.545805248958800604e+01
2.563169835401017593e+01
2.847448743535096582e+01
1.805979994636545882e+01
2.315316966353374539e+01
2.167145024077727200e+01
1.979574574867669767e+01
2.999942753705779097e+01
2.512272376864656920e+01
2.632224853951843357e+01
2.896428872239996366e+01
2.342305628430939990e+01
2.682269205293818359e+01
1.938330797504599090e+01
2.642174028378329709e+01
2.492690507493110630e+01
2.755512530855660813e+01
2.857215157183411947e+01
2.756466711049426266e+01
2.813350428378704748e+01
2.302503333197306290e+01
2.015329299143033381e+01
2.971953670788865054e+01
2.795388716414566233e+01
2.864152307758773475e+01
2.158338463148458786e+01
1.905855738417436385e+01
2.243271613971377931e+01
2.550923609459074726e+01
2.685519561640369091e+01
2.438364179436415924e+01
2.288366858252096847e+01
2.728826066333003553e+01
2.921962081753250118e+01
2.690253836539449850e+01
2.607201395917384801e+01
2.369773592475545598e+01
1.972716752519093930e+01
2.628340543072001267e+01
2.309803542073028737e+01
2.599026805195215672e+01
3.042848312911396746e+01
2.113012861294059164e+01
2.514042950808519095e+01
2.385090000496910534e+01
2.751750819244221802e+01
2.299945368355709974e+01
2.731182931220368104e+01
2.581174310709801034e+01
2.123620203408029994e+01
1.963066808329914537e+01
2.361286641737379810e+01
2.451207308161376730e+01
2.811637103886041089e+01
2.750692067650070527e+01
2.822380734578479888e+01
2.526233131229930962e+01
2.567231362006559081e+01
3.119017780138285190e+01
2.338236517543279547e+01
2.091375342608749932e+01
2.503739379184080960e+01
2.741440432436085572e+01
2.190937082876454767e+01
2.164753979921984595e+01
2.638940109917432864e+01
2.166709407899651296e+01
2.654556637997924895e+01
2.331825950873209408e+01
2.198408697216030916e+01
2.590153710811910059e+01
2.211016760170549134e+01
2.692105997073696955e+01
2.875839808838393097e+01
2.843221823462057785e+01
2.434969753521134095e+01
2.654215418983964980e+01
2.991910794082254554e+01
2.674304526224650402e+01
2.551606465367176924e+01
2.748836387597163622e+01
2.375619339746515024e+01
2.473741683901304000e+01
2.915606472348914124e+01
2.562636018064644716e+01
2.118888082656219751e+01
2.116440040725554894e+01
2.492330550639280418e+01
2.568029253633514131e+01
2.486397346650341689e+01
2.426281684186413656e+01
2.668716436156881855e+01
2.241768156529867895e+01
2.647384853344975042e+01
2.913894548631868631e+01
2.496465014414687644e+01
3.192873415250768332e+01
2.382032160355289108e+01
2.925579047618847994e+01
2.410229790739171918e+01
2.853305661379664926e+01
2.872667071230710434e+01
2.782823844022876614e+01
2.579305782251887891e+01
2.798584714944999874e+01
2.375077976936017876e+01
2.524555111871753965e+01
2.825474083965474748e+01
2.675219419962501988e+01
2.590257727798491416e+01
2.415835357331397404e+01
2.358474447770659665e+01
2.100288210990298055e+01
2.339262355967323259e+01
2.205824310615761519e+01
2.729892612300296761e+01
2.357922839862678543e+01
2.938673121280426415e+01
2.541061500811984430e+01
2.668360936153780472e+01
2.827457605310530298e+01
2.854094370412747850e+01
2.399024547339797309e+01
2.516709648520544107e+01
2.893439497288041906e+01
2.337501368477399666e+01
1.325814984251957185e+01
2.498705239116650745e+01
2.574915492726881538e+01
3.231339718809615391e+01
2.187575862804154525e+01
2.834506147539261534e+01
2.547289922926733396e+01
2.617027221458389263e+01
2.277666040640709966e+01
2.010909143838361146e+01
2.895579977746498201e+01
2.119256059512315815e+01
2.444929026816413042e+01
2.969810574904943934e+01
2.149127500545312230e+01
2.343397124966021394e+01
2.421759046635481027e+01
2.856703694589925746e+01
2.394430164399832961e+01
2.410936705248751011e+01
2.412886401030919359e+01
1.954725943194745597e+01
2.749981151521057043e+01
2.255315672753095413e+01
2.466616212739588221e+01
2.321473656494160309e+01
1.977708469131420088e+01
2.716319121789224056e+01
2.649528681999123592e+01
3.345379377434355916e+01
2.305606424081550898e+01
2.621887999530410340e+01
2.600537656489485983e+01
2.810776530682343122e+01
2.374714558403102416e+01
2.702211238390350800e+01
2.885985884526119349e+01
2.609351756879062378e+01
2.639648312018780629e+01
2.167499992285076260e+01
1.742170464157974763e+01
2.810109408776072826e+01
2.373881513415926747e+01
2.291463066684459449e+01
2.529999298780056805e+01
2.312048318874229125e+01
2.277191617752280450e+01
2.411733005487128523e+01
2.465887571222866370e+01
2.670963898921671031e+01
2.560073617744808416e+01
2.794966751381163306e+01
2.418151750920391052e+01
2.416571475557833182e+01
2.813510866399251853e+01
2.522268878236295109e+01
2.495818423338741709e+01
2.578521850556716544e+01
2.639243976664681313e+01
2.915602300204102093e+01
2.633998216037834084e+01
2.372843364210161710e+01
2.501171798809598457e+01
2.271673639768278008e+01
3.376074952525858208e+01
2.440726061228669153e+01
1.854438533764121999e+01
2.319803902451390343e+01
2.432513797118647503e+01
2.052787137934953776e+01
2.628021055206631118e+01
1.759948853037097294e+01
3.022058276209918048e+01
2.632777702017049393e+01
2.727769564138208480e+01
2.760185533012672821e+01
2.620304930417558609e+01
2.979179139180008917e+01
2.448926092259692311e+01
2.592486017453323655e+01
2.547509315714250633e+01
2.377679094689788286e+01
2.690038473039331990e+01
2.760022281750355688e+01
2.559046053084651007e+01
2.908739313141669314e+01
2.255730389674218372e+01
2.221315168395544504e+01
2.953333391894315696e+01
2.545094126699888548e+01
3.753308009310285343e+01
2.817534404157018457e+01
2.584325235092243034e+01
2.697712273452088638e+01
2.546323054232219718e+01
2.412602874983285872e+01
2.872358889944112903e+01
2.679769011174622761e+01
2.741027269235896213e+01
2.590684479176372079e+01
3.679620216278532041e+01
2.356622974506460721e+01
2.336115075096581961e+01
2.147315290064761228e+01
2.000488087476486143e+01
2.615808667553843492e+01
2.644601163075845207e+01
2.672330612711387232e+01
2.711481785217169715e+01
2.042602906062646184e+01
3.042641145007015879e+01
1.812260015701840032e+01
2.560279052549212508e+01
2.171052236406609381e+01
2.766059363426023765e+01
2.322362208702597997e+01
2.643747396801564520e+01
2.024928221865670253e+01
2.015877336995972868e+01
2.238981977784701627e+01
2.662641263046566564e+01
2.590894530625185510e+01
2.783389963657155519e+01
2.800844855424892543e+01
2.659606628843469167e+01
2.771967333395465261e+01
2.755089339457436637e+01
2.896987698948231937e+01
1.751722168565952842e+01
2.086196516950627000e+01
2.712999393187626396e+01
2.525352744294209728e+01
2.244274181625594977e+01
2.477961409073171950e+01
2.734777739949852915e+01
2.868067514247233163e+01
2.744793063994109161e+01
2.776286032309483431e+01
3.045265738338348172e+01
2.260962001234963736e+01
2.690029265397977198e+01
2.829945945491169823e+01
2.523662548093977520e+01
2.615055366784575597e+01
2.345564053004736138e+01
2.678966742259512657e+01
3.389788446389194831e+01
2.700110279998131801e+01
2.366828043813859850e+01
2.447595739466558129e+01
2.458353551464303166e+01
2.439419594218414034e+01
2.748607593191207599e+01
2.746683447840440451e+01
2.080408373113834486e+01
2.786692538224991367e+01
2.390404666879913975e+01
2.436598402175298617e+01
2.625608852887489775e+01
2.633339290727566606e+01
2.143836174508740555e+01
2.293141624892708208e+01
2.724980218067850046e+01
2.537408752626616248e+01
2.453988695383691976e+01
2.858394263210696096e+01
2.499102026354683659e+01
2.589047272182223836e+01
2.683255488201729833e+01
2.828980799239448984e+01
2.453728291934186601e+01
2.328718710527776281e+01
2.396101021669199227e+01
2.200475148399575431e+01
2.357853361991944752e+01
2.821266232300834886e+01
2.613585171875136837e+01
2.866102280488239629e+01
2.332536887910046630e+01
2.531062196264124964e+01
2.527116731605907418e+01
2.864782401195990147e+01
2.702987044399315764e+01
2.708689878490677216e+01
2.176429017094245211e+01
2.060220920820512447e+01
2.343015088681185532e+01
2.548769803643703469e+01
2.836558477694254421e+01
2.591692371657638816e+01
2.407009806270205488e+01
2.721976148940012408e+01
2.472226765488061773e+01
1.831269122411733008e+01
2.816095301106532034e+01
2.378661759856260005e+01
2.218591548322570262e+01
2.594662917698427407e+01
3.367807085423579849e+01
2.907633724154168320e+01
2.824745460436253452e+01
2.758826346745048852e+01
2.325493337910691949e+01
2.544124837794808514e+01
2.635678930885673310e+01
2.302609495575850929e+01
2.670000560448901439e+01
2.476560832910721643e+01
2.429601714234970089e+01
2.472587266919350313e+01
2.224915320915107131e+01
1.854759621937306591e+01
3.065681837646230790e+01
2.566019720617014599e+01
1.765296169212370359e+01
2.724649828968077614e+01
2.267443119787802530e+01
2.854892650882367278e+01
1.931064463212545235e+01
2.306554400492863621e+01
2.689681788694203846e+01
2.558758573209491871e+01
1.930693955487436853e+01
2.876296361740773477e+01
2.359850857377421818e+01
2.714907636283540526e+01
1.783410588345571668e+01
2.582789467822815155e+01
2.560121917679007097e+01
1.982380305435528811e+01
2.650203747077338079e+01
2.567221425982019412e+01
2.667027542186696465e+01
3.414652506809363786e+01
2.556607283075543080e+01
2.399610628763047870e+01
2.538848938544591149e+01
2.380524465724258221e+01
2.659706181470173902e+01
1.769146726964259031e+01
2.861709323900379331e+01
2.531547678950274261e+01
2.475369673068135512e+01
2.758915816816893596e+01
2.350269742873516421e+01
3.084249620989497132e+01
2.844951329193170864e+01
2.340788068693212765e+01
3.334564623025634944e+01
2.345019371444099576e+01
2.652777697865289852e+01
2.874796578872858532e+01
2.150888230916511645e+01
2.637939568482252284e+01
2.799107019479411207e+01
2.355563356695693500e+01
2.553665710232331421e+01
2.495942633432058599e+01
2.195493315741627072e+01
2.709628936637937002e+01
2.267929106972219699e+01
2.708452511177991440e+01
2.205026007976361768e+01
2.554882870904683401e+01
3.050030509984926042e+01
2.175398378519609466e+01
2.300935233281319015e+01
1.974437814599240326e+01
2.511911726697753267e+01
2.820538559332467798e+01
3.125410632231626806e+01
2.314349824077177686e+01
1.798212102544356483e+01
2.205686420698513572e+01
2.741035533486360265e+01
2.709386636463269227e+01
2.444842247034993221e+01
2.306203377479338101e+01
2.828341709577640373e+01
2.427538902315274072e+01
2.899092002198247542e+01
2.371484464669849856e+01
2.524887446456044060e+01
2.283431140269705395e+01
2.816890515390187844e+01
2.488061473407510604e+01
2.733295762984201005e+01
2.689376538773753111e+01
2.932156241259905016e+01
3.417540089476226228e+01
2.685634668296140859e+01
2.330009286983846195e+01
2.645924642844812524e+01
2.804525833206959362e+01
2.675166654103052011e+01
2.260141982695366991e+01
2.806602587882835209e+01
2.594042355060303251e+01
2.779962106683764844e+01
2.436623258006633463e+01
2.446067430657653219e+01
2.371443769284779535e+01
2.316326077852455256e+01
2.884129075348192472e+01
3.037976443566063622e+01
2.856527466017945471e+01
2.650085696056135021e+01
2.271216330573026809e+01
2.503770420159121812e+01
2.142688331714045091e+01
2.483113004018192527e+01
2.886702982391199157e+01
2.155271321425128761e+01
2.712505308042789665e+01
2.501425447758406051e+01
2.679620998801857468e+01
2.479319944600425174e+01
2.547259602531848799e+01
2.249982648107907579e+01
2.938306892191794972e+01
2.720191377026699087e+01
2.595572754399146120e+01
2.369906283459766883e+01
2.398413493086581383e+01
2.732107334687347588e+01
2.437036230975967044e+01
2.662071126030616597e+01
2.787937046079733960e+01
2.608300556041727347e+01
2.429846908612744372e+01
2.850600712896227762e+01
1.770613947898784346e+01
2.254865851784923336e+01
2.803558709716448760e+01
2.725072677094157214e+01
2.360969484943260710e+01
2.415702624973243218e+01
2.667946021422909197e+01
3.100552611439117712e+01
2.455305352459217261e+01
2.278163013342965115e+01
2.900720329907419881e+01
1.770639132573218433e+01
3.391961444835207828e+01
3.304258614487618928e+01
2.209234707258214669e+01
2.625063203717067495e+01
2.151881196239505201e+01
3.450298894951195194e+01
2.596025802094479218e+01
2.480227766105301157e+01
3.070382219806040780e+01
2.469413117482454822e+01
2.211994744692579218e+01
2.412713917542343367e+01
2.942497740762986425e+01
2.460369324117246137e+01
2.550212775722052072e+01
2.685402184855355046e+01
2.596142608233720850e+01
2.433025549531447851e+01
2.062389802778049841e+01
3.008528105950806264e+01
2.708604930388187171e+01
2.662065484718938180e+01
2.342429338372794589e+01
2.549858586884329270e+01
3.057372655710502585e+01
2.703128983211083280e+01
2.865514775841805317e+01
2.807294794625908807e+01
3.014092797384296318e+01
1.620479450967147628e+01
3.235668686178639319e+01
2.063223230597352753e+01
3.023966702691900110e+01
2.636861979955136093e+01
2.750066284282003082e+01
2.444317771863229183e+01
2.628289674819022537e+01
2.939096013447120015e+01
2.929523359234183388e+01
2.708673303362929374e+01
2.812265017318396687e+01
2.547408258891997335e+01
2.867245306609177291e+01
2.548294146945982419e+01
2.428852334708878402e+01
2.958049649589418806e+01
2.540063516572840641e+01
2.813077165464041585e+01
2.193839780613593859e+01
3.080760521563974308e+01
2.015196999611825035e+01
2.182409417512107197e+01
2.484248755592824764e+01
2.386853706751457338e+01
2.587375146749973709e+01
2.590168785005405638e+01
2.949693206578555760e+01
1.995227377767777099e+01
2.806932658289704108e+01
2.697002947113492155e+01
2.986784663959459962e+01
2.535575474303464105e+01
2.880834935774372951e+01
2.663121496037681624e+01
2.412537986988818162e+01
2.573430457909723046e+01
2.611176752130595702e+01
3.579788226252234296e+01
2.584290149156088034e+01
2.298612762552307132e+01
2.360112887825688333e+01
2.698146086637050445e+01
2.981714354352791929e+01
2.656236028584531184e+01
2.932145955595317943e+01
2.928575960670498546e+01
2.255961534033085059e+01
2.730265513945012046e+01
2.559075007021445103e+01
1.788742969450157716e+01
2.754557858146552007e+01
2.768689402643710906e+01
3.657338278727753789e+01
2.722050598502779195e+01
2.753086924008672653e+01
2.919074203811808843e+01
2.958314884076453311e+01
2.805506096995345544e+01
2.780141196713553597e+01
2.551959570578270231e+01
2.306597407610014017e+01
2.540142474739965905e+01
3.234748428510968665e+01
2.265273709179866657e+01
2.614659567662376816e+01
3.047748741075055179e+01
2.584953533385274227e+01
2.950531479300516935e+01
2.899559181230296545e+01
2.272761429314113002e+01
3.736428332645328965e+01
2.825219914762422135e+01
2.080572709550272492e+01
3.073544903257952043e+01
2.540299160632625686e+01
2.550221691150130710e+01
2.464685709061402363e+01
2.957548587320327727e+01
2.178609347949684860e+01
2.904824613336801775e+01
2.376365745206489066e+01
2.201854208396999724e+01
2.268262758682055136e+01
2.222445112202439077e+01
2.345031943011193221e+01
2.671562281026221797e+01
2.848500631421026341e+01
2.016757864835369674e+01
2.184099271537924025e+01
2.712376025906561949e+01
2.416856185736471474e+01
2.316149115835753491e+01
2.331573160246188792e+01
2.886618246428250600e+01
2.677464418535125645e+01
2.237527916687812279e+01
2.625879710794675503e+01
2.924495537764895658e+01
1.801363010050440039e+01
2.728182466240963677e+01
2.504355877386306517e+01
1.979649736036812158e+01
2.319461662586730455e+01
1.723791539521500482e+01
3.025857724881086241e+01
2.686880264622960723e+01
2.760787304533053543e+01
2.192106904367087239e+01
2.691449970881132359e+01
2.718202585311863118e+01
2.561573141990321645e+01
2.464147646014768256e+01
2.045250463771848715e+01
2.463478559905057352e+01
2.752788437056605986e+01
2.286400941818138932e+01
2.455603316746386255e+01
2.579709014326634886e+01
3.043108538960334997e+01
2.776138284995575134e+01
2.544662376404023263e+01
3.008684797079363449e+01
2.645530955232802839e+01
2.375323139934470973e+01
2.680339022262869619e+01
2.147553354199498443e+01
2.879573858091563920e+01
2.696783418918993647e+01
2.607466910506310498e+01
2.711013452309777350e+01
2.842972434268067872e+01
2.565603228998739738e+01
1.898750459079337460e+01
2.417118276459406090e+01
2.621702341962628324e+01
2.844755229983392653e+01
4.151277107951736411e+01
2.231569055077767061e+01
2.587439757347977221e+01
2.644360631900151404e+01
2.054796729900083818e+01
2.604392878956670287e+01
2.725636097434723837e+01
2.764489265367596005e+01
2.918223014312668440e+01
2.790146801222895689e+01
2.314263230768462876e+01
2.827867693003743454e+01
2.414076275653643222e+01
2.810496981476399725e+01
2.695519517690721401e+01
1.156623219712601447e+01
2.851569550523389296e+01
2.332637676176982922e+01
2.698313927214996255e+01
2.510035683497069670e+01
2.690761330892758707e+01
3.052140839359905655e+01
1.684656763175139815e+01
2.694631605273378483e+01
2.311392325597448760e+01
2.828363411899733038e+01
2.741612849275533392e+01
2.810117871141789081e+01
2.358111892812716448e+01
2.718933007707952498e+01
3.069844607067759057e+01
2.317440588602853779e+01
2.415263577402442863e+01
2.666977727149400579e+01
2.330574732301461438e+01
2.512869898719016959e+01
2.582351263058651725e+01
2.280876657488060033e+01
2.561785401592124600e+01
2.897505116370907174e+01
2.998803741891201113e+01
2.631963544169871128e+01
