2.296283266916670129e+01
2.227782761825301350e+01
2.057038629908049643e+01
2.056458330969893211e+01
2.215470332180885293e+01
2.390009114545921420e+01
2.447302281014239611e+01
2.422985232466517402e+01
2.211796787598451886e+01
2.167840404552345035e+01
2.053995845041008295e+01
2.425266059597369406e+01
2.341632367414359805e+01
2.241528277543082481e+01
2.538686748579964103e+01
1.951711849593343118e+01
2.164691652053117821e+01
2.344917364012113126e+01
2.562060180593459791e+01
2.312445853863826528e+01
1.864278460884824540e+01
2.430256630465535750e+01
2.343368218151113069e+01
2.383121218453861445e+01
2.205297439491071998e+01
2.315231288766987916e+01
2.234403215798035092e+01
2.440444661388517034e+01
2.277950866548570730e+01
2.317512115897841340e+01
2.353879198048373667e+01
2.293538200635293833e+01
2.311295348142954253e+01
2.231577412273087191e+01
2.156077997379748012e+01
2.293316173215474407e+01
2.308610834794254174e+01
2.314590436896152426e+01
2.292947809541685444e+01
2.415698696234331067e+01
2.342359002606488616e+01
2.331716824688426470e+01
2.228791977369925803e+01
2.369320195881124391e+01
2.273873635748289246e+01
2.305502450916812052e+01
2.284980052816877105e+01
2.237799226105695993e+01
2.326272106825177843e+01
2.221505441137738046e+01
2.425649561504326357e+01
2.307889245679848500e+01
2.190542708228667834e+01
2.272526332996214649e+01
2.236739549783841596e+01
2.171937819663519065e+01
2.245423849545332473e+01
2.372706114033339020e+01
2.277289830366842693e+01
2.216060723274490840e+01
2.391422016308395371e+01
2.433647594695473515e+01
2.377131524196515500e+01
2.292993224241193673e+01
2.316058845513580877e+01
2.303322545340422778e+01
2.315493684808591013e+01
2.415557406058084666e+01
2.248027625650462369e+01
2.371237705415910568e+01
2.320055339070293599e+01
2.336036267219419926e+01
2.209960015307237313e+01
2.322598562242747278e+01
2.268227074776118002e+01
2.234625243217853097e+01
2.293295988904581861e+01
2.271759329182300746e+01
2.273535548540839102e+01
2.144123839253674646e+01
2.447811934864274974e+01
2.282113880670145534e+01
2.173597979234425281e+01
2.253654002311741067e+01
2.244268297746735641e+01
2.498610799302933572e+01
2.207558082311031455e+01
2.349216622232211193e+01
2.266213689764592232e+01
2.215026277341250704e+01
2.367463239279015852e+01
2.444188851059074352e+01
2.314100967357009608e+01
2.196032840791423268e+01
2.254965982519753709e+01
2.388248033420551053e+01
2.417762542023086780e+01
2.249112532360932448e+01
2.355014565536076532e+01
2.228045157866903025e+01
2.388071420700242697e+01
2.272102462467474027e+01
2.308691572037822937e+01
2.199327929544621441e+01
2.321347134967412273e+01
2.392875286692654413e+01
2.316220320000721244e+01
2.334608227223775145e+01
2.156981245292189442e+01
2.397416756643463032e+01
2.266223781920035663e+01
2.175611364245951052e+01
1.975847239343030992e+01
2.420139244630678377e+01
2.284899315573308343e+01
2.259628558335919024e+01
2.255854092199024308e+01
2.200110071591703331e+01
2.239126344546878045e+01
2.420240166185141106e+01
2.376667285045988365e+01
2.302272961174013233e+01
1.881793396661778672e+01
2.426295459452886405e+01
2.180879469388889902e+01
2.394893717781901898e+01
2.282361138478577800e+01
2.250404328258053965e+01
2.224311060351793401e+01
2.267162352376536205e+01
1.946867614979146310e+01
2.258316578127907803e+01
2.189639460316227826e+01
2.406979073928776813e+01
2.462723094536097790e+01
2.308792493592287087e+01
2.171009341362464795e+01
2.262676389280682088e+01
2.258700080034863333e+01
2.392062868179230861e+01
2.332569611823633693e+01
2.413781186699543468e+01
2.230225063443292299e+01
2.202411083033447881e+01
2.177044450319318969e+01
2.169858835641592520e+01
2.235876670493188101e+01
2.323471533688847046e+01
2.179426199004630860e+01
2.314545022196645618e+01
2.307298854586244374e+01
2.264876479167965329e+01
2.302030749443305524e+01
2.270891403813924114e+01
2.355917813448516540e+01
2.314888155481817478e+01
2.411984783030112567e+01
2.387990683456673935e+01
2.193166668644690276e+01
2.184568152204492719e+01
2.161320872134072602e+01
2.193207037266475368e+01
2.461269824151840169e+01
2.429873128558577378e+01
2.322416903444714364e+01
2.354040672535515455e+01
2.183967668955439478e+01
2.331030558118081331e+01
2.219688853157416020e+01
2.340073129397914897e+01
2.372524455235306107e+01
2.033967962557940723e+01
1.623560369181053886e+01
2.289011868917651782e+01
2.208062690083345103e+01
2.181101496808707907e+01
2.306975905611963640e+01
2.352385559042329533e+01
2.296343819849347767e+01
2.360378546155754975e+01
2.265320534007599917e+01
2.304150102087015739e+01
2.281664779752786387e+01
2.281407429788909269e+01
2.182287325073642137e+01
2.371722128877330249e+01
2.238818533805765298e+01
2.329698393599177564e+01
2.295960317942390816e+01
2.196416342698380220e+01
2.216277704616584288e+01
2.305684109714843544e+01
2.224936773989462324e+01
2.201987212504704416e+01
2.316926770881957509e+01
2.280014712337326444e+01
2.270891403813924114e+01
2.460946875177558013e+01
2.365505361122444583e+01
1.711659840149026479e+01
2.157788617727888436e+01
2.339568521625604092e+01
2.375375489148869690e+01
2.184270433618827667e+01
2.449562923834197647e+01
2.362094212581614272e+01
2.204974490516794106e+01
2.273858497515119836e+01
2.377091155574733250e+01
2.415093166907557531e+01
2.293840965298679180e+01
1.579952165497842032e+01
1.966582640643382263e+01
2.353334221654276348e+01
2.155265578866327303e+01
2.460583557581493608e+01
2.227338706985666761e+01
2.370450517291105541e+01
2.361529051876627250e+01
2.315130367212528029e+01
2.229680087049193560e+01
2.349287267320335104e+01
2.435418767976290155e+01
2.278001327325802094e+01
2.300077917364455971e+01
2.380340829628421773e+01
2.283985975505423482e+01
2.542663057825782857e+01
2.199565095197607434e+01
2.268489470817718257e+01
2.235977592047649409e+01
2.279368814388766395e+01
2.335773871177815408e+01
2.219264982628672556e+01
2.308166779954619585e+01
2.290974793151944766e+01
2.403890874362227237e+01
2.631786882571547892e+01
2.211680727810822589e+01
2.258240886962060756e+01
1.809462918578560675e+01
2.362477714488572644e+01
2.103533190048888457e+01
1.559707301672679591e+01
2.205963521750526013e+01
2.247139515971193191e+01
2.304619387315266010e+01
2.290939470607885653e+01
2.312042167645977031e+01
2.272829097659602837e+01
2.443694335442205556e+01
2.255188009939570293e+01
2.280277108378929540e+01
2.360363407922584145e+01
2.387970499145781389e+01
2.257973444842734523e+01
2.490713687666251985e+01
2.262232334441047499e+01
2.219063139519745675e+01
2.260052428864659646e+01
2.234584874596068005e+01
1.757780990538351773e+01
1.891118548294103618e+01
2.210489853468165222e+01
2.453741076188941861e+01
2.383292785096446664e+01
2.231814577926076026e+01
2.475580500574609744e+01
2.277244415667334465e+01
2.251903013341818394e+01
2.376768206600451094e+01
2.184951654111449670e+01
2.381895021567143544e+01
2.212568837490090345e+01
2.348091346899953180e+01
2.311113689344922761e+01
2.319893864583153231e+01
2.116294720610663660e+01
2.319570915608872497e+01
2.338180850251745824e+01
2.162067691637093958e+01
2.285262633169374169e+01
2.339548337314711546e+01
2.232258632765709194e+01
2.211816971909344431e+01
2.456894874765893633e+01
2.334421522348020517e+01
2.359233086512605837e+01
2.239045607303306440e+01
2.147534987794503536e+01
2.170565286522830206e+01
2.297025040341968349e+01
2.290470185379633961e+01
2.201664263530426524e+01
2.359732648207193506e+01
2.182029975109760755e+01
2.312592190117797486e+01
2.199020118803510115e+01
2.278763285061994281e+01
2.249662554832752903e+01
2.258639527102185696e+01
2.243445787077868658e+01
2.472815249982340902e+01
2.399510878898557564e+01
2.214279457838227927e+01
2.217847034788475469e+01
2.312163273511330885e+01
2.212220658127195350e+01
2.302434435661155021e+01
2.296036009108237863e+01
2.235028929435701173e+01
2.132603643811789595e+01
1.812122201538643651e+01
2.354772353805365981e+01
2.145561971404764279e+01
2.237829502572034812e+01
2.405646909409874468e+01
2.241649383408437757e+01
2.475540131952826073e+01
2.239267634723124445e+01
2.365081490593703961e+01
2.364455776956035038e+01
2.230548012417570192e+01
2.346532108883509693e+01
2.267520623894878895e+01
2.314201888911472338e+01
2.554314451288469456e+01
2.314827602549138419e+01
2.374931434309236522e+01
2.131190742049315645e+01
2.261404777694457380e+01
2.256762386189184610e+01
2.176161386717772928e+01
2.165781604841311037e+01
2.323264644502198450e+01
2.190467017062819366e+01
2.289819241353353618e+01
2.398304866322733631e+01
1.931204589726580423e+01
2.268529839439503348e+01
1.973041620128977058e+01
5.440176393296880519e+00
2.311214610899385491e+01
2.400444403277336392e+01
2.220294382484188134e+01
2.308287885819976282e+01
2.335551843757997403e+01
2.239908486593959935e+01
2.248814813775268817e+01
2.193878165603648256e+01
2.274827344437959198e+01
2.260395562149832926e+01
2.306289639041619921e+01
2.215086830273928342e+01
2.304331760885048652e+01
2.268772051170213899e+01
2.300294898706550839e+01
2.271133615544633244e+01
2.216398810481938142e+01
2.331605810978518889e+01
2.196860397538013387e+01
2.249258868614903406e+01
2.299270544928756976e+01
2.274807160127066652e+01
1.533351637724817351e+01
2.467910462435466457e+01
1.382569789280233863e+01
2.243163206725374437e+01
2.042667400552602430e+01
2.120528379820360954e+01
2.170565286522828785e+01
2.146303744830062499e+01
2.284995191050047936e+01
2.219244798317780010e+01
2.508778645915023731e+01
1.907306365629878542e+01
2.284006159816317449e+01
2.428495549340168225e+01
2.257024782230786286e+01
2.438986344926536276e+01
2.338801517811687347e+01
2.294406126003669044e+01
2.081562567642420447e+01
2.278056834180756596e+01
2.250545618434298945e+01
2.374563070635447559e+01
2.328391459468890901e+01
2.236522568441748149e+01
2.174859498665206559e+01
2.423247628508120499e+01
2.380628456058640552e+01
2.227157048187632427e+01
2.382475320505301397e+01
2.175222816261269543e+01
2.475701606439965019e+01
2.214057430418411343e+01
2.515701864551145661e+01
2.326534502866780940e+01
2.340476815615765815e+01
2.337514767992293230e+01
2.304271207952371014e+01
2.444461339256120880e+01
2.395897887248804636e+01
2.261470376704856733e+01
2.255879322587638569e+01
2.279227524212519995e+01
2.179325277450169551e+01
2.299265498851035261e+01
2.289334817891931095e+01
2.294481817169516091e+01
2.324495887466640909e+01
2.346617892204804434e+01
2.301748169090809881e+01
2.295435525859186043e+01
2.330591549356169878e+01
2.399919611194131619e+01
2.384236401630670343e+01
2.084645721131246887e+01
2.253613633689955975e+01
2.098431605470811689e+01
2.366494392356177912e+01
2.330046572962072560e+01
2.277330198988626364e+01
2.326332659757855481e+01
2.381143155986399051e+01
2.348671645838112454e+01
1.794713233393875385e+01
2.250485065501622728e+01
2.257973444842733102e+01
2.344256327830382247e+01
2.038933303037492806e+01
2.480646762608621714e+01
2.310104473800298308e+01
2.364879647484779923e+01
2.360196887357722062e+01
1.974353600336989700e+01
2.276199877578648056e+01
2.447039884972635093e+01
2.397336019399892848e+01
2.058658420857172189e+01
2.166730267453257852e+01
2.272021725223902422e+01
2.305164363709361908e+01
2.285277771402542157e+01
2.276946697081669413e+01
2.237632705540833911e+01
2.394424432553653048e+01
2.399631984763914261e+01
2.395014823647257174e+01
2.254421006125656390e+01
2.208627850788332125e+01
1.915314490976470552e+01
2.214360195081798111e+01
2.198071456191561879e+01
2.396003854880989081e+01
2.285176849848079428e+01
2.239121298469153487e+01
2.292165667494602133e+01
2.317976355048367054e+01
2.378806822000592547e+01
2.173310352804207923e+01
2.192641876561485503e+01
2.285217218469865941e+01
2.436988098148178494e+01
1.272045548910712398e+01
2.368189874471146084e+01
2.409769554909664180e+01
2.378665531824344725e+01
2.196436527009272766e+01
2.138492416514672811e+01
2.294668522045269299e+01
2.316442347420539249e+01
2.231072804500774964e+01
2.254764139410828250e+01
2.384317138874240527e+01
2.042687584863494976e+01
2.258619342791293150e+01
2.343408586772899582e+01
2.294083177029389731e+01
2.384554304527227941e+01
2.033705566516337626e+01
2.358561958175431528e+01
2.199141224668865391e+01
1.892652555921934265e+01
1.621385509682387749e+01
2.213840449076317896e+01
2.387001652222942027e+01
2.449547785601029659e+01
2.310190257121591628e+01
2.167421580101326128e+01
2.265971478033880260e+01
2.283688256919758430e+01
1.987670199448304231e+01
2.301505957360099330e+01
2.322966925916534819e+01
2.352653001161655766e+01
2.240493831609843767e+01
2.242698967574847302e+01
2.504499572005816788e+01
2.304538650071695827e+01
2.172402058814046200e+01
2.238616690696841260e+01
2.407382760146629153e+01
2.354328298965731392e+01
2.433541627063289070e+01
2.260940538543930245e+01
2.469404101441509169e+01
2.392567475951544509e+01
2.476211260290000382e+01
2.320095707692078690e+01
2.170464364968367477e+01
2.324112385559682536e+01
2.443734704063993490e+01
2.212139920883625166e+01
2.387708103104178292e+01
2.129939314773982062e+01
1.734447927146641177e+01
2.502748583035892693e+01
2.222131154775405548e+01
2.353838829426588575e+01
2.322174691714003814e+01
2.285181895925805406e+01
2.341450708616328313e+01
2.331434244335932249e+01
2.302681693469585866e+01
2.347707844992997650e+01
2.252301653481946175e+01
2.360504698098833387e+01
2.297267252072677479e+01
2.240297034578641444e+01
2.340416262683086757e+01
2.295193314128476914e+01
2.173164016550236965e+01
2.415698696234331067e+01
2.289597213933534192e+01
2.227439628540128069e+01
2.174253969338431602e+01
2.353859013737482542e+01
2.317209351234454573e+01
2.262419039316803548e+01
2.334184356695033102e+01
2.315433131875914796e+01
2.396685075373611085e+01
2.469802741581635530e+01
2.219345719872241318e+01
2.387021836533833152e+01
2.262176827586092998e+01
2.222595393925931262e+01
2.343529692638253437e+01
2.353636986317664537e+01
2.088379818646356512e+01
2.309463621929461397e+01
2.234524321663388946e+01
2.308449360307115228e+01
2.308731940659609450e+01
2.274337874898816381e+01
2.182388246628103445e+01
2.292508800779775413e+01
2.232647180750390703e+01
2.376869128154915245e+01
2.352491526674516820e+01
2.385407091662433743e+01
2.261692404124673317e+01
2.123682178397312725e+01
2.320090661614354133e+01
2.317532300208732465e+01
2.296379142393408301e+01
2.366837525641348350e+01
2.309983367934943033e+01
2.135908824720435462e+01
2.367387548113168805e+01
2.219159014996488111e+01
2.189296327031054545e+01
2.383746932091528947e+01
2.170746945320863119e+01
2.487877791985856391e+01
2.252362206414622392e+01
2.313016060646539529e+01
2.195588785951788680e+01
2.065193091508615453e+01
2.095565433324080118e+01
2.142044855231749523e+01
2.408371791380361060e+01
2.362825893851467640e+01
2.307909429990739625e+01
2.424095369565604585e+01
2.214970770486296203e+01
2.161845664217275953e+01
2.269761082403944386e+01
2.308913599457642363e+01
2.295935087553775134e+01
2.334709148778237875e+01
2.312284379376689003e+01
2.312566959729181804e+01
2.263867263623339454e+01
2.291358295058903138e+01
2.371136783861447839e+01
2.170504733590153990e+01
2.129752609898226012e+01
2.269261520709355295e+01
2.357209609345635215e+01
2.240816780584121659e+01
2.351078624912041448e+01
2.414003214119362895e+01
2.234342662865358875e+01
2.190769781726206133e+01
2.262757126524253692e+01
2.187176974387345751e+01
2.310447607085470167e+01
2.361231333290962198e+01
2.252301653481947596e+01
2.261445146316242472e+01
2.300113239908517926e+01
2.260193719040906046e+01
2.261505699248917267e+01
2.463348808173763871e+01
2.435035266069330362e+01
2.223806452579481174e+01
2.282093696359252988e+01
2.338317094350269087e+01
2.375335120527084598e+01
2.639800053995864459e+01
2.214804249921434121e+01
2.336127096618434962e+01
2.263423208783704865e+01
2.409522297101230492e+01
2.214784065610538732e+01
2.313636728206482474e+01
2.275871882526644185e+01
2.356442605531719892e+01
2.282598304131565214e+01
2.246569309188480190e+01
2.234297248165849226e+01
2.317512115897839919e+01
2.281831300317649891e+01
9.989064078358893539e+00
2.213855587309487305e+01
2.334239863549987604e+01
2.209152642871536898e+01
2.401246729635313670e+01
2.247457418867750789e+01
2.185420939339698521e+01
2.393682659128354828e+01
2.356947213304033539e+01
1.062335604815521606e+01
2.251352990870000781e+01
2.366312733558144998e+01
2.404723477186543334e+01
2.249960273418417955e+01
2.352834659959688679e+01
2.406857968063421538e+01
2.236416600809559441e+01
2.459816553767579705e+01
2.318803911794958594e+01
7.051086245626080995e+00
2.283345123634587992e+01
2.327785930142114523e+01
2.392506923018866871e+01
2.296681907056796490e+01
1.549736252091791755e+01
2.095868197987468307e+01
2.339634120636003445e+01
2.424842189068627363e+01
2.351482311129890945e+01
1.836731922594306354e+01
2.231779255382011229e+01
2.214360195081799532e+01
2.287457676978931431e+01
2.243566892943222513e+01
2.592377015553971376e+01
2.426113800654852071e+01
2.445793503775026068e+01
2.326029895094468714e+01
2.300804552556586202e+01
2.278601810574853914e+01
2.324798652130027676e+01
2.143725199113549706e+01
2.355998550692085303e+01
2.317007508125529114e+01
2.362356608623217369e+01
2.329435997557575888e+01
2.292463386080267185e+01
2.363244718302486547e+01
2.530537333057121430e+01
2.259971691621090883e+01
2.205443775745044377e+01
2.266677928915117946e+01
2.254421006125657811e+01
2.351845628725955351e+01
2.300819690789757033e+01
2.255147641317786622e+01
2.276366398143511560e+01
2.523392087001181494e+01
2.305346022507396242e+01
1.524571462486586881e+01
2.327907036007469799e+01
2.365949415962082014e+01
2.425805989913742167e+01
2.323607777787370310e+01
1.947049273777179224e+01
1.994189731866578086e+01
1.874007298735000404e+01
2.194680491961625535e+01
2.389196696032497869e+01
2.545892547568578834e+01
2.335920207431786366e+01
2.271562532151098424e+01
2.230144326199720695e+01
2.349302405553503093e+01
2.304977658833607279e+01
2.430090109900672246e+01
2.321594392775844540e+01
2.200821568550664153e+01
2.071626840605594566e+01
2.277688470506969054e+01
2.387021836533833152e+01
2.231698518138442466e+01
2.185214050153051346e+01
2.359651910963624744e+01
2.226692809037105292e+01
2.127436460223314896e+01
1.718986745002996486e+01
2.306955721301071094e+01
2.345144437509651425e+01
2.280458767176962454e+01
2.347061947044437602e+01
2.253714555244420126e+01
2.318864464727636232e+01
2.309241594509643392e+01
1.963474256765937298e+01
2.297267252072677479e+01
2.247321174769226104e+01
2.208809509586366460e+01
2.153570096751357710e+01
1.912609793316877926e+01
2.182877716167244841e+01
2.287583828922009843e+01
2.254542111991011666e+01
2.336606474002131506e+01
2.276739807895022238e+01
2.380285322773465850e+01
2.295046977874505956e+01
2.144002733388319371e+01
2.246715645442449727e+01
2.181868500622621809e+01
2.329340122080836295e+01
2.000855600538821477e+01
2.363224533991594001e+01
8.005501386177201084e+00
2.389464138151825523e+01
2.323143538636843175e+01
2.268812419791997570e+01
2.167275243847355171e+01
2.273591055395795024e+01
2.208405823368514120e+01
2.002046474881476001e+01
2.321932479983294684e+01
2.118676469295974130e+01
2.290772950043020728e+01
2.286917746662557249e+01
2.400076039603547429e+01
2.312693111672260216e+01
2.263685604825307962e+01
2.232687549372174374e+01
2.212261026748980441e+01
2.242128760792132880e+01
2.224553272082503952e+01
2.272526332996214649e+01
2.397436940954355578e+01
2.153893045725638444e+01
1.709601040437992481e+01
2.397840627172206496e+01
2.304028996221660464e+01
2.374144246184427232e+01
2.393495954252598779e+01
2.122087617836805862e+01
2.202572557520586827e+01
2.175026019230068641e+01
2.264170028286726222e+01
2.208148473404637002e+01
2.388550798083940663e+01
2.206185549170342597e+01
2.420926432755484825e+01
2.222454103749684862e+01
2.379957327721464821e+01
2.237814364338866824e+01
2.313697281139161532e+01
2.246165622970630693e+01
2.258054182086303285e+01
2.109048553000260995e+01
2.251433728113568122e+01
2.240917702138584389e+01
2.570315563748486909e+01
2.200998181270973930e+01
2.410153056816621131e+01
2.342843426067908297e+01
2.266269196619543891e+01
2.420260350496032231e+01
2.382091818598343025e+01
1.828890317812575006e+01
2.255248562872249352e+01
2.326731299897983263e+01
2.368331164647392484e+01
1.514015067889816635e+01
2.262575467726220779e+01
2.315836818093762872e+01
2.271663453705562574e+01
2.267036200433459214e+01
2.271739144871408200e+01
2.239186897479554261e+01
2.380724331535378724e+01
2.200882121483343212e+01
2.153448990886003855e+01
2.256545404847091163e+01
2.321064554614918052e+01
2.288572860155738908e+01
2.217529131891917871e+01
2.324011464005219807e+01
2.320504439987651324e+01
2.394368925698697126e+01
2.246776198375128786e+01
2.402624308853725665e+01
2.288492122912171567e+01
2.357754585739731112e+01
2.212745450210400122e+01
2.770296669993498995e+01
2.145496372394363505e+01
2.266773804391856117e+01
2.227035942322278572e+01
2.261465330627133596e+01
2.175752654422198873e+01
2.299366420405496569e+01
2.499554415837157251e+01
2.391861025070306823e+01
2.334567858601990054e+01
2.204732278786082134e+01
2.387627365860609530e+01
2.324934896228552361e+01
2.216136414440336466e+01
2.288103574927490058e+01
2.207860846974418223e+01
2.296384188471132859e+01
2.277007250014347051e+01
2.326615240110351124e+01
2.218452564115250425e+01
1.964084832170435391e+01
2.366898078574027409e+01
2.265608160437817276e+01
9.880018338762241115e+00
2.409360822614091546e+01
2.240821826661846217e+01
2.430614901983877019e+01
2.290349079514280106e+01
2.243299450823899122e+01
2.491263710138069598e+01
2.288709104254265014e+01
2.218134661218692827e+01
2.108806341269551865e+01
2.216096045818552795e+01
2.243703137041748619e+01
2.395211620678459497e+01
2.308817723980902770e+01
2.139542000681082357e+01
2.328931389785265083e+01
2.401150854158571235e+01
2.219648484535629507e+01
2.312183457822223431e+01
2.364112643670864600e+01
2.228383245074351748e+01
1.972274616315063156e+01
2.359793201139872565e+01
2.252952597508229360e+01
2.163682436508491946e+01
2.446338480169121965e+01
2.213532638335206570e+01
2.233555474740552427e+01
2.338175804174022687e+01
2.188282065408709798e+01
2.287745303409150210e+01
2.233979345269293049e+01
2.357229793656526340e+01
2.206533728533239014e+01
2.261364409072672288e+01
2.292629906645130689e+01
2.231234278987915332e+01
2.313596359584698803e+01
2.313616543895591349e+01
2.277193954890104521e+01
2.286872331963047600e+01
2.248729030453976918e+01
2.278521073331282309e+01
2.261001091476606462e+01
2.260193719040907467e+01
2.494669812601176773e+01
1.895806354498884616e+01
2.452186884250221510e+01
2.252624602456225489e+01
2.291312880359396331e+01
2.370975309374308893e+01
2.260415746460726893e+01
2.096837044910307668e+01
2.325389043223633223e+01
2.245989010250322337e+01
2.306834615435715818e+01
2.337373477816045408e+01
2.241321388356433886e+01
2.281912037561221496e+01
2.514450437275810657e+01
2.548597245228172881e+01
2.339876332366713996e+01
2.302459666049769282e+01
2.335799101566431091e+01
2.258700080034864754e+01
2.332428321647387293e+01
2.429499718807066699e+01
2.141726952335193346e+01
2.014636438800664564e+01
2.335455968281259231e+01
2.197506295486574857e+01
2.205625434543075869e+01
2.323930726761651044e+01
2.383630872303898229e+01
2.324576624710209671e+01
2.128945237462527018e+01
2.301061902520464741e+01
2.331903529564181099e+01
2.466497560672991085e+01
2.251272253626429176e+01
2.121340798333783084e+01
2.401352697267496694e+01
2.211413285691494934e+01
2.292872118375839818e+01
2.216963971186929427e+01
2.168567039744473846e+01
2.212947293319322739e+01
2.350165284844156588e+01
2.458933490166032243e+01
2.191940471757970954e+01
2.403875736129057827e+01
2.251918151574989224e+01
2.261061644409284099e+01
2.215571253735348023e+01
2.279308261456090179e+01
2.214905171475896850e+01
2.325262891280556232e+01
2.257514251769929103e+01
2.457823353066945060e+01
2.230225063443290878e+01
2.397835581094483359e+01
2.287038852527912525e+01
1.023122534829147412e+01
2.335819285877323637e+01
2.201507835121009293e+01
2.308308070130867407e+01
2.277486627398043595e+01
2.274120893556722933e+01
2.351038256290256356e+01
2.397088761591462003e+01
2.455381051448956953e+01
2.273878681826012382e+01
2.225658363103865156e+01
2.385664441626313703e+01
2.317769465861718459e+01
1.626769674612958738e+01
2.334022882207894156e+01
2.157067028613479920e+01
2.347041762733545056e+01
1.909889957424114471e+01
2.174299384037939831e+01
2.343933378856102934e+01
2.421834726745647970e+01
2.318400225577110518e+01
2.359737694284919485e+01
2.409931029396804547e+01
2.280216555446251903e+01
2.359228040434882701e+01
2.222938527211104542e+01
2.324632131565162751e+01
2.244349034990308667e+01
2.203480851510748550e+01
2.338100113008174219e+01
2.285338324335218374e+01
2.363042875193562509e+01
2.298659969524260305e+01
2.159019860692328052e+01
2.336061497608034188e+01
2.199928412793673260e+01
2.403890874362228658e+01
2.312264195065795036e+01
2.304170286397908285e+01
2.300966027043725148e+01
2.141626030780729195e+01
2.298584278358413258e+01
2.290873871597483458e+01
1.403798638261405074e+01
2.368457316590472317e+01
2.329506642645699799e+01
1.732893735207917985e+01
2.619484545082576687e+01
2.299068701819832938e+01
2.354106271545914808e+01
2.336747764178377906e+01
2.315735896539302985e+01
2.269619792227697985e+01
2.261505699248920109e+01
2.229856699769503336e+01
2.183422692561343581e+01
2.091286359414873175e+01
1.895402668281033698e+01
2.357921106304594616e+01
2.224891359289952675e+01
2.362255687068754639e+01
2.044665647330958791e+01
2.221364150961490225e+01
2.339957069610282758e+01
2.218497978814757232e+01
2.293512970246675309e+01
2.220899911810961669e+01
2.090559724222744364e+01
2.375758991055828062e+01
2.339931839221667076e+01
1.233483422950619968e+01
2.340078175475638034e+01
2.289355002202825062e+01
2.327785930142115944e+01
2.261263487518208137e+01
2.250787830165010917e+01
2.316603821907678196e+01
2.319328703878164788e+01
2.256222455872811850e+01
2.352996134446829046e+01
2.343327849529327978e+01
2.399233344623786479e+01
2.270548270528752255e+01
2.289905024674645517e+01
2.089590877299903582e+01
2.332246662849354379e+01
2.308550281861576536e+01
2.321952664294187230e+01
2.280156002513575686e+01
2.385508013216896472e+01
2.169656992532668482e+01
2.225279907274634184e+01
2.203400114267179788e+01
2.369880310508392540e+01
2.244550878099232705e+01
2.235129850990163902e+01
2.319328703878164788e+01
2.350937334735793627e+01
2.248592786355452233e+01
2.354908597903890666e+01
2.219123692452424734e+01
2.367766003942405462e+01
2.252402575036407484e+01
2.309524174862139034e+01
2.344876995390326613e+01
2.343267296596650340e+01
2.349786829014924194e+01
2.237950608437388667e+01
2.375355304837977144e+01
2.093491495379878131e+01
2.249702923454539416e+01
2.312203642133117398e+01
2.327705192898545761e+01
2.410349853847823454e+01
2.267944494423620938e+01
2.268327996330579310e+01
2.293714813355600768e+01
2.206634650087700322e+01
2.436549089386267042e+01
2.465125027532303648e+01
2.368376579346900712e+01
2.233676580605904860e+01
2.457192593351555843e+01
2.337474399370506717e+01
1.966037664249284944e+01
2.412777017232644994e+01
2.400277882712472888e+01
2.345971994256242965e+01
2.184472276727751705e+01
1.865751915579976128e+01
2.317794696250335562e+01
2.173774591954735058e+01
2.350129962300096054e+01
2.160210735034985419e+01
2.489447122157747572e+01
2.341632367414359805e+01
2.007652667231864996e+01
2.379856406167000671e+01
2.378705900446129817e+01
1.180439053925172743e+01
2.266874725946321689e+01
2.307465375151106457e+01
2.516912923204695574e+01
2.185557183438224627e+01
2.449098684683669092e+01
2.311900877469730631e+01
2.231880176936475380e+01
2.240473647298951221e+01
2.348454664496020428e+01
2.259588189714133932e+01
2.135732212000124264e+01
2.222877974278425484e+01
2.275352136521163970e+01
2.357330715210989069e+01
2.296056193419128988e+01
2.437174803023934544e+01
2.117541101808274107e+01
2.239308003344909537e+01
2.229478243940269522e+01
2.352446111975008591e+01
2.511665002372649269e+01
2.306774062503038181e+01
2.289703181565721479e+01
1.873966930113216733e+01
2.316220320000722666e+01
2.191254205187627235e+01
2.501451741061050882e+01
2.348752383081684059e+01
2.361024444104315023e+01
1.929428370368042067e+01
2.324238537502760948e+01
2.302494988593832659e+01
2.274141077867615479e+01
2.253109025917645170e+01
2.232263678843433752e+01
2.492091266884661138e+01
2.420078691698000739e+01
2.080533167786902027e+01
2.225300091585523887e+01
2.307102057555042052e+01
2.266753620080964993e+01
2.317779558017166153e+01
2.402962396061172967e+01
2.207033290227826683e+01
2.192929502991702861e+01
2.445223296992314488e+01
2.355756338961376173e+01
2.427849651391608177e+01
2.328795145686740398e+01
2.274852574826573459e+01
1.927268649102545339e+01
2.387344785508113887e+01
2.368840818497427847e+01
2.379674747368970600e+01
2.203178086847361783e+01
2.359616588419562788e+01
2.467804494803280591e+01
1.867603826104361531e+01
2.360948752938466555e+01
2.248365712857911092e+01
2.202597787909201088e+01
1.930841272130514596e+01
2.342217712430240795e+01
2.012375795980705107e+01
2.419397471205378736e+01
2.209556329089386395e+01
2.383671240925681900e+01
2.229962667401690624e+01
2.219340673794519603e+01
2.349665723149568919e+01
1.143511857147372268e+01
2.204086380837523507e+01
2.241750304962899065e+01
2.465548898061045691e+01
2.357214655423358352e+01
9.889353582550029387e+00
1.730915672740455591e+01
2.215793281155163186e+01
2.134677581755991582e+01
2.302454619972047567e+01
2.298665015601983441e+01
2.314524837885751651e+01
2.345568308038394889e+01
2.031989900090476908e+01
2.277410936232196548e+01
2.261102013031070612e+01
2.309801709136911541e+01
2.298922365565863402e+01
2.232869208170207287e+01
2.346335311852307370e+01
1.976472952980699915e+01
2.354858137126659301e+01
2.331520027657224148e+01
2.333321477404379607e+01
2.294502001480408637e+01
2.244959610394805338e+01
2.358440852310076252e+01
2.450229006093648820e+01
2.359172533579928199e+01
2.281690010141403491e+01
2.180198248896267899e+01
2.262070859953908553e+01
2.271476748829805103e+01
2.369360564502909483e+01
2.269155553077169429e+01
2.196946180859308129e+01
2.441615351420281854e+01
2.843182216626260583e+01
2.351522679751677458e+01
2.335052282063409734e+01
2.290066499161784463e+01
2.287664566165578606e+01
2.285383739034728023e+01
2.401307282567991308e+01
2.226632256104430496e+01
2.247174838515255146e+01
1.791160794676798673e+01
2.484315261113331985e+01
2.296157114973593139e+01
2.338463430604240045e+01
2.134753272921838629e+01
2.392451416163913791e+01
2.379730254223922259e+01
2.383348291951401166e+01
2.216257520305691742e+01
2.272849281970495383e+01
2.321735682952092361e+01
2.534392536437586330e+01
2.220173276618834279e+01
7.073036683721653617e+00
2.311093505034031637e+01
2.255732986333669032e+01
2.291560138167828597e+01
2.227338706985666761e+01
2.300012318354056617e+01
1.747885632123310984e+01
2.350251068165451329e+01
2.274125939634444649e+01
2.327831344841622752e+01
1.959220413245347459e+01
2.243400372378359009e+01
2.321670083941693008e+01
2.364960384728347265e+01
2.203480851510748550e+01
2.279066049725381049e+01
1.447815574240190983e+01
2.283440999111327585e+01
2.148988258178763999e+01
2.274726422883496468e+01
2.337454215059615592e+01
2.163702620819385913e+01
2.271814836037255247e+01
2.248673523599022417e+01
2.237107913457629138e+01
2.224770253424597399e+01
2.417959339054290524e+01
2.397452079187524987e+01
2.272869466281387929e+01
1.990743260781685819e+01
2.163541146332246967e+01
2.249884582252572329e+01
2.253795292487991730e+01
2.281710194452297458e+01
2.363285086924270217e+01
2.262837863767823876e+01
2.381208754996798405e+01
2.354313160732561983e+01
2.177099957174272049e+01
2.369037615528630170e+01
2.419977770143539431e+01
2.224048664310190304e+01
2.329072679961511483e+01
2.236139066534789777e+01
2.343262250518928624e+01
2.369501854679158726e+01
2.098396282926752576e+01
2.291661059722292748e+01
2.256752294033738337e+01
2.438466598921054640e+01
2.183220849452416701e+01
2.307460329073383321e+01
2.320943448749562776e+01
2.262958969633177730e+01
2.174016803685445609e+01
2.272687807483356437e+01
2.348772567392575183e+01
2.201987212504707259e+01
2.240776411962336567e+01
2.279343584000153555e+01
2.508334591075389142e+01
2.354025534302344624e+01
2.282820331551384641e+01
2.395453832409170047e+01
2.296924118787505620e+01
2.174400305592401139e+01
2.314565206507538164e+01
2.371303304426311342e+01
2.410253978371083861e+01
1.455223216337731174e+01
2.306435975295589458e+01
2.203359745645393275e+01
1.970725470454064521e+01
2.396992886114722410e+01
2.335375231037689048e+01
2.252705339699797094e+01
2.442180512125271719e+01
2.334446752736636199e+01
2.261611666881105975e+01
2.359268409056667792e+01
2.200937628338297714e+01
2.279747270218001631e+01
2.247644123743505418e+01
2.239545168997895530e+01
2.170398765957966702e+01
2.283203833458340171e+01
2.045392282523086180e+01
2.258725310423479016e+01
2.417818048878044124e+01
2.217690606379058238e+01
2.206266286413912781e+01
2.248870320630223318e+01
2.220960464743640728e+01
2.324475703155746942e+01
2.255188009939570293e+01
2.519824510050935373e+01
2.182716241680107316e+01
2.159968523304276289e+01
2.254865060965290979e+01
2.337171634707119949e+01
2.446858226174603601e+01
2.261021275787499007e+01
2.233272894388055363e+01
2.211655497422206906e+01
2.240539246309350574e+01
2.256600911702045664e+01
2.346698629448373197e+01
2.308817723980902770e+01
2.201482604732392190e+01
2.218220444539986147e+01
2.282073512048360442e+01
2.236638628229378867e+01
2.618530836392908157e+01
2.243481109621929193e+01
2.250989673273934955e+01
2.292912486997626331e+01
2.258356946749690053e+01
2.288996730684483794e+01
2.379351798394688444e+01
2.241583784398036983e+01
2.379533457192722778e+01
2.424741267514164633e+01
2.315962970036841284e+01
2.248466634412373821e+01
2.343327849529329399e+01
2.333558643057365600e+01
2.260965768932544506e+01
2.033084898956396103e+01
2.261707542357845568e+01
2.236199619467467414e+01
2.305492358761364358e+01
2.311421500086032665e+01
2.296560801191442636e+01
2.346819735313728472e+01
1.127021275148211998e+01
2.275231030655808695e+01
2.278682547818422677e+01
2.274605317018141193e+01
2.263463577405488536e+01
2.458908259777417982e+01
2.357860553371915557e+01
2.316058845513580877e+01
2.271860250736763476e+01
1.306136850008120120e+01
2.197975580714823707e+01
2.208446191990300633e+01
2.422884310912056094e+01
2.288835256197343426e+01
2.301465588738315660e+01
2.283345123634587992e+01
2.360726725518649971e+01
2.422041615932293723e+01
2.281003743571058351e+01
2.225562487627126984e+01
2.343141144653571928e+01
2.353798460804804904e+01
2.408614003111068769e+01
1.885532540254610012e+01
2.348353742941557698e+01
2.294163914272958493e+01
2.337090897463551187e+01
2.102831785245375329e+01
2.229135110655096241e+01
2.147979042634139546e+01
2.166811004696828036e+01
2.237607475152216807e+01
2.440888716228151623e+01
1.818571088868793595e+01
2.429969004035316971e+01
2.455658585723728038e+01
2.289052237539438295e+01
2.218619084680113929e+01
2.404481265455831362e+01
2.280559688731423762e+01
2.363022690882669963e+01
2.291070668628685780e+01
2.175515488769211458e+01
2.394828118771501124e+01
2.157147765857051525e+01
2.377494841792581326e+01
2.148786415069839961e+01
2.191955609991140363e+01
2.182085481964713836e+01
2.351376343497706500e+01
2.402074286381903789e+01
2.056513837824846291e+01
2.242431525455521069e+01
2.320156260624756328e+01
2.401932996205657389e+01
2.222635762547716354e+01
2.250202485149128506e+01
2.226228569886579578e+01
2.278823837994670498e+01
2.232682503294451237e+01
2.290005946229106826e+01
2.238374478966132131e+01
2.313238088066357534e+01
2.282578119820672669e+01
2.292322095904019363e+01
2.190890887591561409e+01
2.461612957437009186e+01
2.250666724299654220e+01
2.405853798596521642e+01
2.299432019415897344e+01
2.486601134321905704e+01
2.148806599380731086e+01
1.854569807345538379e+01
2.482079848681989631e+01
2.291317926437119468e+01
2.249460711723828865e+01
2.313515622341128619e+01
2.322134323092218722e+01
2.255248562872247930e+01
2.410859507697858817e+01
2.217024524119607065e+01
2.349867566258494378e+01
2.372913003219986194e+01
2.275856744293474776e+01
2.425831220302359270e+01
2.332206294227570709e+01
2.272808913348710291e+01
2.267379333718632495e+01
2.326938189084631858e+01
2.416420285348736741e+01
2.298584278358411837e+01
2.216605699668588159e+01
2.263165858819824905e+01
2.389196696032500711e+01
2.347364711707825791e+01
2.319893864583154652e+01
2.065495856172002220e+01
2.524946278939903266e+01
2.150300238386775220e+01
2.521131444181223458e+01
2.395438694175999217e+01
2.025414860817249973e+01
2.314928524103601148e+01
2.374043324629965923e+01
2.333175141150410070e+01
2.336061497608032766e+01
1.977038113685688359e+01
2.437739963728924408e+01
2.321306766345627182e+01
2.263261734296565919e+01
2.287967330828966794e+01
2.091230852559918674e+01
2.572737681055582470e+01
2.405611586865812512e+01
2.321468240832766128e+01
2.342621398648091713e+01
2.628183983077238395e+01
2.293856103531847168e+01
2.378206338751542148e+01
2.384513935905442850e+01
2.192667106950101186e+01
2.314363363398612705e+01
2.604104100182506443e+01
2.279368814388767817e+01
1.655653423500103827e+01
2.380800022701225771e+01
2.319631468541550134e+01
2.375355304837977144e+01
2.431684670461177689e+01
2.336525736758561322e+01
2.206770894186225007e+01
2.283284570701908933e+01
2.389206788187944142e+01
2.198278345378210474e+01
2.210545360323116881e+01
2.283708441230652397e+01
2.252407621114133462e+01
2.300819690789757033e+01
2.399031501514862441e+01
2.709067562901147141e+01
2.251998888818557987e+01
2.516489052675953531e+01
2.180173018507650795e+01
2.203379929956287242e+01
2.387279186497711692e+01
2.354747123416750298e+01
2.674234488378442620e+01
2.317189166923562027e+01
2.312915139092078221e+01
2.253714555244420126e+01
2.237047360524950079e+01
2.291111037250470872e+01
2.343887964156596126e+01
2.279005496792704832e+01
2.272243752643721848e+01
2.389903146913736975e+01
2.342924163311478480e+01
9.890766484312479179e+00
2.207921399907094440e+01
2.378705900446129817e+01
2.348495033117802677e+01
2.208405823368515541e+01
2.471584007017897022e+01
2.236179435156573447e+01
2.495724442845309454e+01
2.224230323108223217e+01
2.260879985611251186e+01
2.175182447639485872e+01
2.169535886667313207e+01
2.371257889726803114e+01
2.280312430922991496e+01
2.221666915624876992e+01
2.235372062720875874e+01
2.388475106918092195e+01
2.347627107749426045e+01
2.324798652130027676e+01
2.363002506571777417e+01
2.213108767806464527e+01
2.185274603085727563e+01
2.364475961266929005e+01
2.327306552758417979e+01
2.440727241741012676e+01
2.343968701400163468e+01
2.318925017660313870e+01
2.375375489148869690e+01
2.352627770773038662e+01
2.378019633875786099e+01
2.293028546785257049e+01
2.535810484277781995e+01
2.177670163956985050e+01
2.457293514906018572e+01
2.138941517432029116e+01
2.325222522658769719e+01
2.403229838180497779e+01
2.299088886130724063e+01
2.377166846740577455e+01
2.268247259087009127e+01
1.970034157805997665e+01
2.483063833837998402e+01
1.990541417672761781e+01
2.197183346512292701e+01
2.267762835625589446e+01
2.515989490981363019e+01
2.443331017846142572e+01
1.933621660955955690e+01
2.069229953687110424e+01
2.562262023702383829e+01
2.376894358543530927e+01
2.246352327846386743e+01
2.273091493701205934e+01
2.380739469768549554e+01
2.356770600583722342e+01
2.183760779768790883e+01
2.252286515248776766e+01
2.388126927555197199e+01
2.306834615435717240e+01
2.503571093704762518e+01
2.210363701525086810e+01
2.360746909829542517e+01
2.325464734389478849e+01
1.880340126277518209e+01
2.270225321554472941e+01
2.373826343287872476e+01
2.437316093200182365e+01
2.337131266085334858e+01
2.210686650499366124e+01
2.293497832013507320e+01
2.247543202189042688e+01
2.339290987350830164e+01
2.265138875209565583e+01
2.331459474724546510e+01
2.272687807483355016e+01
2.279873422161081464e+01
2.046684078420206276e+01
2.145905104689937559e+01
2.266551776972039534e+01
2.188751350636957227e+01
2.243925164461563782e+01
2.270366611730720763e+01
2.432411305653307920e+01
2.401347651189774979e+01
2.494735411611576126e+01
2.374663992189910289e+01
2.325767499052868459e+01
2.246750967986511682e+01
2.299462295882236162e+01
2.449366126802993904e+01
2.266087537821512399e+01
2.344069622954626197e+01
2.260415746460724051e+01
2.348172084143524785e+01
2.347990425345490451e+01
2.263786526379770692e+01
2.357835322983302717e+01
2.288915993440915031e+01
2.189255958409270875e+01
2.275998034469721176e+01
1.940282483550474524e+01
2.281346876856230210e+01
2.293780412366001542e+01
2.190224805332111657e+01
2.448876657263853929e+01
2.361332254845424927e+01
2.265441639872955193e+01
1.945187271097347548e+01
2.344755889524972758e+01
2.322719668108102553e+01
2.313031198879708938e+01
2.299931581110487855e+01
2.437558304930891495e+01
1.900040013708581910e+01
2.256822939121862248e+01
2.336606474002131506e+01
2.494165204828865967e+01
2.266309565241328983e+01
2.253997135596914347e+01
2.270815712648077067e+01
2.364460823033758174e+01
2.312794033226722945e+01
2.349539571206490507e+01
2.448195436771231925e+01
2.294749259288842325e+01
2.172624086233862784e+01
2.175893944598445273e+01
2.586548795783765797e+01
2.230346169308644733e+01
2.770765955221749266e+01
2.297549832425173122e+01
2.291010115696008143e+01
2.409204394204672894e+01
2.268691313926643716e+01
2.205060273838086005e+01
2.335738548633752032e+01
2.235250956855519178e+01
1.929610029166073559e+01
2.245201822125514468e+01
2.323062801393272991e+01
2.179406014693738314e+01
2.342015869321315336e+01
2.269801451025730898e+01
2.367988031362222046e+01
2.285323186102050386e+01
2.391033468323715283e+01
2.313399562553496480e+01
2.264674636059039869e+01
2.261843786456367411e+01
2.370061969306424032e+01
2.279161925202119221e+01
2.369744066409866434e+01
2.238278603489393959e+01
2.205075412071256835e+01
2.121421535577353268e+01
2.298841628322291797e+01
1.355038389222886508e+01
2.321286582034734636e+01
2.309700787582450232e+01
2.172765376410110605e+01
2.364294302468896092e+01
2.480808237095763502e+01
2.183967668955439478e+01
2.225683593492482260e+01
2.353420004975571089e+01
2.394449662942267310e+01
2.019379751860398642e+01
2.396225882300808507e+01
2.357149056412956156e+01
2.365828310096725318e+01
2.243884795839780111e+01
2.323870173828974828e+01
2.277108171568808359e+01
2.239060745536477270e+01
2.283809362785115127e+01
2.327261138058909751e+01
2.464741525625345275e+01
1.994310837731931940e+01
2.397371341943956224e+01
2.191531739462398320e+01
2.212079367950947528e+01
2.332912745108805552e+01
1.492882094385386438e+01
2.452878196898286944e+01
2.220642561847083130e+01
2.266955463189889031e+01
2.265845326090803269e+01
2.202592741831479373e+01
2.477654438518813151e+01
2.212301395370765533e+01
2.276911374537607458e+01
2.340961239077182654e+01
2.227641471649053528e+01
2.142352665972859427e+01
2.310891661925104756e+01
2.361352439156317473e+01
2.389948561613243783e+01
2.264735188991717507e+01
2.146712477125635132e+01
2.312526591107398133e+01
2.346229344220122925e+01
1.913240553032268565e+01
2.249738245998599950e+01
2.326615240110351124e+01
2.624162259131912833e+01
2.350089593678309541e+01
2.228509397017430160e+01
2.270548270528752255e+01
2.300537110437259969e+01
2.281811116006758766e+01
2.287760441642318199e+01
2.396387356787946032e+01
2.471281242354510255e+01
2.488215879193305113e+01
2.275715454117228376e+01
2.194054778323959454e+01
2.458221993207072842e+01
2.316038661202689752e+01
2.319293381334102833e+01
2.299184761607463656e+01
2.222110970464513002e+01
2.370490885912889212e+01
2.191955609991141785e+01
2.111006431156832264e+01
2.159463915531962641e+01
2.446298111547336873e+01
2.254945798208861163e+01
2.273010756457635750e+01
2.366433839423500274e+01
2.293094145795656402e+01
2.392855102381761867e+01
2.229558981183838284e+01
2.230911330013634597e+01
2.373296505126944567e+01
2.096837044910306247e+01
2.387163126710080974e+01
2.377555394725257543e+01
2.145092686176512586e+01
2.109633898016140563e+01
2.250490111579345864e+01
2.308757171048225132e+01
2.310089335567128899e+01
2.357855507294192421e+01
2.374991987241914160e+01
2.181924007477577732e+01
2.346955979412251736e+01
2.229937437013073520e+01
2.298866858710907479e+01
2.336621612235300915e+01
2.229775962525933153e+01
2.327003788095031211e+01
2.277733885206477282e+01
2.353657170628557083e+01
2.249818983242168713e+01
2.317981401126091612e+01
2.333659564611826909e+01
2.209415038913139995e+01
2.267157306298815911e+01
2.250792876242732632e+01
2.456450819926256202e+01
2.211478884701895709e+01
2.259184503496283014e+01
2.251857598642311586e+01
2.421996201232786916e+01
2.331842976631504882e+01
2.466719588092809090e+01
2.280135818202680298e+01
2.275760868816736604e+01
2.263080075498533006e+01
2.246190853359246375e+01
2.351174500388782462e+01
2.468843986814242442e+01
2.296177299284482842e+01
2.383489582127648987e+01
2.330667240522016925e+01
2.284616735220814121e+01
2.364415408334251367e+01
2.298478310726228813e+01
2.329784176920470884e+01
1.809139969604279941e+01
2.568640265944408441e+01
2.264089291043157459e+01
1.720379462454579311e+01
2.327341875302479934e+01
2.215046461652143250e+01
2.445410001868067695e+01
2.390574275250911285e+01
2.326251922514286719e+01
2.301727984779917335e+01
2.237087729146736592e+01
2.218497978814758653e+01
2.262560329493052791e+01
2.231274647609701844e+01
2.351113947456104825e+01
2.432471858585984137e+01
2.255793539266345249e+01
2.225663409181589714e+01
2.373599269790331334e+01
2.329804361231363430e+01
2.325868420607328346e+01
2.269498686362344131e+01
2.392956023936224597e+01
2.234423400108927638e+01
2.302802799334942563e+01
2.355539357619281304e+01
2.310023736556728124e+01
2.391578444717812602e+01
2.324818836440920222e+01
2.286796640797201974e+01
2.282497382577102485e+01
2.348333558630665152e+01
2.181767579068159080e+01
2.376581501724697887e+01
2.377212261440085683e+01
2.001592327886395140e+01
2.374689222578525971e+01
2.327341875302479934e+01
2.206755755953054177e+01
2.260072613175552192e+01
2.191713398260431234e+01
2.238056576069575954e+01
2.493418385325844611e+01
2.246271590602815138e+01
2.270205137243578974e+01
2.262878232389608968e+01
2.120185246535190515e+01
2.245842673996349959e+01
2.447463755501378557e+01
2.225199170031064000e+01
2.153247147777078396e+01
2.235271141166411724e+01
2.380643594291808540e+01
2.246372512157279289e+01
2.368573376378103035e+01
9.853576891493091239e+00
2.169233122003926439e+01
2.213875771620378430e+01
2.184850732556986941e+01
2.139304835028094942e+01
2.384695594703475763e+01
2.179607857802663773e+01
2.386936053212541253e+01
2.206306655035696451e+01
2.272647438861569924e+01
2.272405227130860794e+01
2.246493618022633143e+01
2.300638031991722698e+01
2.372272151349150704e+01
2.320236997868325091e+01
2.305199686253425284e+01
2.234842224559946544e+01
2.325767499052867038e+01
2.224452350528039801e+01
2.367866925496866770e+01
2.361327208767700370e+01
2.283017128582585542e+01
2.107413623817969039e+01
9.806194221672981826e+00
2.245782121063675163e+01
2.332186109916676742e+01
2.264694820369930994e+01
1.792326438630838936e+01
2.667820923592354632e+01
2.201245439079406196e+01
2.351679108161093268e+01
2.247679446287568794e+01
2.434505427908405295e+01
2.255975198064378162e+01
2.436972959915011927e+01
2.263604867581737778e+01
2.311981614713300814e+01
2.214360195081798111e+01
2.313959677180763208e+01
2.334830254643593150e+01
2.550050515612431923e+01
1.897259624883143658e+01
2.261102013031069191e+01
2.210873355375120752e+01
2.488614519333432895e+01
2.321241167335227829e+01
2.290470185379633961e+01
1.272393728273608815e+01
2.277491673475766731e+01
2.177226109117349040e+01
1.974550397368190602e+01
2.237753811406186344e+01
2.469484838685079353e+01
2.222756868413071629e+01
2.324152754181467628e+01
2.222817421345749267e+01
2.253573265068173725e+01
2.446313249780507704e+01
2.518628589630554870e+01
2.353420004975571089e+01
6.476640757625958145e+00
2.420886064133701154e+01
2.173572748845809599e+01
2.098673817201522240e+01
2.274161262178508025e+01
2.143861443212074391e+01
2.208668219410117217e+01
2.164913679472932984e+01
2.312385300931150311e+01
2.216741943767112843e+01
2.375395673459763657e+01
2.462016643654860104e+01
2.518542806309262971e+01
2.298765937156444750e+01
2.268368364952364402e+01
1.685425282066518093e+01
2.416228534395258976e+01
2.308550281861577957e+01
1.620522630391734253e+01
2.308817723980902770e+01
2.397008024347890398e+01
2.344579276804662982e+01
2.281346876856233052e+01
2.315412947565020829e+01
2.268978940356862495e+01
1.822703826524028159e+01
2.287336571113576156e+01
2.289521522767687145e+01
2.420623668092096636e+01
2.284874085184692660e+01
2.226107464021224303e+01
2.286165881081812756e+01
2.265704035914555448e+01
2.386194279787241612e+01
2.326413397001425665e+01
2.172568579378909703e+01
2.324273860046822904e+01
2.323244460191307326e+01
2.363794740774305581e+01
8.999275932968672009e+00
2.300865105489263840e+01
2.282411599255809165e+01
2.459655079280439338e+01
2.279227524212518574e+01
2.305401529362349322e+01
2.342353956528766901e+01
2.238742842639919672e+01
2.170121231683194196e+01
2.367039368750273809e+01
2.281952406183006588e+01
2.421209013107979047e+01
2.408775477598207715e+01
2.212079367950947528e+01
2.310109519878022866e+01
2.319853495961368139e+01
2.344902225778942295e+01
2.304836368657359458e+01
1.895538912379559804e+01
2.266011846655666773e+01
