9.708552617730589418e+00
8.351208170988243751e+00
3.004737441009694976e+00
5.549373515225241249e+00
8.526609832643927689e+00
1.048610273408633020e+01
1.082615791184746001e+01
1.202480321419764664e+01
8.287829434785820126e+00
6.924732459439127297e+00
5.188881722685451336e+00
9.614645111303303793e+00
9.524219398504968126e+00
8.599273351856879799e+00
1.318509832585212393e+01
-1.182043706641138670e+00
7.969775155897522723e+00
1.000536290940458173e+01
1.208858563661789276e+01
9.372433380593491847e+00
-3.540580434427937462e+00
1.230556697871210758e+01
1.098177894882850580e+01
1.005582368663579018e+01
8.375025657841362658e+00
1.002918039625768643e+01
8.323202439624907356e+00
1.149647887658686329e+01
9.423297844042537008e+00
9.641086558572467879e+00
1.035954710479043683e+01
7.870115120865875724e+00
9.773243334140985894e+00
8.873174450667889346e+00
8.925451815879412720e+00
9.563376961636393503e+00
9.760173992838105050e+00
1.045345461121772246e+01
1.005501631420007413e+01
1.042312768410175750e+01
1.031741235580237515e+01
9.276154217636332078e+00
8.727847412241999336e+00
1.074890246190646792e+01
8.674762674594759915e+00
9.742209956143810246e+00
9.570441470448756149e+00
9.927098243918962339e+00
1.030873310211860883e+01
9.231193665123342385e+00
1.057995977973637025e+01
9.398117916204185462e+00
7.821218627728825368e+00
8.889927428708631396e+00
8.166118040104166198e+00
7.698144792061896169e+00
8.468933164268648284e+00
9.681808405798037143e+00
8.831342466343215847e+00
8.391829096659378706e+00
9.546422140486697572e+00
1.073361284640542124e+01
9.982605098873293059e+00
8.424679062636869276e+00
9.464271995154291517e+00
8.822461369550509858e+00
1.012081716770957485e+01
1.067785368756493369e+01
8.974297848239231712e+00
1.006753058695342418e+01
9.263286719442376693e+00
1.006732874384451293e+01
8.868330216053692538e+00
9.687258169739024538e+00
9.117959681016500895e+00
8.737535881470392951e+00
9.392869995372137737e+00
8.824076114421913530e+00
8.427303023052900244e+00
7.798208513311379875e+00
1.089624793142161252e+01
1.039224568843626173e+01
7.328620520397734595e+00
8.824277957530824779e+00
6.114180994774173428e+00
1.268099516131231042e+01
8.517123206524459533e+00
1.263088760952173573e+01
1.003508430719375610e+01
9.289324480493689862e+00
1.014685492876087380e+01
1.152589750971266369e+01
9.924020136507849088e+00
7.731600287366191537e+00
9.098784585668639124e+00
1.083221320511518115e+01
1.033900956845734243e+01
1.002231773055424924e+01
6.770171098779911745e+00
8.479176702046586911e+00
9.996279969502950280e+00
8.901382025140136989e+00
9.537944729911842501e+00
8.973894162021380794e+00
9.686854483521173620e+00
1.018096641416919113e+01
9.443280311826100615e+00
9.462909554169044668e+00
7.882982619059831109e+00
1.004880963860064469e+01
7.852706152721083299e+00
8.315532401485768332e+00
3.386574142318266922e+00
9.867100379791054365e+00
8.214812690132276884e+00
9.658646909048925977e+00
8.931456648369945128e+00
8.337684682690266413e+00
8.413375848537086199e+00
9.486878423353886092e+00
9.816084534010286688e+00
9.842727824388362023e+00
3.594674387619818390e+00
1.086531547497888539e+01
7.678767853605108940e+00
1.081107013945531037e+01
8.199119388413350862e+00
8.344749191502657482e+00
8.718360786122531181e+00
9.415072737353852972e+00
1.750383440596252171e+00
8.315936087703633461e+00
8.328652203565880541e+00
1.057995977973637025e+01
1.108148944463738417e+01
9.665307731643437705e+00
7.588947670133549650e+00
9.186990024268780530e+00
9.071535765963773201e+00
1.143668285556786657e+01
9.480621286977196860e+00
1.104213003839703333e+01
9.724649605667352148e+00
7.315904404535487515e+00
6.845660421517820282e+00
8.668101852000233976e+00
8.901785711357987907e+00
9.624989570635705149e+00
8.196646810329028199e+00
9.042470358278592357e+00
8.777652199369214259e+00
6.698314952002689893e+00
8.799299872801398692e+00
7.349561742948679921e+00
1.066433019926697057e+01
8.771647366878696062e+00
1.048953406693803458e+01
1.065343067138502420e+01
8.536903831199097681e+00
9.802712428044046078e+00
7.377214248871396762e+00
8.508645795949618673e+00
9.623324364987084323e+00
1.094024972916722049e+01
9.563780647854244421e+00
9.677418318178936829e+00
7.850485878522917460e+00
8.186907880323417430e+00
8.703777621502723605e+00
8.587970137757068301e+00
9.764765923566145034e+00
5.615325751066407634e+00
-6.239576026193745406e+00
9.486474737136020963e+00
8.951035429935657817e+00
8.370383266336105521e+00
8.211986886607320457e+00
1.024474883658942304e+01
9.225945744291294659e+00
9.628975972036968756e+00
9.475373366145163345e+00
9.741604426817033868e+00
8.348382367463273113e+00
9.656224791741834679e+00
7.936874729142772367e+00
1.076096258766472147e+01
8.900170966486584234e+00
8.824479800639764449e+00
8.955677821440914954e+00
8.954668605896301870e+00
8.718966315449307558e+00
9.701033961923130278e+00
8.318913273560269772e+00
8.810956312341801322e+00
9.561964059873901078e+00
8.960522056055097551e+00
8.872367078232187509e+00
1.095291538425225042e+01
9.706281882755178003e+00
2.449517509134693682e+00
8.371190638771793147e+00
9.904845041160015739e+00
1.028188796863160803e+01
8.339703113779521004e+00
1.066791291445038325e+01
9.839044187650486606e+00
8.817415291827416013e+00
8.883417988445813762e+00
9.209798295577314775e+00
1.092647393698311475e+01
9.369859880954692244e+00
-1.773645858899840277e+00
4.032219786991646515e+00
1.004997023647695187e+01
8.148204464187074336e+00
1.029798495656837076e+01
8.639036444315081553e+00
9.764614541234479361e+00
9.449991595197872130e+00
1.002151035811857582e+01
8.629953504413435894e+00
9.552729737640618168e+00
1.090876220417496256e+01
7.843320448156092084e+00
9.431371568399526950e+00
1.050714487819173826e+01
8.665427430806985853e+00
1.154386154640698692e+01
8.141745484701488067e+00
9.002707265820404814e+00
8.530848537931348119e+00
7.717925416736520106e+00
9.484456306046766372e+00
7.950398217440735493e+00
1.126335008577866859e+01
9.205963276507716841e+00
1.126839616350177664e+01
1.074930614812433305e+01
7.882427550510300307e+00
9.311527222475433518e+00
5.033260685704405546e+00
1.071055227121074438e+01
8.990596679284905690e+00
9.223220862320715696e-01
8.838810661373443622e+00
9.108069368679167610e+00
1.018969612863018881e+01
9.075017559592737371e+00
1.014584571321626072e+01
1.035858835002305511e+01
1.065908227843490863e+01
8.903854603224459652e+00
7.712223348909418519e+00
9.631196246235134595e+00
1.109319634495503237e+01
9.054379101705166022e+00
1.144314183505349547e+01
8.712053188968624795e+00
8.602300998490733264e+00
9.339785257724898315e+00
8.479832692150594653e+00
-5.197712358700911750e+00
4.735743943149174129e+00
7.822681990268534946e+00
1.117776860759454394e+01
9.302040596355951152e+00
9.940773114548633771e+00
1.078296348653753967e+01
1.003644674817900295e+01
9.053420346937755880e+00
1.000475738007779114e+01
8.610172879738826168e+00
9.434651518919579871e+00
8.439867756583481651e+00
1.009881626883677086e+01
9.351239854156389697e+00
1.058924456274691295e+01
7.628862144923459709e+00
8.003684798196871952e+00
8.937360559306000596e+00
6.320666495204292801e+00
9.891170170530344308e+00
1.043584379996404721e+01
9.415224119685561277e+00
8.828365280486565325e+00
1.055977546884389540e+01
8.831947995669992224e+00
1.014508880155779025e+01
7.827526224882717543e+00
7.517898895792001213e+00
6.922310342132021788e+00
7.976839664709885369e+00
9.280645226809909332e+00
8.217436650548293642e+00
1.059994224751991965e+01
7.835145802244639412e+00
1.021810554621136191e+01
8.509251325276380840e+00
8.996651972552669463e+00
9.601727152332102833e+00
8.955072292114138577e+00
7.900189744095669653e+00
1.219026410273880856e+01
1.046294123733719061e+01
8.887051164406457815e+00
8.550982388046605820e+00
9.520989908762160780e+00
8.321940920194123237e+00
8.926208727537897403e+00
1.020796292998788601e+01
9.052360670615911431e+00
5.468434428546359527e+00
4.252430618828640263e+00
1.022779401543974132e+01
9.373291213806410838e+00
9.482639718066465662e+00
9.235583752742456909e+00
7.239204023144040434e+00
1.134550023111108885e+01
9.279434168156370788e+00
1.116222668820732622e+01
1.004472231564490414e+01
8.350249416220833609e+00
1.019469174557607971e+01
9.460235132975796546e+00
8.882005086683349759e+00
1.210190728180694464e+01
9.221101509677069430e+00
1.056239942925991215e+01
2.787402873474889020e+00
9.308701418950477091e+00
8.520554539376178127e+00
8.420288975017768962e+00
7.351832477924091336e+00
9.232001037559030010e+00
7.810773246841947071e+00
9.619842571358134364e+00
1.128696572952287625e+01
9.599153652693530603e-01
9.494952147710876034e+00
7.374337984569194759e-01
-4.541015803813934326e+00
1.019832492153672376e+01
1.099913745619605265e+01
8.210170298626991325e+00
8.875747950306688949e+00
8.540335164050802064e+00
9.026726595782463392e+00
8.373865059965041269e+00
8.254979468808301135e+00
1.040839313715027004e+01
8.766954514596193349e+00
8.734054087841442993e+00
7.523550502841914067e+00
9.869522497098145664e+00
9.970847737778427700e+00
9.481630502521838366e+00
8.577474296092987061e+00
8.620466878293967739e+00
9.487534413457893834e+00
9.564789863398857506e+00
9.375662870336284982e+00
1.019267331448682512e+01
8.822663212659449528e+00
-8.266989133789195421e-01
5.061518720953884554e+00
-2.497808472944029745e-02
8.389810665570124115e+00
7.100941493530513071e+00
4.481068400463243506e+00
7.998033191146973309e+00
8.122923614794231639e+00
9.878403593890851653e+00
8.504407090662198243e+00
1.137229490382085828e+01
1.531837814407879250e+00
9.278778178052363046e+00
1.116651585427199223e+01
8.594630960351580029e+00
1.185444763026508497e+01
1.002857486693092426e+01
9.259855386590658100e+00
6.375971507049712272e+00
9.158277842024233451e+00
9.164787282287036874e+00
1.048307508745244832e+01
9.573469117082652247e+00
7.737504198302261216e+00
9.914129824170544225e+00
1.058601507300411981e+01
8.692121181962306764e+00
7.804717953574211720e+00
1.044977097447984704e+01
8.403485536199752914e+00
9.958989455129085400e+00
8.830131407689663092e+00
1.117675939204991664e+01
9.160144890781779736e+00
1.001182188889016800e+01
9.007551500434601621e+00
8.828112976600422712e+00
1.071418544717138843e+01
1.024853339488178960e+01
9.320206476159185627e+00
9.198091395259638148e+00
9.443532615712271649e+00
8.105817411312870036e+00
9.560753001220376746e+00
9.286044529973651152e+00
8.915712885873801952e+00
9.003716481365032109e+00
1.251830961551890198e+01
8.514297402999517317e+00
9.404778738798697191e+00
9.308045428846455138e+00
9.712337176022927565e+00
1.037493764184594625e+01
7.048058598992199109e+00
8.433762002538486513e+00
7.336492401645799077e+00
1.032689898192185751e+01
9.593855271084038350e+00
8.863687824548421190e+00
9.505296607043263180e+00
1.023238594616779551e+01
8.368970364573613097e+00
2.976681248869113006e-01
9.009368088414930753e+00
9.551468218209819838e+00
9.470579592308197903e+00
3.796668878876332087e+00
1.150591504192908587e+01
9.526035986485283047e+00
1.041707239083403636e+01
1.066387605227187407e+01
4.037265864714754571e+00
9.871339085078474795e+00
5.824182908026386940e+00
9.566051382829641625e+00
6.970197619724444849e+00
7.232089053554432212e+00
9.291342911582916031e+00
9.229578920251924501e+00
8.613957438031150105e+00
8.975862132333404020e+00
9.593451584866201642e+00
8.507838423513916837e+00
1.103930423487209111e+01
9.718190626181751668e+00
8.017410129603760538e+00
8.901180182031197319e+00
5.954169870174013113e+00
8.682836398951764068e+00
7.430298986518621973e+00
8.030328088574947287e+00
9.177452937372081010e+00
8.762110279981996541e+00
8.421701876780232965e+00
1.006349372477492921e+01
9.800895840063702735e+00
8.374268746182906398e+00
8.999275932968686220e+00
8.572024532152013876e+00
1.107967285665705504e+01
-3.511313183633831159e+00
9.225340214964518282e+00
1.069924905711096130e+01
1.059186852316294392e+01
6.767294834477752374e+00
8.424880905745808946e+00
9.346244237210484584e+00
9.877596221455149816e+00
8.500370228483689061e+00
8.656546334014279864e+00
9.571299303661689351e+00
4.644561318692382201e+00
9.120785484541428900e+00
9.214440687082586123e+00
8.714727610161887128e+00
1.029495730993448888e+01
2.754653829051818548e+00
9.971655110214129536e+00
8.706250199587046268e+00
1.689224978592022808e+00
-5.479889024977865120e+00
8.191197046388069225e+00
1.112569308549193181e+01
1.065080671096900744e+01
9.710167362601993091e+00
7.444478464920592842e+00
9.652238390340542651e+00
1.048474029310106914e+01
5.426400601112760569e+00
1.054100405971387033e+01
9.358960353072760086e+00
8.618448447204727358e+00
7.940306061994490960e+00
8.645495423800667822e+00
1.140660823233807264e+01
1.000682627194427710e+01
8.065852475745742822e+00
8.909455749497126931e+00
1.050386492767171376e+01
8.064439573983250398e+00
1.121470589652778926e+01
9.683624993778366274e+00
9.797918654207052214e+00
1.014322175280024396e+01
1.140040155673864319e+01
1.008852227028160087e+01
7.979867311343753045e+00
9.447922703331371963e+00
1.014968073228584444e+01
8.275769309027580789e+00
1.149708440591363967e+01
7.842462614943173094e+00
-5.420093003958854183e+00
1.090331244023397517e+01
9.526035986485297258e+00
1.009639415152967956e+01
1.002776749449522242e+01
8.912483396131008817e+00
1.019489358868501938e+01
9.236592968287069993e+00
1.048186402879888135e+01
9.642297617226006423e+00
9.039644554753650141e+00
9.856654998904204490e+00
9.120129494437421158e+00
8.858843589934224383e+00
1.020210947982906191e+01
8.640449346077545556e+00
8.665629273915911313e+00
1.072669971992473847e+01
9.481024973195061989e+00
8.344597809170949176e+00
9.523815712287131419e+00
9.737971250856389815e+00
1.026589190224932224e+01
8.939984519722003142e+00
9.457813015668705248e+00
1.001303294754372075e+01
1.122797708093959557e+01
1.074219117853471062e+01
9.153887754405118926e+00
9.935575654493803199e+00
8.811410459336869394e+00
6.254714259363097995e+00
1.065867859221707192e+01
9.893541827060204241e+00
5.601600419659533259e+00
9.942034633979403679e+00
7.746788981312775491e+00
9.118161524125412143e+00
9.731310428261863876e+00
8.858187599830216641e+00
7.262567363002091270e+00
9.576093077498669004e+00
8.060402711804769638e+00
9.714708832552801709e+00
8.669514753762726400e+00
9.374855497900583146e+00
9.905299188155069601e+00
8.350804484770392833e+00
9.982756481204987153e+00
9.751242435268196118e+00
9.230739518128245891e+00
1.024111566062879319e+01
9.596882917717906025e+00
7.908818537002218818e+00
1.029702620180096062e+01
8.068627818493467885e+00
8.035979695624845931e+00
1.063809059510673194e+01
5.738601429842276502e+00
1.147367060527837168e+01
9.556110609715091186e+00
1.005299788311083375e+01
8.465451370639698325e+00
6.067605697389765851e+00
7.814204579693679875e+00
8.122772232462551756e+00
1.107220466162685568e+01
9.172255477317278860e+00
1.019247147137788545e+01
1.040173231455574410e+01
6.706792362577516542e+00
8.844058582205477137e+00
8.987165346433187096e+00
1.032886695223386653e+01
7.116281569808805330e+00
9.749879994282949269e+00
7.935865513598145071e+00
9.818254347431249585e+00
8.869894500147850636e+00
1.045199124867801288e+01
1.084235582133867126e+01
8.215620062567978721e+00
7.811933844718282671e+00
9.303655341227340614e+00
1.061891549975888438e+01
8.993018796591996988e+00
9.641086558572453669e+00
1.094953451217776319e+01
8.803488117311587757e+00
7.836356860898177956e+00
9.540366847218962221e+00
8.769830778898381141e+00
9.559340099457898532e+00
1.000077097867654174e+01
9.898789747892266178e+00
8.965568133778248239e+00
9.358102519859826884e+00
1.010870658117408993e+01
9.151061950880148288e+00
1.096467274534712999e+01
1.011072501226333031e+01
8.200229525512440887e+00
9.126033405373476626e+00
1.010810105184731356e+01
7.750371696496202389e+00
1.506627610103167569e+01
9.331509690258982914e+00
1.123009643358331289e+01
9.105647251372076312e+00
1.106130513374489510e+01
8.599475194965776836e+00
9.897982375456550130e+00
9.787977881092515986e+00
1.010123838614387637e+01
1.028022276298298721e+01
8.615774026011465025e+00
9.008762559088140165e+00
7.711466437250933836e+00
9.514329086167649052e+00
-3.130838923310506061e+00
8.617641074769039733e+00
9.118111063348194989e+00
8.707663101349510271e+00
1.055432570490293642e+01
9.338927424511965114e+00
8.266686369125949341e+00
9.543394493852844107e+00
1.019726524521487931e+01
-1.369853673417969731e+01
8.252708733832918142e+00
7.883184462168756568e+00
1.002559768107428795e+01
9.764009011907688773e+00
1.067422051160427543e+01
9.715364822656795241e+00
7.854926426919263349e+00
1.079204642643915690e+01
8.890482497258190620e+00
-7.242887659881901641e+00
9.615452483739005629e+00
9.890110494208471437e+00
9.226551273618071036e+00
8.928025315518212324e+00
3.200121570448970942e+00
9.011588362613096592e+00
9.862508449063000171e+00
1.036222152598371338e+01
1.014281806658239304e+01
-6.194060405131267544e-01
7.300160642039330128e+00
8.228538021539179681e+00
9.508273792899913701e+00
8.994028012136638495e+00
1.268800920934745591e+01
1.034622545960139917e+01
1.034042247021982064e+01
9.563175118527468044e+00
9.186182651833092905e+00
8.734911921054376194e+00
9.826126228679314067e+00
7.461786511510922537e+00
9.598699505698235157e+00
9.700024746378517193e+00
1.014746045808766439e+01
1.007540246820150287e+01
9.134308972839406238e+00
9.842929667497287483e+00
1.169383097633811985e+01
9.247088809951165445e+00
6.895717512531177817e+00
9.228569704707297205e+00
1.001262926132588404e+01
9.496970578800116414e+00
9.569432254904143065e+00
9.332872131244229763e+00
7.885253354035242523e+00
1.285331871555689531e+01
8.827759751159803159e+00
-7.060371028636609481e+00
9.708502156953343842e+00
1.027704373401742544e+01
1.069132671508565124e+01
9.214844373300408620e+00
3.996089870494088814e+00
3.744441974442040078e+00
3.024921751902184042e+00
1.064152192795845053e+01
1.092183154547782920e+01
1.168696831063468267e+01
1.002156081889579298e+01
9.235634213519659852e+00
7.862192778840551455e+00
9.947433937143131288e+00
8.945787509103595880e+00
1.017874613997099686e+01
9.424761206582246587e+00
8.702617023626388004e+00
5.107488489011529964e+00
8.648724913543460957e+00
1.099328400603722855e+01
8.898606682392411926e+00
6.532753141907079453e+00
1.040980603891273404e+01
8.628338759542046432e+00
7.693502400556639031e+00
6.512467909460042392e-01
9.783587793473387251e+00
1.091945988894795505e+01
9.528508564569634132e+00
9.349675570062203178e+00
9.129464738225209430e+00
9.628370442710192378e+00
9.626755697838788706e+00
4.332158646853940809e+00
9.130675796878747974e+00
9.278223109502818033e+00
8.930296050493623738e+00
7.120722118205137008e+00
2.359293639445283475e+00
7.773634114799790495e+00
9.670757495584425101e+00
8.184738066902468745e+00
9.698006315289276813e+00
9.084857411152825080e+00
1.013035425460627437e+01
7.339267744393524140e+00
8.342528917304449010e+00
8.710085218656601569e+00
8.815447321515392787e+00
9.052360670615911431e+00
-2.486808023508558563e+00
1.067623894269351581e+01
-1.265066823419635966e+01
1.095942482451509647e+01
9.882238612960406954e+00
9.890110494208485648e+00
8.378305608361387158e+00
8.664620058371298228e+00
8.650541501523775878e+00
1.259198235027639612e+00
8.984339542908244880e+00
8.080990708915081200e+00
9.386764241327142599e+00
9.218679392369992343e+00
9.838842344541561147e+00
9.601575770000422949e+00
9.113115446402289876e+00
9.211614883557615485e+00
8.832957211214605309e+00
1.001989561324715794e+01
1.035818466380520420e+01
9.711327960478300270e+00
9.614241425085452875e+00
6.171756741594990103e+00
4.124058401552446185e+00
1.026695157857118090e+01
9.536733671258303957e+00
8.685258516258841155e+00
1.077448607596269881e+01
2.959524584610548459e+00
8.237166814445686214e+00
8.059595339369067801e+00
9.572056215320145611e+00
8.326633772476640161e+00
9.643104989661722470e+00
8.458992391154112056e+00
1.064051271241382324e+01
8.629953504413450105e+00
9.708098470735507135e+00
7.510228857652876400e+00
9.518567791455083693e+00
9.685088356318061642e+00
8.951439116153494524e+00
7.310202336708357507e+00
9.019662086970086534e+00
7.356424408652131319e+00
1.476396558463949304e+01
8.693887309165404531e+00
1.141856743654187767e+01
1.006026423503212186e+01
8.614411585026218177e+00
1.053111374737656547e+01
9.536531828149378498e+00
-4.148481417732341470e+00
6.117208641408055314e+00
1.074925568734710168e+01
1.098944898696765904e+01
-1.090457395966495824e+00
9.590373477455088391e+00
9.419462824972967496e+00
9.448780536544319375e+00
8.486846740185725935e+00
9.859884488646997625e+00
9.299618479048859854e+00
1.011597293309537804e+01
7.547166146586121727e+00
8.277787740116821169e+00
8.257401586115420855e+00
9.759770306620268343e+00
9.295177930652485543e+00
9.340945855601205494e+00
9.439041606538680185e+00
1.012409711822961356e+01
1.004411678631814198e+01
9.106656466916703607e+00
9.721672419810701626e+00
1.008110453602863288e+01
1.001908824081145610e+01
8.807373597158388634e+00
1.482628464452004380e+01
8.127010937749957975e+00
8.515306618544130401e+00
8.474382928209621468e+00
6.949962848054724418e+00
8.743389331629202843e+00
9.510090380880228622e+00
8.565565552666413396e+00
1.116303406064301385e+01
1.000415185075102897e+01
7.405875970338712477e+00
9.465684896916769731e+00
9.954700289064433605e+00
9.262681190115600316e+00
9.471538347075579622e+00
9.254960691199229927e+00
9.870784016528929783e+00
1.013050563693796846e+01
9.622264688665225663e+00
1.052425108167312828e+01
3.042885788596493057e+00
1.016396113224227804e+01
8.675368203921550503e+00
-1.146504181237183673e+01
1.028849833044890261e+01
8.281017229859628515e+00
9.698611844616038979e+00
8.757316506145031099e+00
8.566776611319980361e+00
1.177739402343300412e+01
9.506860891137435488e+00
9.388833133193642766e+00
5.958206732352508084e+00
8.877564538287018081e+00
8.690455976313685937e+00
9.001092520949001141e+00
8.956333811544922696e+00
8.977931024199889976e+00
9.425316275131805810e+00
1.027825479267094977e+01
8.462827410223667357e+00
8.819433722916642182e+00
9.978921462135431852e+00
8.596447548331923372e+00
5.493412513275814035e+00
9.539559474783260384e+00
8.726030824261670205e+00
8.106221097530706743e+00
9.667326162732678085e+00
8.351813700315005917e+00
8.486443053967889227e+00
9.949452368232400090e+00
7.554836184725274961e+00
9.156511714821149894e+00
9.555757384274485844e+00
9.990022833126275259e+00
8.443299089435214455e+00
9.430967882181690243e+00
9.433036774048176198e+00
9.102821447847119884e+00
9.652944841221795969e+00
1.120698539761141888e+01
8.522623431242678294e+00
8.811158155450712570e+00
8.354437660731036885e+00
9.059425179428274078e+00
1.022799585854868099e+01
1.018116825727810237e+01
1.112448202683837906e+01
7.378879454520017589e+00
1.061608969623392795e+01
9.753513170243593322e+00
8.682785938174532703e+00
1.051355339690010737e+01
8.349593426116854289e+00
6.416541971943601652e+00
9.825571160129769055e+00
8.317348989466097464e+00
8.924795825775404978e+00
9.433440460266027117e+00
8.240799990406344477e+00
9.484304923715100699e+00
1.339496469835671633e+01
1.229199302963691309e+01
9.850196019418604010e+00
9.496768735691190955e+00
7.869459130761853771e+00
6.896878110407499207e+00
1.023425299492535601e+01
1.098884345764086845e+01
8.351460474874386364e+00
6.433496793093283372e+00
9.442321557058704684e+00
8.530444851713497201e+00
8.358323140577837762e+00
9.639875499918915125e+00
1.077347686041808572e+01
1.034748697903216907e+01
8.132258858582005701e+00
9.166149723272283723e+00
1.001545506485081205e+01
1.106836964255727196e+01
9.193045317536530092e+00
7.675740206971241264e+00
9.230386292687612126e+00
8.463432939550443734e+00
9.211413040448690026e+00
9.390397417287800863e+00
5.570314737776172365e+00
8.537105674308008929e+00
9.777128813987786771e+00
1.144097202163253257e+01
3.507074478346424939e+00
1.015412128068217612e+01
8.582268069929952503e+00
8.622283466274296870e+00
7.933039710073188644e+00
8.687882476674872123e+00
8.387943616812563619e+00
9.614846954412243463e+00
9.777734343314577359e+00
1.075051720677785738e+01
9.323234122793067513e+00
1.087722421840544484e+01
9.667729848950543214e+00
-3.648162811484866097e+00
9.834452256922460833e+00
8.006308758612902921e+00
9.185122975511234245e+00
9.457611172559779789e+00
9.355882245661661045e+00
9.912363696967446458e+00
1.057289527092400760e+01
9.970898198555673275e+00
1.020236178371521873e+01
8.805506548400813926e+00
1.137234536459808965e+01
9.703203775344064752e+00
3.726427476970485486e+00
9.532091279753046820e+00
7.176632659377318646e+00
9.310719850039717471e+00
3.955721248709110682e+00
8.356102866379671923e+00
8.291109385305858837e+00
1.034849619457682479e+01
1.008630199608343503e+01
9.294976087543588505e+00
1.063753552655718693e+01
1.031741235580238936e+01
1.055432570490292221e+01
9.520384379435398614e+00
9.212977324542848123e+00
8.265626692804104891e+00
8.406715025942560260e+00
1.058177636771669938e+01
9.349826952393897272e+00
1.009720152396536719e+01
9.376470242771986818e+00
5.608059399145119528e+00
-1.856956602108539300e-01
8.250488459634752303e+00
1.048549720475955382e+01
9.516751203474754561e+00
9.869320653989220204e+00
9.291746597800766949e+00
7.287040839959203709e+00
1.013494618533432856e+01
8.957343027089535781e+00
-4.965037714887799325e+00
9.590070712791714413e+00
9.613888199644847532e+00
-5.985657395166299466e-01
8.103849441000818388e+00
8.898404839283486467e+00
1.021810554621134770e+01
1.006248450923030191e+01
9.885266259594303051e+00
9.252185348451519076e+00
8.634394052809795994e+00
8.206890348106981037e+00
8.753481487075461587e+00
7.548175362130720600e+00
3.828206864645835594e+00
1.017087425872294659e+01
9.312082291024964320e+00
9.818052504322309915e+00
5.452085136723454184e+00
9.405939336675004370e+00
9.570037784230905231e+00
8.428917767924303917e+00
9.539357631674320714e+00
7.936672886033818486e+00
6.090010282480420756e+00
1.029334256506309941e+01
9.889504964881709270e+00
-7.721306288811035756e+00
1.030631098481151753e+01
9.034194790812691167e+00
9.591634996885886721e+00
8.611383938392350501e+00
7.400022520179902585e+00
9.712740862240778483e+00
9.753513170243593322e+00
7.659996444475112298e+00
9.823149042822677757e+00
9.028997330757860595e+00
1.102618443279196470e+01
9.513118027514096298e+00
9.480823130086136530e+00
4.725046258376153219e+00
9.490158373873910591e+00
8.596245705222997913e+00
9.426123647567493435e+00
9.473556778164848424e+00
9.203944845418462251e+00
5.698888798161306113e+00
9.092931135509829232e+00
7.949187158787182739e+00
9.986793343383496335e+00
8.993018796592011199e+00
8.417210867606655711e+00
8.971623427045983590e+00
9.899849424214110627e+00
9.444743674365824404e+00
1.096825546053054268e+01
8.294288414271420606e+00
1.044921590593031624e+01
8.774422709626392702e+00
8.843907199873783043e+00
8.426293807508287159e+00
9.941429104652627302e+00
9.510695910207019210e+00
7.459566237312714065e+00
1.070833199701256433e+01
7.314693345881934761e+00
9.313343810455748439e+00
9.576496763716505711e+00
8.255181311917255016e+00
1.112831704590794857e+01
9.102821447847119884e+00
8.235804373460453576e+00
9.557321668368643941e+00
4.704105035825207892e+00
1.071842415245880886e+01
1.161813981049131428e+01
1.059595584611865604e+01
8.231767511281958605e+00
1.042353137031962262e+01
9.841718608843748939e+00
7.516485994029537210e+00
9.331509690258997125e+00
1.066574310102943457e+01
9.275195462868936147e+00
6.956219984431399439e+00
2.932679451123547665e+00
9.496566892582279706e+00
8.418674230146365289e+00
1.103284525538650485e+01
8.041429459565833326e+00
1.159412048052926991e+01
9.398521602422022170e+00
4.311318345857472423e+00
1.031155890564355104e+01
1.031897663989654745e+01
-6.398628396026524001e+00
8.712709179072646748e+00
9.163576223633512541e+00
1.198362721997698088e+01
6.431680205112968451e+00
1.092284076102244228e+01
9.174677594624370158e+00
9.459074535099475156e+00
7.876321796465319380e+00
1.063930165376028469e+01
8.449505765034643900e+00
6.071693020345492187e+00
9.116950465471859388e+00
8.535894615654470385e+00
1.040899866647703220e+01
8.995440913899102497e+00
1.009437572044042497e+01
8.189733683848359647e+00
8.823722888981293977e+00
7.878592531440716584e+00
8.748990477901870122e+00
1.131638436264867664e+01
9.511301439533781377e+00
9.586185232944913537e+00
-4.106094364858137169e+00
1.007439325265687557e+01
8.589181196410635266e+00
1.026145135385296214e+01
9.322981818906910689e+00
9.883500132391205284e+00
-3.949262269223510202e+00
9.390044191847181310e+00
9.671968554237963644e+00
9.384342124020065512e+00
8.847691758166121190e+00
8.114496664996636355e+00
1.409208033580590325e+01
1.057027131050799085e+01
8.448950696485084677e+00
8.593016215480190567e+00
9.592240526212648888e+00
8.681019810971420725e+00
9.989871450794595376e+00
1.060357542348057791e+01
7.776005771329664640e+00
7.752642431471613804e+00
1.123282131555380658e+01
1.018803092298156798e+01
1.025585020758030907e+01
9.996330430280195856e+00
9.424609824250552492e+00
4.193492431022590949e+00
1.059429064047003521e+01
1.028390639972084841e+01
1.082292842210466688e+01
8.106826626857483120e+00
8.903097691565989180e+00
1.157570229683986440e+01
1.947987844233679766e+00
9.888344367005387880e+00
8.522774813574343966e+00
8.756912819927165970e+00
3.966469394259377168e+00
9.197889552150726900e+00
4.694567948928508372e+00
1.058828580797951702e+01
8.486039367750024098e+00
9.749879994282949269e+00
8.432349100776036721e+00
8.569198728627085870e+00
1.081631806028737230e+01
3.601537053323255577e+00
7.529000266782873041e+00
8.617439231660100063e+00
1.033694067659087068e+01
9.968476081248567766e+00
-3.872360044723137662e+00
4.732161227965747230e+00
8.953861233460585822e+00
6.170747526050348597e+00
9.480217600759360153e+00
9.023900792257521175e+00
9.685895728753763478e+00
9.417242550774801657e+00
5.928586256117782227e+00
9.091720076856248056e+00
8.974247387462014558e+00
9.429554980419226240e+00
9.394434279466310045e+00
8.584942491123200625e+00
9.564386177181006587e+00
3.562985019518606578e+00
9.781619823161378235e+00
9.994463381522621148e+00
9.961007886218339991e+00
9.205559590289865923e+00
8.988981934413516228e+00
9.829002492981487649e+00
9.398269298535865346e+00
9.967265022595000801e+00
9.816286377119226358e+00
8.857430688171731958e+00
9.620700404571053355e+00
8.083816512440037627e+00
9.903028453179672397e+00
8.734306391727585606e+00
7.943384169405590001e+00
1.022052766351845321e+01
8.128221996403510730e+00
9.615301101407311535e+00
9.110138260545653566e+00
8.693332240615845308e+00
9.120381798323577982e+00
8.478571172719810534e+00
9.396856396773401343e+00
9.238409556267399125e+00
8.904409671774004664e+00
-1.548590792448635511e+00
1.046006497303501703e+01
9.004523853800733946e+00
9.518164105237232775e+00
9.223675009315869033e+00
1.004860779549173344e+01
8.959310997401544796e+00
9.946626564707429452e+00
8.290251552092925635e+00
8.845471483967955351e+00
9.616915846278715208e+00
1.154265048775341995e+01
8.164503295232762525e+00
-1.551880835124117652e+01
9.415022276576650029e+00
8.992009581047398115e+00
6.669249544317509049e+00
8.013373267425279778e+00
9.181287956441664733e+00
-4.853065250211741954e+00
9.306077458534446123e+00
9.126689395477484368e+00
9.526086447262514412e+00
2.275579210018705112e+00
8.629499357418353611e+00
1.011940426594711084e+01
9.857411910562660751e+00
7.472282353174989566e+00
9.626352011620937787e+00
-6.801860466881123557e+00
9.708451696176126688e+00
8.486241210858949557e+00
9.754926072006071536e+00
9.828548345986405366e+00
8.919951591161222382e+00
9.341753228036907331e+00
7.842664458052098553e+00
8.774271327294712819e+00
9.626150168512026539e+00
1.053757272686216595e+01
1.015851136830129064e+01
9.121794700086070407e+00
1.015492865311789217e+01
5.958206732352508084e+00
8.936704569201992854e+00
9.735902358989918071e+00
9.504035087612493271e+00
1.031438470916849326e+01
9.364157813127576446e+00
9.298811106613143806e+00
1.037236414220717506e+01
8.694492838492166698e+00
1.106332356483414969e+01
1.131476961777728718e+01
8.724416079390280743e+00
9.685441581758695406e+00
7.488227958780058202e+00
9.940167585221857394e+00
9.275599149086801276e+00
7.533289432847539047e+00
9.525884604153617374e+00
9.033236036045281026e+00
9.823754572149439923e+00
7.946361355262226311e+00
8.971219740828132672e+00
1.001505137863297534e+01
7.903772459279082341e+00
8.709479689329839402e+00
9.300224008375636231e+00
1.019671017666532009e+01
7.831714469392935030e+00
9.204146688527387710e+00
9.327624210412182038e+00
1.351425397573130738e+01
8.993826169027713036e+00
8.313867195837147506e+00
9.476988111016552807e+00
9.259249857263867511e+00
7.351630634815165877e+00
9.519173320781860070e+00
9.752705797807891486e+00
1.081470331541596863e+01
6.128158630067204626e+00
9.330500474714341408e+00
8.207092191215892285e+00
9.624585884417854231e+00
1.044088987768715526e+01
9.831424610288593158e+00
9.178310770585028422e+00
1.073033289588539674e+01
9.314554869109301194e+00
1.004457093331322426e+01
1.000395000764210351e+01
8.827103761055795417e+00
9.059223336319362829e+00
8.970816054610281753e+00
9.573267273973712577e+00
7.512852818068893157e+00
8.643073306493562313e+00
5.396325977882952429e+00
9.022942037490111034e+00
1.005743843150719385e+01
8.449505765034629690e+00
8.935897196766291017e+00
9.993908312973090347e+00
8.678799536773254886e+00
1.003604306196115203e+01
8.140736269156846561e+00
1.611177294448513919e+01
8.231969354390898275e+00
7.218212339815863743e+00
8.145580503771043368e+00
1.008448540810310590e+01
1.310315002362862913e+01
8.881601400465498841e+00
7.724182553113195127e+00
8.876353479633465327e+00
7.756881136759034234e+00
8.537307517416948599e+00
9.991688038774910297e+00
9.765623756779092446e+00
8.244029480149137612e+00
7.907456096016971969e+00
9.851205234963217094e+00
9.430564195963853535e+00
1.332855831552045345e+01
8.910061278823889097e+00
9.573065430864787118e+00
9.024910007802148471e+00
9.945415506053876697e+00
9.509081165335615538e+00
8.750251997332640030e+00
9.425114432022866140e+00
8.258410801660033940e+00
1.254106742605016223e+01
9.824158258367290841e+00
8.838003288937727575e+00
9.890968327421418849e+00
1.033719298047701329e+01
9.306077458534446123e+00
6.978876873408225379e+00
9.501007440978625596e+00
8.712103649745870371e+00
6.726623448029386054e+00
9.831828296506429865e+00
8.620870564511847078e+00
9.662481928118495489e+00
-1.582374282804939014e+01
9.616259856174693255e+00
8.626118485343866382e+00
8.488865171274966315e+00
7.591975316767417326e+00
1.090992280205126974e+01
1.009240775012840174e+01
9.463060936500738762e+00
9.332317062694670540e+00
-1.985581123270918624e+00
8.537307517416934388e+00
9.118111063348194989e+00
1.117110778500001800e+01
9.816084534010300899e+00
9.215248059518273749e+00
8.371846628875815099e+00
9.652389772672250956e+00
1.036464364329079046e+01
8.199472613853970415e+00
9.529871005554866770e+00
9.301990135578705576e+00
9.454583525925912113e+00
1.049518567398793323e+01
3.305029526312637245e+00
9.950057897559162257e+00
9.411641404502134378e+00
1.006652137140881109e+01
7.914268300943177792e+00
8.339955417665677828e+00
7.364296289900195802e+00
7.977445194036647536e+00
7.887221324347251539e+00
1.051052575026622549e+01
2.985814649548018451e+00
1.061326389270897153e+01
1.359115620023167992e+01
7.937682101578459992e+00
8.286870680018452617e+00
9.598497662589309698e+00
8.201087358725374088e+00
9.493741089057323279e+00
1.014301990969131850e+01
7.840847870071769421e+00
1.013070748004689392e+01
7.575424181835600734e+00
9.783385950364476003e+00
6.170343839832526101e+00
8.521160068702954504e+00
7.643193005657096251e+00
1.024192303306449503e+01
1.124679895084682357e+01
7.992785270314939794e+00
8.356052405602440558e+00
9.525430457158520881e+00
9.812451358049656847e+00
8.371796168098569524e+00
7.147567251692166224e+00
9.220041833355224981e+00
1.046006497303501703e+01
8.962338644035440893e+00
9.648605214379912809e+00
7.980674683779454881e+00
9.723842233231650312e+00
9.379699732514779953e+00
9.842475520502219410e+00
9.222716254548487314e+00
1.109743505024243859e+01
7.986931820156115691e+00
1.047666656874407920e+01
9.959594984455861777e+00
1.145651394101973608e+01
8.513490030563801270e+00
-1.129766341429586873e+00
1.090790437096201515e+01
9.776725127769964274e+00
8.891289869693878245e+00
9.785959450003275606e+00
1.032669713881291784e+01
9.627966756492327249e+00
1.266580646736572646e+01
8.371594324989644065e+00
9.448780536544319375e+00
1.040319567709542525e+01
8.824328418308070354e+00
1.081303810976734781e+01
7.973408331858166775e+00
8.688488006001662711e+00
8.563950807795038145e+00
9.095353252816906320e+00
1.045501889531189477e+01
9.732117800697551502e+00
1.006576445975034062e+01
8.575910011998814753e+00
1.124170241234649836e+01
1.026574051991762815e+01
9.566808294488126307e+00
5.650648295128263499e+00
1.183628175046183628e+01
8.563345278468247557e+00
1.233377455318434102e+01
1.049180480191344600e+01
2.025899284278665391e+00
9.636847853285019028e+00
1.008953148582622816e+01
1.014180885103777996e+01
9.896216248253452363e+00
8.192206261932682310e+00
1.011032132604549361e+01
8.684249300714228070e+00
8.718158943013605722e+00
8.669514753762726400e+00
7.226689750390676181e+00
1.225066565308453903e+01
1.022153687906308051e+01
9.481479120190130061e+00
9.168016772029858430e+00
1.391955493845239289e+01
9.521393594980011699e+00
1.091037694904635202e+01
1.065787121978137009e+01
8.841283239457766285e+00
1.012439988289300175e+01
1.352722239547973970e+01
9.793831331251325878e+00
2.657769136767740292e-01
9.296944057855597521e+00
9.220243676464150440e+00
1.072407575950870751e+01
1.101634458123187699e+01
9.301636910138100234e+00
8.612796840154842926e+00
8.639036444315053132e+00
1.051501675943980274e+01
8.723205020736713777e+00
8.559913945616514752e+00
8.266888212234889011e+00
8.784565325849897022e+00
9.172406859648987165e+00
1.095861745207939464e+01
1.526731183752080767e+01
8.877009469737458858e+00
1.241193829711549768e+01
7.853513525156785136e+00
8.966577349322861323e+00
1.063117746862604918e+01
9.596479231500055107e+00
7.578653671578393869e+00
1.022673433911791108e+01
8.057627369057058786e+00
6.821792473887441588e+00
8.329055889783717248e+00
9.092527449291964103e+00
1.020655002822542201e+01
9.632205461779776101e+00
9.316926525639161127e+00
1.057309711403294727e+01
1.057753766242927895e+01
8.467116576288319152e+00
8.462423724005816439e+00
9.971100041664570313e+00
1.015881413296467883e+01
7.995812916948821680e+00
1.068774399990223856e+01
9.643104989661708260e+00
1.132349933223827065e+01
8.472515879452075183e+00
9.501612970305387762e+00
7.944342924172971721e+00
8.342781221190620045e+00
1.014624939943411164e+01
8.820442938461269478e+00
9.111904387748737122e+00
8.849306503037539073e+00
1.077635312472023088e+01
9.942034633979389469e+00
9.836622070343409519e+00
1.040455811808068631e+01
8.308013745678323403e+00
8.072916984558105469e+00
9.556312452824016646e+00
9.331106004041131996e+00
9.427738392438911319e+00
1.023682649456414140e+01
9.137942148800050290e+00
1.008731121162804811e+01
9.854586107037704323e+00
9.659656124593553272e+00
8.046879223506806511e+00
1.186983816732059438e+01
9.393626907030608209e+00
1.142860913121089084e+01
5.450672234960961759e+00
9.061847296735379587e+00
8.934534755781029958e+00
9.056195689685480943e+00
8.579694570291152900e+00
1.097572365556075624e+01
7.812135687827222341e+00
1.126370331121928814e+01
-7.215891144056740814e-03
9.083848195608183573e+00
9.411994629942768142e+00
1.389916878445099258e+01
1.041934312580943356e+01
4.291941407400685193e+00
4.973565586239871550e+00
1.084250720367036536e+01
9.565445853502879459e+00
7.930012063439320968e+00
9.048979798541424202e+00
1.472697783492901635e+01
9.976953491823394415e+00
8.054347418537020076e+00
9.017895959767002978e+00
1.126430884054606452e+01
9.124014974284250457e+00
1.154991683967472227e+01
7.477328430898111833e+00
1.039189246299565639e+01
9.948644995796684043e+00
1.513268248386793857e+00
9.432784470162019375e+00
1.005446124565054333e+01
1.125224871478781097e+01
9.771679050046827797e+00
9.319348642946252426e+00
9.474414611377767415e+00
8.334101967506853725e+00
8.856371011849873298e+00
9.181943946545658264e+00
8.115505880541249439e+00
9.186788181159855071e+00
9.182549475872448852e+00
3.551278119200958372e+00
7.151856417756818018e+00
9.057608591447959157e+00
8.194426536130848149e+00
9.067297060676352771e+00
9.349221423067135106e+00
9.903230296288597856e+00
1.039749360926830946e+01
1.097794392975892208e+01
9.603947426530282883e+00
9.632609147997627019e+00
9.293916411221715634e+00
1.019327884381361571e+01
1.320669553850706279e+01
1.017955351240669870e+01
9.666518790296990460e+00
8.323807968951683733e+00
1.021043550807222289e+01
9.037020594337619173e+00
8.734457774059293911e+00
1.029414993749880125e+01
9.924020136507877510e+00
8.036585224951636519e+00
9.759316159625171849e+00
2.091044147684172572e+00
8.895982721976380958e+00
9.291746597800781160e+00
7.623260998650792430e+00
1.220000303274441933e+01
9.380153879509876447e+00
8.969403152847817751e+00
2.341531445859885707e+00
9.622870217992002040e+00
8.702617023626402215e+00
1.031231581730203573e+01
9.464070152045380269e+00
1.022436268258802272e+01
3.665117632634562028e+00
9.331055543263900631e+00
1.010063285681709999e+01
1.126087750769434592e+01
8.446478118400747803e+00
8.362915071305877746e+00
8.292118600850486132e+00
9.226551273618042615e+00
9.842525981279464986e+00
9.790601841508532743e+00
1.088070601203439480e+01
7.929456994889775956e+00
7.345726723879124620e+00
7.588947670133563861e+00
1.255867823730386590e+01
5.112383184402929714e+00
1.134570207422001431e+01
9.138345835017901209e+00
9.017038126554069777e+00
1.069601956736815396e+01
8.759738623452122397e+00
8.140332582938995643e+00
1.039688807994153308e+01
8.058787966933365965e+00
3.436429390222727420e+00
9.068154893889285972e+00
9.192843474427604633e+00
8.429321454142154835e+00
1.000395000764208930e+01
9.527903035242857754e+00
1.100564689645888450e+01
9.731512271370789335e+00
1.138864419564376362e+01
9.102064536188663624e+00
8.554060495457704860e+00
9.676812788852160452e+00
9.873963045494491553e+00
9.776069137665942321e+00
1.005622737285362689e+01
8.395209968733865935e+00
8.992413267265249033e+00
7.049875186972528240e+00
9.182902701313054195e+00
-3.948858583005659284e+00
9.373846282355955850e+00
1.006551215586418380e+01
7.368585455964861808e+00
9.498787166780445546e+00
1.148033142787286920e+01
7.902359557516604127e+00
8.288687267998767538e+00
9.385401800341924172e+00
1.087263228767739065e+01
5.675828222966657677e+00
9.903482600174768891e+00
8.366598708043738952e+00
9.563376961636393503e+00
8.069485651706372664e+00
9.512512498187348342e+00
9.118767053452174309e+00
8.163342697356441136e+00
9.426174108344739011e+00
1.020074703884381506e+01
1.089761037240684516e+01
2.875759694406724520e+00
1.057693213310251679e+01
8.066659848181430448e+00
7.836205478566483862e+00
9.715364822656795241e+00
-7.231533985004887199e+00
1.115173084654321656e+01
8.162182099480105535e+00
9.270553071363664799e+00
7.903368773061231423e+00
9.062250982953230505e+00
1.094645640476666415e+01
8.417210867606669922e+00
9.495809980923795024e+00
1.056805103630979659e+01
8.544573869338250915e+00
6.998808880414543410e+00
1.047802900972932605e+01
9.563629265522550327e+00
1.081283626665840814e+01
7.778478349414001514e+00
4.947275521302401557e+00
1.030388886750442623e+01
9.938552840350453721e+00
1.895306792804291263e+00
8.885234576426128683e+00
7.744316403228452828e+00
6.932402497578280531e+00
9.623929894313832278e+00
9.483648933611078746e+00
8.817263909495707708e+00
9.619287502808575141e+00
8.969201309738878081e+00
1.017067241561402113e+01
1.088716499151998107e+01
1.120057687890303555e+01
9.687308630516255903e+00
8.712305492854781619e+00
8.625109269799253298e+00
1.058520770056841798e+01
9.719149380949147599e+00
9.213835157755795535e+00
1.013696461642356894e+01
8.502994188899720029e+00
9.779550931294892280e+00
5.058440613542785513e+00
3.937757212014815877e+00
7.603228070089983248e+00
1.048590089097739053e+01
8.587768294648157053e+00
8.067265377508221036e+00
9.906308403699711107e+00
9.215853588845035915e+00
1.134428917245752189e+01
9.043479573823219653e+00
8.168388775079549191e+00
9.165594654722752921e+00
8.831392927120433001e+00
1.030812757279184666e+01
9.888899435554918682e+00
5.540643800764215143e+00
7.600049041124407267e+00
9.073352353944102333e+00
9.977155334932319874e+00
9.933960909622399527e+00
1.015407081990494476e+01
1.004108913968427430e+01
6.782029381429268255e+00
9.893138140842353323e+00
8.208303249869445040e+00
1.003261172910941923e+01
9.107867525570256362e+00
8.897748849179478725e+00
1.016850260219307245e+01
7.472332813952235142e+00
1.128454361221577074e+01
9.966003503164216681e+00
8.998317178201304500e+00
1.042252215477499533e+01
7.173605012743450970e+00
1.003563937574330112e+01
8.541546222704369029e+00
1.063223714494789363e+01
9.328078357407250110e+00
7.754055333234077807e+00
8.465451370639698325e+00
1.029253519262739758e+01
9.613030366431914331e+00
1.065524725936535333e+01
8.970008682174565706e+00
9.474616454486692874e+00
1.016138763260347844e+01
8.506677825637595447e+00
9.440252665192247150e+00
1.149970836632965643e+01
9.058214120774721323e+00
1.066821567911375723e+01
9.467097798679233733e+00
9.212825942211168240e+00
1.003543753263437566e+01
9.482841561175391121e+00
1.073699371847990847e+01
3.794297222346472154e+00
1.146272061661917974e+01
8.897748849179478725e+00
-4.434846328519455483e+00
9.839851560086202653e+00
8.732893489965121603e+00
1.123509205052917537e+01
1.045905575749038974e+01
8.146993405533535793e+00
1.001323479065263200e+01
8.805557009178059502e+00
6.976606138432813964e+00
9.174677594624384369e+00
8.573639277023431760e+00
9.665307731643451916e+00
1.219899381719977782e+01
9.018249185207608321e+00
7.700768752477927137e+00
1.006611768519094596e+01
9.790046772958987731e+00
8.372199854316420442e+00
8.280008014315001219e+00
1.084598899729931532e+01
8.811612302445809064e+00
9.968072395030702637e+00
1.028067690997805528e+01
8.762110279981982330e+00
1.051133312270194153e+01
9.332922592021446917e+00
9.942186016311083563e+00
8.240850451183575842e+00
9.611011935342659740e+00
9.136529247037572077e+00
9.946626564707457874e+00
9.599708721242862453e+00
7.703745938334549237e+00
1.039608070750584545e+01
2.856180912841026043e+00
7.388769766857336663e+00
7.857348544226354647e+00
9.074159726379804169e+00
8.192004418823771061e+00
1.523945748848920800e+01
8.797079598603204431e+00
9.163778066742423789e+00
8.053540046101318239e+00
7.733265493014840786e+00
8.389760204792878540e+00
1.053414139401043315e+01
7.327207618635270592e+00
6.506563998524072190e+00
8.741774586757799170e+00
9.445752889910437489e+00
9.325656240100158811e+00
1.008650383919236049e+01
-1.767484597999914797e+01
8.154259757454823898e+00
7.549790107002138484e+00
8.770184004338986483e+00
8.184939910011394204e+00
1.037912588635616373e+01
-4.658034346213113963e+00
9.623122521878158864e+00
9.309054644391082434e+00
9.212825942211154029e+00
9.054580944814091481e+00
9.513925399949798134e+00
1.013393696978970127e+01
1.077034829222972689e+01
9.280039697483132954e+00
9.496365049473340036e+00
8.394200753189224429e+00
9.736760192202837061e+00
8.056769535844111374e+00
9.842475520502233621e+00
1.056704182076518350e+01
9.165998340940618050e+00
6.869427447593707825e+00
-2.619671249958344106e+00
8.465047684421861618e+00
9.632810991106538268e+00
8.450514980579256985e+00
-6.751853836644983176e+00
1.412382016468433221e+01
6.983922951131333434e+00
1.039708992305047275e+01
9.104436192718537768e+00
1.045804654194577665e+01
9.482488335734771567e+00
1.108108575841954746e+01
8.993826169027713036e+00
9.533100495297674115e+00
8.419229298695910302e+00
9.450546663747402931e+00
8.343538132849090516e+00
1.441134567334779604e+01
4.427428594266473283e+00
9.004725696909645194e+00
8.254777625699389887e+00
1.192267060108167698e+01
1.038376827786143508e+01
9.070526550419145906e+00
-1.095230985492548825e+01
8.800914617672788154e+00
8.423266160874391062e+00
2.486606180399647315e+00
7.936925189919975310e+00
1.160118498934161835e+01
9.010377303959543838e+00
8.319165577446412385e+00
1.010729367941161172e+01
8.778106346364282331e+00
1.117938335246593340e+01
1.184077275963541354e+01
9.854636567814949899e+00
-4.477233381393688205e+00
1.102638627590090437e+01
9.118161524125412143e+00
7.107198629907173881e+00
9.270502610586447645e+00
6.974789550452499043e+00
7.972600959422464939e+00
9.539357631674334925e+00
7.746940363644483796e+00
8.341519701759850136e+00
9.682464395902059096e+00
1.069556542037308589e+01
1.193760699114211832e+01
1.013716645953249440e+01
8.746820664480949858e+00
-2.682797682274582485e+00
9.723438547013799393e+00
9.461849877847200219e+00
1.537489421457763683e+00
9.640481029245691502e+00
1.033350934373913788e+01
9.634829422195792858e+00
9.332670288135304304e+00
1.055311464624935525e+01
9.713548234676480320e+00
3.575499292271928198e+00
8.456973960064857465e+00
8.863031834444399237e+00
6.771584000542389958e+00
9.428545764874584734e+00
1.003286403299559026e+01
7.554028812289558914e+00
9.184567906961689232e+00
9.648151067384816315e+00
9.392617691485966702e+00
8.242061509837128597e+00
1.012929457828442992e+01
9.717786939963900750e+00
1.035616623271593539e+01
-6.329396209665304696e+00
9.061241767408603209e+00
1.062759475344262228e+01
1.117655754894097697e+01
9.203137472982760414e+00
9.642650842666625977e+00
1.042655901695350451e+01
8.639440130532918261e+00
7.922190642968459429e+00
9.878050368450232099e+00
8.968393937303176244e+00
1.044411936742994840e+01
9.353258285245615866e+00
8.879986655594095168e+00
1.103996022497611307e+01
9.174828976956064253e+00
1.097935683152141451e+01
9.243455633990507181e+00
2.894531103536749583e+00
8.991454512497853102e+00
