1.325428005143611188e+01
1.392661944726476975e+01
1.756564885807080145e+01
1.501520979447369086e+01
1.362809348916492524e+01
1.341398841137288400e+01
1.364686489829493610e+01
1.220504911046752738e+01
1.383013844119869873e+01
1.475367158608432305e+01
1.535107672772463161e+01
1.463801548467039026e+01
1.389210427563862993e+01
1.381600942357394501e+01
1.220176915994751710e+01
2.069916220257456985e+01
1.367714136463365548e+01
1.344381073071654953e+01
1.353201616931670515e+01
1.375202515804477343e+01
2.218336504327618286e+01
1.199699932594324991e+01
1.245190323268262489e+01
1.377538849790282427e+01
1.367794873706935732e+01
1.312313249141219273e+01
1.402082971835544356e+01
1.290796773729830704e+01
1.335621082144317029e+01
1.353403460040594553e+01
1.317924487569329983e+01
1.506526688548706261e+01
1.333971014728855664e+01
1.344259967206298256e+01
1.263532815791806740e+01
1.336978477051835057e+01
1.332593435510443669e+01
1.269244975774380180e+01
1.287446178121678031e+01
1.373385927824155317e+01
1.310617767026251101e+01
1.404101402924793263e+01
1.356007236145725869e+01
1.294429949690477599e+01
1.406397368288813254e+01
1.331281455302431027e+01
1.327935905772001490e+01
1.245089401713799759e+01
1.295398796613316961e+01
1.298386074625403808e+01
1.367653583530689332e+01
1.368077454059429954e+01
1.408420845455785297e+01
1.383533590125351509e+01
1.420127745773424977e+01
1.402123340457329448e+01
1.398530533118467645e+01
1.404525273453535306e+01
1.394155583732521109e+01
1.376877813608552970e+01
1.436779802259725614e+01
1.360286310054931391e+01
1.378871014309186194e+01
1.450525317977506745e+01
1.369631645998151726e+01
1.421076408385371792e+01
1.303411968037633528e+01
1.347772037301591297e+01
1.350597840826539198e+01
1.364484646720568151e+01
1.393726667126055929e+01
1.329303392834968633e+01
1.323126993701868059e+01
1.353872745268844824e+01
1.356431106674467912e+01
1.360871655070813802e+01
1.354008989367368088e+01
1.389351717740109393e+01
1.430805246235549077e+01
1.364302987922536659e+01
1.358187141722113722e+01
1.242889311826519361e+01
1.440735927194651822e+01
1.371226206558658589e+01
1.632850198269318298e+01
1.230511283171702530e+01
1.355845761658585502e+01
1.086127861280037621e+01
1.262705259045216621e+01
1.286093829291881718e+01
1.352777746402928472e+01
1.291599100087807983e+01
1.321698953706224700e+01
1.422872812054804115e+01
1.345087523952889796e+01
1.305026712909032938e+01
1.383861585177352538e+01
1.246880759305507524e+01
1.677997455658085357e+01
1.380127487662244334e+01
1.388443423749947669e+01
1.381964259953460328e+01
1.354897099046638687e+01
1.301938513342483361e+01
1.352661686615294911e+01
1.374778645275735300e+01
1.371892288818111183e+01
1.388317271806870679e+01
1.368682983386206331e+01
1.392535792783398563e+01
1.480953166647927333e+01
1.344058124097374218e+01
1.637189825111204300e+01
1.433429206651572940e+01
1.463418046560080654e+01
1.293763867431026426e+01
1.362708427362029795e+01
1.366341603322676690e+01
1.397788759693169425e+01
1.471552323849752497e+01
1.395058831644959696e+01
1.318000178735177030e+01
1.522325957899796833e+01
1.339763911954997866e+01
1.413002684028379008e+01
1.313786703836370862e+01
1.462449199637242714e+01
1.415929409107788217e+01
1.352474981739540283e+01
1.325655078641150908e+01
1.771829270919521093e+01
1.426722969357544457e+01
1.356774239959639772e+01
1.348983095955139788e+01
1.354574150072359373e+01
1.342261720427943317e+01
1.412114574349109830e+01
1.343977386853804035e+01
1.351546503438486013e+01
1.248394582622444204e+01
1.384507483125914007e+01
1.309568182859840135e+01
1.257760102876557085e+01
1.470820642579899129e+01
1.492478408167536941e+01
1.303048650441569123e+01
1.345698099357389310e+01
1.360972576625276531e+01
1.359761517971728040e+01
1.410297986368786383e+01
1.429533634649322948e+01
1.595044983967696339e+01
1.422100762163165655e+01
1.535935229519056122e+01
1.289484793521819483e+01
1.437723418793947872e+01
1.363031376336309108e+01
1.322647616318171515e+01
1.339476285524780508e+01
1.204296909400088111e+01
1.423599447246932925e+01
1.342342457671513500e+01
1.498937387653131736e+01
1.335848155641855328e+01
1.366038838659289922e+01
1.386298840717621772e+01
1.398919081103147732e+01
1.512339770085739588e+01
1.349311091007143659e+01
1.481276115622208067e+01
1.396047862878691603e+01
1.472435387451299960e+01
2.247517971800428427e+01
1.340364395204049686e+01
1.312959147089779322e+01
1.344063170175097355e+01
1.485777216951231594e+01
1.327910675383387229e+01
1.373749245420218301e+01
1.397480948952058100e+01
1.317783197393083583e+01
1.329989659405312352e+01
1.446826543006459076e+01
1.315784950614725801e+01
1.388599852159364900e+01
1.295625870110858102e+01
1.348801437157106875e+01
1.447250413535201119e+01
1.400392535798299321e+01
1.300949482108750033e+01
1.344381073071653532e+01
1.335580713522530516e+01
1.393045446633435347e+01
1.320891581270524284e+01
1.360730364894567401e+01
1.383962506731816688e+01
1.383654695990705363e+01
1.365655336752332971e+01
1.394877172846926783e+01
1.466708089235557111e+01
1.320669553850709121e+01
1.349084017509602518e+01
1.347186692285708887e+01
1.350300122240875567e+01
1.382771632389159322e+01
1.378189793816565611e+01
1.323232961334052504e+01
1.385516698670538460e+01
1.456111326017001772e+01
1.322445773209246056e+01
1.356854977203209955e+01
1.757316751387826059e+01
1.563360661944217611e+01
1.348337198006581161e+01
1.340445132447619869e+01
1.430785061924656532e+01
1.363435062554158606e+01
1.393989063167657605e+01
1.416529892356840037e+01
1.312979331400670446e+01
1.366684736607849970e+01
1.394014293556273287e+01
1.344542547558793899e+01
1.493669282510192886e+01
1.356940760524503276e+01
1.329626341809247947e+01
1.417443232424724897e+01
1.388276903185084166e+01
1.385390546727458627e+01
1.368218744235677775e+01
1.382892738254514597e+01
1.507576272715114385e+01
1.387328240573138771e+01
1.424225160884599006e+01
1.181831771376752727e+01
1.370378465501173082e+01
1.277051258012049573e+01
1.556856267759114587e+01
1.423437972759792558e+01
1.327088164714517404e+01
1.306136850008120120e+01
1.291422487367498206e+01
1.204473522120397888e+01
1.467475093049472434e+01
1.322082455613181651e+01
1.336332579103276430e+01
1.285649774452247129e+01
1.383437714648611916e+01
1.297457596324350959e+01
1.236970262657297326e+01
1.377786107598714693e+01
1.364802549617124328e+01
1.509054773487987688e+01
1.397243783299070685e+01
1.278650864650278152e+01
1.352535534672217921e+01
1.346399504160902438e+01
1.391027015544185019e+01
1.358833039670672349e+01
1.326073903092169814e+01
1.386601605381008540e+01
2.277552226408442948e+01
1.417544153979186206e+01
1.428221654441311728e+01
1.335964215429487467e+01
1.453088725460851549e+01
1.237737266471212649e+01
1.397284151920855777e+01
1.273599740849434170e+01
1.346560978648042806e+01
1.376292468592671980e+01
1.323934366137567054e+01
1.438429869675185557e+01
1.368582061831742180e+01
1.338209720016276094e+01
1.375989703929283792e+01
1.260969408308461936e+01
1.353408506118317689e+01
1.519202435789185301e+01
1.444444794321145764e+01
1.530001042116664678e+01
1.296145616116339738e+01
1.295963957318306825e+01
1.290736220797153067e+01
1.328980443860687899e+01
1.400917327881504093e+01
1.451226722781021294e+01
1.344724206356826812e+01
1.456292984815034686e+01
1.395745098215303415e+01
1.478334252309628027e+01
1.499341073870979812e+01
1.362405662698643027e+01
1.379920598475597160e+01
1.299738423455201541e+01
1.398515394885296814e+01
1.290781635496661295e+01
1.348094986275872031e+01
1.379098087806727335e+01
1.289489839599542620e+01
1.363132297890771838e+01
1.453426812668301693e+01
1.253788839708460046e+01
1.353216755164838503e+01
1.325574341397582145e+01
1.362748795983814887e+01
1.360064282635114807e+01
1.380026566107783026e+01
1.409813562907365281e+01
1.275239716109449262e+01
1.329792862374110030e+01
1.585760200957153643e+01
1.386879139655779625e+01
1.331992952261391849e+01
1.208232850024123195e+01
1.289565530765388246e+01
1.482088534135628777e+01
1.517728981094033713e+01
1.340990108841717188e+01
1.311324217907487366e+01
1.248858821772971339e+01
1.359983545391544624e+01
1.395523070795486831e+01
1.327062934325901722e+01
1.321497110597299240e+01
1.426001380243137362e+01
1.344123723107774993e+01
1.392717451581431476e+01
1.318691491383245307e+01
1.852450454701826743e+01
1.330534635799409671e+01
1.404706932251566798e+01
1.334132489215996031e+01
1.430598357048901903e+01
1.400064540746295449e+01
1.409389692378624659e+01
1.327834984217540182e+01
1.269608293370446006e+01
1.835213053199645117e+01
1.319034624668415745e+01
1.899298240283285111e+01
9.981192197110814845e+00
1.291382118745713115e+01
1.300530657657731126e+01
1.399277352621489001e+01
1.420713090789307387e+01
1.481518327352917197e+01
1.337235827015713596e+01
1.411428307778764690e+01
1.368380218722818142e+01
1.233988030722932194e+01
1.383700110690213592e+01
1.432884230257475622e+01
1.462731779989736935e+01
1.317379511175234086e+01
1.271687277392371129e+01
1.352131848454367002e+01
1.413386185935334538e+01
1.354352122652541368e+01
1.382852369632729506e+01
1.240381411198127637e+01
1.311692581581274908e+01
1.280003213480074464e+01
1.392540838861121699e+01
1.616021529062709305e+01
1.961758590340078001e+01
1.385067597753177893e+01
1.404182140168362025e+01
1.332573251199551123e+01
1.672421539774036603e+01
1.370761967408131454e+01
1.334011383350639335e+01
1.297154831660962770e+01
1.368804089251560185e+01
1.371549155532937903e+01
1.754122584189090617e+01
1.356128342011081145e+01
1.311843963912969002e+01
1.397561686195628283e+01
1.253541581900027779e+01
1.335944031118594921e+01
1.368420587344603234e+01
1.443965416937449220e+01
1.362229049978333251e+01
1.334066890205595257e+01
1.326255561890202728e+01
1.371044547760625676e+01
1.462772148611522027e+01
1.183446516248152136e+01
1.364646121207708518e+01
1.511416337862409875e+01
1.446685252830211255e+01
1.337498223057316693e+01
1.334874262641294251e+01
1.479802660927056479e+01
1.331044289649445034e+01
1.398025925346153997e+01
1.410520013788602967e+01
1.339294626726749016e+01
1.436759617948833068e+01
1.421459910292328743e+01
1.373042794538982037e+01
1.371044547760625676e+01
1.329449729088938170e+01
1.336070183061674754e+01
1.334874262641292830e+01
1.368743536318882548e+01
1.343190198728997586e+01
1.360730364894565980e+01
1.402910528582135896e+01
1.424124239330137698e+01
1.094786930652914236e+01
1.450318428790858150e+01
1.354957651979316324e+01
1.399787006471524364e+01
1.428685893591838862e+01
1.346742637446075719e+01
1.379839861232026976e+01
1.410237433436107324e+01
1.364782365306231782e+01
1.333804494163992160e+01
1.370661045853668725e+01
1.390961416533784245e+01
1.375802999053529163e+01
1.357904561369619501e+01
1.511774609380751144e+01
1.764946420905184254e+01
1.349548256660129653e+01
1.302826623021751118e+01
1.397198368599562457e+01
1.659266415149859597e+01
1.330055258415713126e+01
1.357500875151770003e+01
1.323172408401376288e+01
1.293809282130534655e+01
1.570627013865514243e+01
1.289065969070800577e+01
1.864621594169996399e+01
1.440730881116928686e+01
1.361638658884727704e+01
1.443521362097814631e+01
1.342887434065610819e+01
1.382206471684169458e+01
1.423882027599427147e+01
1.379360483848329011e+01
1.278287547054213746e+01
1.543640590202261365e+01
1.295701561276705149e+01
1.423195761029082007e+01
1.452679993165280337e+01
1.318509832585212393e+01
1.319897503959069240e+01
1.346076555186621704e+01
1.455041557539699681e+01
1.592971046023494353e+01
1.367431556110871327e+01
1.362910270470953833e+01
1.449995479816578836e+01
1.311626982570874134e+01
1.398717237994222273e+01
1.335883478185917284e+01
1.292714283264616881e+01
1.428014765254664553e+01
1.329020812482472991e+01
1.623176867274095514e+01
1.445655852974694255e+01
1.339844649198568050e+01
1.319478679508050334e+01
1.519707043561497528e+01
1.296004325940091917e+01
1.360044098324220840e+01
1.328682725275024268e+01
1.381035781652406058e+01
1.389109506009400263e+01
1.427187208508071592e+01
1.578231452994256756e+01
1.346540794337150260e+01
1.421964518064640970e+01
1.422610416013201018e+01
1.355058573533779054e+01
1.758240183611155771e+01
1.361396447154018574e+01
1.328516204710160764e+01
1.723730058062731985e+01
2.169374412180174261e+01
1.394720744437510973e+01
1.274432343673748846e+01
1.384467114504128915e+01
1.339173520861392319e+01
1.422973733609266844e+01
1.300747638999825995e+01
1.235214227609651516e+01
1.445030139337028174e+01
1.247405551388712297e+01
1.387070890609258811e+01
1.490808156441183030e+01
1.446463225410394671e+01
1.378149425194780520e+01
1.363838748772009524e+01
1.303856022877268117e+01
1.365816811239471917e+01
1.347671115747128567e+01
1.356996267379457777e+01
1.547884341567406352e+01
1.312071037410510144e+01
1.292578039166093617e+01
1.489612236020803948e+01
1.378245300671520113e+01
1.336171104616136063e+01
1.311243480663918604e+01
1.372477633833992172e+01
1.379320115226545340e+01
1.428766630835409046e+01
1.384562989980867087e+01
1.237999662512814325e+01
1.345693053279664753e+01
2.276457227542526596e+01
1.412417339012495177e+01
1.269527556126875822e+01
1.344199414273620619e+01
1.319397942264481571e+01
1.393933556312704525e+01
1.321961349747826375e+01
1.407774947507225249e+01
1.254495290589697731e+01
1.383478083270397008e+01
1.348337198006581161e+01
1.374839198208412938e+01
1.385254302628935363e+01
1.354412675585219006e+01
1.320205314700180566e+01
1.431148379520722358e+01
1.306601089158645834e+01
1.343028724241857219e+01
1.341494716614027993e+01
1.392979847623033152e+01
1.221872398109718461e+01
1.380061888651843560e+01
1.290620161009522349e+01
1.368420587344603234e+01
1.388403055128162578e+01
1.314129837121542721e+01
1.273887367279651528e+01
1.395583623728164469e+01
1.303956944431729426e+01
1.393464271084452832e+01
1.381035781652406058e+01
1.597123967989621462e+01
1.277661833416546244e+01
1.364282803611644113e+01
1.528219776680403186e+01
1.315260158531521029e+01
1.459845423532111397e+01
1.396633207894574014e+01
1.335600897833423062e+01
1.388519114915794717e+01
1.456131510327894318e+01
1.334899493029908513e+01
1.426606909569913739e+01
1.405398244899635074e+01
1.485540051298244180e+01
1.447921541872375428e+01
1.271162485309166357e+01
1.288601729920273442e+01
1.321815013493855417e+01
1.342408056681912853e+01
1.373305190580583712e+01
1.342725959578469030e+01
1.350295076163152430e+01
1.345026971020213580e+01
1.337684927933072743e+01
1.412296233147141322e+01
1.385698357468569952e+01
1.319937872580855753e+01
1.596886802336635469e+01
1.340510731458019222e+01
1.296751145443113273e+01
1.307716272335456154e+01
1.349043648887818847e+01
1.458432521769638868e+01
1.314144975354712130e+01
1.329767631985494347e+01
1.301151325217675492e+01
1.445600346119739754e+01
1.288662282852951080e+01
1.383922138110030176e+01
1.544291534228544549e+01
1.277439805996728239e+01
1.371044547760625676e+01
1.276026904234255710e+01
1.584306930572894601e+01
1.359721149349942948e+01
1.518697828016874496e+01
1.330741524986056845e+01
1.376877813608554391e+01
1.246159170191101850e+01
1.286901201727580712e+01
1.348942727333356117e+01
1.348559225426397745e+01
1.338895986586621234e+01
1.295318059369746777e+01
1.341514900924921960e+01
1.386969969054796081e+01
1.319049762901586575e+01
1.353993851134200099e+01
1.407134095636388338e+01
1.308720441802357470e+01
1.310193896497507637e+01
1.354513597139680314e+01
1.361154235423308023e+01
1.262422678692720979e+01
1.364888332938417648e+01
1.364302987922535237e+01
1.249323060923497053e+01
1.346399504160902438e+01
1.366881533639050872e+01
1.423962764842997331e+01
1.403783500028237086e+01
1.369490355821905325e+01
1.327506989165537732e+01
1.600297950877464359e+01
1.133172443892696890e+01
1.281653280895535829e+01
1.213117453260103673e+01
1.352858483646497234e+01
1.303391783726740982e+01
1.354836546113961049e+01
1.323838490660827460e+01
1.297074094417392587e+01
1.346318766917332255e+01
1.254576027833266494e+01
1.384991906587333688e+01
1.333420992257035209e+01
1.546365472172746536e+01
1.330398391700884986e+01
1.311990300166939960e+01
1.352091479832583332e+01
1.422428757215168105e+01
1.338386332736585871e+01
1.345814159145020028e+01
1.313564676416554278e+01
1.358752302427103587e+01
1.439343209743070418e+01
1.337220688782545608e+01
2.432189278233491336e+01
1.426082117486708967e+01
1.577994287341269342e+01
1.402163709079114540e+01
1.273559372227649078e+01
1.285412608799261136e+01
1.435321485797742014e+01
1.450923958117633106e+01
1.380611911123664015e+01
1.429755662069139532e+01
1.429397390550798264e+01
1.321799875260687429e+01
1.338774880721267380e+01
1.469851795657059768e+01
1.403879375504975258e+01
1.229724095046894661e+01
1.194709361726158647e+01
1.353383275729703428e+01
1.388620036470256025e+01
1.337200504471651641e+01
1.898672526645619030e+01
1.501763191178078216e+01
1.391506392927881564e+01
1.336630297688940061e+01
1.344164091729558663e+01
1.323576094619225785e+01
1.391491254694712154e+01
1.411751256753044004e+01
1.369712383241721909e+01
1.382186287373276912e+01
1.405110618469416295e+01
1.342186029262096270e+01
1.397546547962457453e+01
1.396128600122261787e+01
1.347005033487677395e+01
1.347610562814450930e+01
1.321895750737425601e+01
1.379032488796326561e+01
1.378951751552757798e+01
1.361154235423309444e+01
1.335262810625974339e+01
1.515872024491926595e+01
1.343820958444388225e+01
1.253158079993069407e+01
1.402148570845943709e+01
1.343876465299342726e+01
1.321860428193363646e+01
1.487841062739987308e+01
1.238060215445491963e+01
1.422570047391415926e+01
2.230608565350247829e+01
1.357056820312135414e+01
1.338245042560339471e+01
1.356673318405177042e+01
1.402123340457329448e+01
1.547440286727770342e+01
1.619745534422374078e+01
1.571515123544782000e+01
1.130528299165780481e+01
1.297013541484714949e+01
1.377195716505110568e+01
1.333764125542207069e+01
1.347999110799132438e+01
1.443925048315665549e+01
1.354559011839189964e+01
1.410398907923247691e+01
1.412215495903572560e+01
1.379118272117619881e+01
1.330559866188025353e+01
1.560877991704441570e+01
1.412815979152622958e+01
1.287693435930110297e+01
1.341837849899201274e+01
1.531938735962343401e+01
1.318671307072351340e+01
1.363858933082900649e+01
1.358086220167650993e+01
1.653862065908396062e+01
1.328596941953732369e+01
1.253198448614855920e+01
1.327607910719999040e+01
1.412094390038217284e+01
1.340768081421899183e+01
1.356027420456616994e+01
1.346566024725764521e+01
1.530258392080543217e+01
1.384199672384802682e+01
1.319498863818944301e+01
1.315779904537004086e+01
1.441497884930844009e+01
1.676680429372349579e+01
1.405514304687265792e+01
1.320508079363567333e+01
1.436068305300764791e+01
1.366805842473203825e+01
1.368254066779739730e+01
1.367249897312838414e+01
1.561120203435153542e+01
1.309749841657874470e+01
1.375707123576789570e+01
1.300323768471082531e+01
1.424104055019245152e+01
2.249536402889677333e+01
1.295600639722242420e+01
2.065616962037356075e+01
1.293521655700315875e+01
1.334919677340802480e+01
1.279801370371149005e+01
1.329444683011216455e+01
1.407129049558665201e+01
1.343351673216136533e+01
1.876126651378712040e+01
1.423498525692470196e+01
1.310577398404466010e+01
1.352096525910306468e+01
1.365049807425558015e+01
1.416191805149391314e+01
1.352535534672217921e+01
1.352374060185078974e+01
1.311526061016412825e+01
1.328965305627519911e+01
1.240139199467417086e+01
1.188734805701983532e+01
1.301393536948384622e+01
1.436012798445810290e+01
1.536717371566139434e+01
1.297195200282747862e+01
1.371145469315088405e+01
1.350355629095830068e+01
1.505618394558543116e+01
1.316047346656328898e+01
1.826135159375751016e+01
1.378855876076018205e+01
1.369066485293161861e+01
1.306964406754711661e+01
1.375485096156972986e+01
1.424240299117768416e+01
1.360286310054931391e+01
1.356875161514102501e+01
1.359458753308339851e+01
1.409147480647914108e+01
1.486791478573579184e+01
1.361840501993653163e+01
1.277656787338824529e+01
1.362910270470953833e+01
1.378028319329425244e+01
1.349467519416559469e+01
1.505275261273371257e+01
1.093919005284537604e+01
1.331609450354433477e+01
1.268296313162433364e+01
1.336817002564696111e+01
1.404828038116922073e+01
1.367148975758375684e+01
1.428438635783405175e+01
2.243738459585809153e+01
1.643527698731443820e+01
1.251805731163273094e+01
1.269386265950626580e+01
1.623060807486466217e+01
1.303538119980711940e+01
1.373890535596466123e+01
1.326785400051130637e+01
1.418351526414886621e+01
1.285750696006708438e+01
1.309225049574668276e+01
1.369127038225840920e+01
1.446165506824731040e+01
1.325670216874321738e+01
1.430805246235549077e+01
1.345087523952891218e+01
1.359055067090490354e+01
1.283434546331797321e+01
1.380107303351351788e+01
1.308094728164689968e+01
1.389957247066882928e+01
1.336110551683458425e+01
1.430457066872655503e+01
1.280381669309308279e+01
1.355845761658585502e+01
1.332008090494561259e+01
1.287668205541494615e+01
1.332795278619367707e+01
1.415243142537443077e+01
1.379597649501316425e+01
1.566469045821661155e+01
1.301413721259278589e+01
1.348357382317473707e+01
1.642997860570515911e+01
1.275557619006005439e+01
1.334152673526887156e+01
1.464144681752210886e+01
1.441058876168932557e+01
1.329464867322109001e+01
1.289868295428776435e+01
1.340949740219932096e+01
1.282364777854495230e+01
1.309305786818239881e+01
1.263956686320550205e+01
1.364388771243828558e+01
1.166027455947937597e+01
1.659796253310786085e+01
1.350501965349799605e+01
1.398071340045662225e+01
2.134506015113407784e+01
1.380510989569201286e+01
1.412720103675883365e+01
1.460753717522273121e+01
1.414617428899776996e+01
1.386621789691901085e+01
1.313524307794769186e+01
1.338023015140521466e+01
1.279251347899328550e+01
1.512985668034301057e+01
1.328339591989850987e+01
1.374657539410380025e+01
1.495102368583559382e+01
1.413184342826410500e+01
1.241748898261093359e+01
1.386399762272084502e+01
1.373325374891476258e+01
1.373365743513262771e+01
1.430240085530559213e+01
1.366220497457321414e+01
1.368738490241159411e+01
1.422933364987481752e+01
1.405837253661546526e+01
1.380349515082062339e+01
1.353060326755421272e+01
1.479605863895854156e+01
1.378351268303705979e+01
1.384911169343763504e+01
1.343230567350782678e+01
1.432798446936182302e+01
1.372094131927035221e+01
1.278403606841844464e+01
1.358227510343898814e+01
1.362203819589717568e+01
1.318267620854503264e+01
1.349326229240313069e+01
1.320952134203203343e+01
1.348301875462519206e+01
1.192918004134449461e+01
1.424931611765836692e+01
1.405756516417976343e+01
1.413285264380873230e+01
1.372578555388454902e+01
1.238201505621738363e+01
1.242076893313097230e+01
1.382221609917338867e+01
1.157918409046882857e+01
1.390577914626828715e+01
1.277273285431866157e+01
1.423034286541943061e+01
1.319619969684298155e+01
1.425456403849041465e+01
1.455182847715947503e+01
1.342831927210656318e+01
1.414254111303712591e+01
1.414355032858175321e+01
1.394029431789442697e+01
1.417241389315799438e+01
1.333481545189711426e+01
1.174953967440139024e+01
1.319397942264481571e+01
1.354856730424853595e+01
1.352782792480650187e+01
1.548853188490245714e+01
1.569012268994114834e+01
1.309003022154851692e+01
1.330615373042979854e+01
1.306580904847754709e+01
1.371286759491336227e+01
1.391223812575388763e+01
1.344461810315225136e+01
1.369793120485292093e+01
1.359943176769759532e+01
1.306283186262089657e+01
1.289827926806992764e+01
1.315719351604326448e+01
1.384446930193236369e+01
1.330358023079099894e+01
1.359660596417263889e+01
1.331967721872776167e+01
1.353766777636658958e+01
1.478314067998735482e+01
1.365069991736450561e+01
1.371730814330970816e+01
1.277924229458149341e+01
1.611535565966856609e+01
1.359236725888521846e+01
1.372452403445377911e+01
1.314836288002778986e+01
1.841233023923328460e+01
1.388463608060840215e+01
1.393691344581993974e+01
1.398833297781854412e+01
1.422267282728029159e+01
1.410520013788602967e+01
1.376110809794640488e+01
1.363778195839331886e+01
1.279740817438471367e+01
1.382771632389159322e+01
1.297901651163984127e+01
1.310113159253938875e+01
1.320265867632858203e+01
1.387938815977634022e+01
1.352374060185077553e+01
1.400876959259719001e+01
1.389795772579743982e+01
1.331725510142065616e+01
1.338532668990556829e+01
1.359801886593511711e+01
1.339799234499061242e+01
1.458291231593389625e+01
1.253642503454490509e+01
1.345107708263783763e+01
1.248429905166504739e+01
1.347449088327311983e+01
1.254126926915910190e+01
1.380813754232589474e+01
1.439403762675748055e+01
1.415969777729573309e+01
1.514317832553203402e+01
1.338689097399972638e+01
1.514822440325517050e+01
1.386985107287965491e+01
1.309770025968767015e+01
1.430240085530560634e+01
1.346177476741085854e+01
1.248475319866012967e+01
1.303795469944590479e+01
1.270900089267564681e+01
1.403334399110877939e+01
1.417786365709898178e+01
1.362809348916492524e+01
1.279922476236504281e+01
1.350355629095828647e+01
1.353322722797025790e+01
1.361012945247061623e+01
1.598213920777816099e+01
2.354631063629119581e+01
1.374879566830198030e+01
1.355341153886273275e+01
1.360589074718319580e+01
1.317238220998986264e+01
1.371791367263648453e+01
1.412921946784808824e+01
1.285089659824980401e+01
1.395139568888529880e+01
1.900302409750185006e+01
1.409450245311300876e+01
1.368117822681215046e+01
1.792750309159580979e+01
1.809099600982494849e+01
1.409228217891484292e+01
1.332295716924780038e+01
1.330499313255347715e+01
1.327209270579872680e+01
1.344401257382546078e+01
1.398066293967940510e+01
1.409167664958805233e+01
1.308074543853797422e+01
1.336468823201801115e+01
1.512581981816450138e+01
1.340833680432299957e+01
1.293683130187456243e+01
1.380450436636523648e+01
1.499457133658613373e+01
1.280770217293989788e+01
1.382953291187192235e+01
1.375606202022326841e+01
1.339577207079243237e+01
1.427232623207579820e+01
1.481558695974702289e+01
1.346424734549518121e+01
1.350981342733496149e+01
2.005614051831723543e+01
1.309447076994486281e+01
1.385935523121555946e+01
1.368622430453527272e+01
1.400125093678973087e+01
1.510785578147020658e+01
1.345329735683600347e+01
1.343977386853805456e+01
1.490222811425300620e+01
1.370681230164561271e+01
1.440428116453541918e+01
1.296614901344590010e+01
1.319236467777342625e+01
1.341822711666031864e+01
1.617086251462288260e+01
1.383230825461963320e+01
1.448925711339276745e+01
1.379340299537437886e+01
1.332800324697090844e+01
1.465113528675050247e+01
1.599768112716537871e+01
1.315986793723651260e+01
1.408481398388461514e+01
1.371200976170042907e+01
1.345248998440031585e+01
1.393408764229498331e+01
1.422166361173566429e+01
1.360952392314382564e+01
1.304118418918869793e+01
1.258083051850836398e+01
1.389694851025282674e+01
1.322844413349373838e+01
1.374960304073768214e+01
1.425133454874760730e+01
1.502247614639497897e+01
1.349124386131387610e+01
1.398717237994222273e+01
1.491993984706117260e+01
1.304522105136720711e+01
1.362022160791684655e+01
1.318368542408964572e+01
1.354553965761466827e+01
1.502187061706820259e+01
1.297518149257028597e+01
1.357662349638908950e+01
1.444747558984533953e+01
1.337982646518736374e+01
1.736224146505179533e+01
1.364706674140386156e+01
1.303311046483172220e+01
1.308780994735035108e+01
1.410499829477709000e+01
1.414839456319593580e+01
1.353302538486131823e+01
1.214389064846331223e+01
1.479626048206745281e+01
1.333703572609529431e+01
1.418452447969349350e+01
1.488850278284611761e+01
1.572483970467621361e+01
1.368138006992107591e+01
1.331907168940098529e+01
1.246845436761445569e+01
1.356067789078402086e+01
1.330035074104820580e+01
1.401780207172157589e+01
1.576520832646117753e+01
1.348700515602645567e+01
1.346808236456475072e+01
1.820301893527825143e+01
1.395603808039057014e+01
1.391107752787755203e+01
1.318550201206997485e+01
1.542389162926927781e+01
1.356814608581424864e+01
1.394433118007293615e+01
1.285972723426527864e+01
1.452841467652419283e+01
1.284524499119991958e+01
1.414637613210669542e+01
1.528562909965575045e+01
1.311182927731239545e+01
1.421762674955716932e+01
1.316430848563285849e+01
1.396512102029218738e+01
1.427737230979892047e+01
1.298567733423438142e+01
1.356935714446780139e+01
1.441618990796197863e+01
1.477547064184821579e+01
1.380026566107781605e+01
1.355643918549660043e+01
1.331084658271230126e+01
2.284576366599030450e+01
1.308780994735035108e+01
1.332336085546563709e+01
1.475306605675754668e+01
1.416454201190992990e+01
1.372674430865194495e+01
2.324354597290393087e+01
1.385234118318042817e+01
1.335298133170036294e+01
1.335706865465608928e+01
1.368339850101033051e+01
1.420814012343770116e+01
1.082883233304070814e+01
1.363051560647201654e+01
1.235638098138393559e+01
1.365998470037504831e+01
1.347878004933777163e+01
1.398651638983822920e+01
1.318792412937706615e+01
1.342604853713115176e+01
1.429432713094860219e+01
1.417665259844541481e+01
1.321941165436933829e+01
1.336953246663219375e+01
1.402264630633577269e+01
1.329162102658720812e+01
1.332391592401518210e+01
1.507919406000286244e+01
1.327915721461110365e+01
1.340450178525343006e+01
1.297381905158503912e+01
1.392495424161613471e+01
1.469306819262963870e+01
1.310234265119294150e+01
1.672805041680993554e+01
1.372114316237927767e+01
1.396088231500476695e+01
1.326906505916484491e+01
1.534194332704576880e+01
1.422428757215168105e+01
1.542919001087854269e+01
1.360568890407427034e+01
1.360952392314383985e+01
1.408683241497386973e+01
1.386727757324086951e+01
1.362420800931811016e+01
1.268033917120831688e+01
7.833581518150467105e+00
1.451186354159236203e+01
1.380006381796889059e+01
1.431854830401958623e+01
1.360367047298501575e+01
1.376171362727316705e+01
1.257699549943880868e+01
1.320407157809104604e+01
1.517602829150956723e+01
1.354432859896111552e+01
1.396274936376231324e+01
1.345935265010375304e+01
1.403844052960914723e+01
1.439131274478698685e+01
1.368238928546571742e+01
1.363677274284869156e+01
1.366846211094988917e+01
1.359478937619232397e+01
1.374374959057887224e+01
1.389896694134206712e+01
1.620174451028839258e+01
1.376696154810521477e+01
1.332073689504962033e+01
1.337220688782545608e+01
1.373946042451422045e+01
1.346061416953453715e+01
1.375540603011927487e+01
1.510402076240062286e+01
1.362446031320428119e+01
1.300061372429480855e+01
1.294455180079094703e+01
1.300000819496803217e+01
1.463095097585801341e+01
1.379057719184942243e+01
1.395724913904410869e+01
1.402607763918749129e+01
1.419562585068436533e+01
2.030360016985909510e+01
1.389992569610946305e+01
1.424038456008844378e+01
1.420733275100199933e+01
1.375626386333220808e+01
1.437526621762746970e+01
1.461621642890651174e+01
1.302791300477690584e+01
1.356733871337854680e+01
1.946019873921662224e+01
1.438308763809830282e+01
1.395704729593519744e+01
1.386647020080516768e+01
1.212385771990251726e+01
1.387590636614740447e+01
1.483799154483767779e+01
1.388685635480658220e+01
1.387232365096399178e+01
1.388302133573699848e+01
1.360044098324220840e+01
1.380127487662244334e+01
1.403722947095558027e+01
2.259184503496283014e+01
1.369591277376366634e+01
1.356532028228929221e+01
1.624635183736077693e+01
1.426001380243138783e+01
1.381883522709890144e+01
2.233192157144485179e+01
1.419643322312006717e+01
1.361457000086696212e+01
1.375222700115371310e+01
1.731662492243476947e+01
1.380450436636523648e+01
1.309729657346981924e+01
1.379219193672081190e+01
1.456252616193249594e+01
1.316430848563287270e+01
2.128001620928303339e+01
1.312595829493714916e+01
1.300364137092869043e+01
1.299233815682889315e+01
1.354599380460975055e+01
1.271707461703263675e+01
1.337639513233564514e+01
1.464407077793812562e+01
1.359680780728157856e+01
1.262155236573394745e+01
1.364202066368073929e+01
1.381600942357395922e+01
1.360689996272780888e+01
9.752503954698966027e+00
1.567720473096996159e+01
1.356214125332373044e+01
1.280205056588999923e+01
1.331306685691048131e+01
1.331846616007420891e+01
1.326422082455066231e+01
1.451327644335484024e+01
1.317076746511844476e+01
1.307650673325055379e+01
1.262705259045215200e+01
1.288500808365810713e+01
1.351607056371162230e+01
1.360528521785641942e+01
1.487316270656783956e+01
1.349245491996742885e+01
1.441941939770478598e+01
1.345067339641998672e+01
1.339072599306931011e+01
1.353428690429210235e+01
1.456091141706110648e+01
1.388584713926194070e+01
1.410338354990570053e+01
1.319438310886265242e+01
1.472581723705269496e+01
1.303068834752461669e+01
1.342665406645792814e+01
1.329101549726043174e+01
1.418815765565413756e+01
1.320361743109597796e+01
1.346581162958935352e+01
1.156909193502258404e+01
1.454642917399573321e+01
1.451433611967669890e+01
1.447755021307514767e+01
1.370999133061118869e+01
1.439237242110884551e+01
1.362647874429352157e+01
1.396032724645522194e+01
1.328783646829486997e+01
8.424073533310107109e+00
1.373385927824155317e+01
1.382650526523804047e+01
1.008266882012279098e+01
1.352903898346006883e+01
1.352232770008829732e+01
1.334874262641294251e+01
1.369147222536732045e+01
1.402991265825706080e+01
1.257154573549783549e+01
1.358873408292457441e+01
1.318227252232718172e+01
1.373824936586065348e+01
1.350562518282477242e+01
1.282218441600524272e+01
1.419113484151077387e+01
1.418896502808983939e+01
1.505759684734790937e+01
1.356431106674467912e+01
1.412074205727324738e+01
1.372740029875595269e+01
1.312676566737283679e+01
1.249479489332914284e+01
1.353080511066315239e+01
1.320871396959631738e+01
1.441114383023885637e+01
9.086472156024214542e+00
1.359519306241017489e+01
1.438147289322689915e+01
1.440307010588186643e+01
1.328723093896809360e+01
1.136543223811740688e+01
1.372861135740949123e+01
1.460854639076735850e+01
1.324020149458860374e+01
1.464851132633447151e+01
1.402870159960350804e+01
1.347529825570882167e+01
1.332255348302993525e+01
1.377079656717478429e+01
1.427474834938288950e+01
1.296952988552038732e+01
1.293582208632993513e+01
1.285675004840862812e+01
1.352474981739540283e+01
1.293683130187456243e+01
1.390421486217411484e+01
1.263815396144302383e+01
1.338088614150922240e+01
1.504326598661424441e+01
1.299072341195750369e+01
1.553692377026719385e+01
1.170634524909148411e+01
1.333547144200112200e+01
1.364666305518601064e+01
1.354231016787187514e+01
1.299839345009664271e+01
1.330358023079099894e+01
1.335197211615573565e+01
1.311606798259983009e+01
1.364989254492880377e+01
1.632830013958425752e+01
1.328238670435389679e+01
1.434473744740257928e+01
1.380571542501878923e+01
2.709395557953151012e+01
1.313605045038339370e+01
1.416070699284036039e+01
1.425718799890644561e+01
1.504266045728746803e+01
1.367915979572291008e+01
1.348619778359075383e+01
1.369752751863507001e+01
1.338628544467296422e+01
1.504694962335211983e+01
1.344244828973130268e+01
1.296635085655481134e+01
1.305773532412054294e+01
1.307226802796313336e+01
1.379940782786488285e+01
1.446160460747006482e+01
1.395487748251424875e+01
1.385577251603214677e+01
1.461056482185661309e+01
1.272575387071640307e+01
1.412942131095701370e+01
1.408340108212213693e+01
1.359095435712275446e+01
1.555029587623346288e+01
1.353347953185641472e+01
1.352999773822745055e+01
1.330438760322670078e+01
1.311404955151057550e+01
1.395139568888528459e+01
1.411549413644119966e+01
1.369066485293163282e+01
1.448885342717491653e+01
1.389836141201529074e+01
1.519989623913991750e+01
1.368642614764419818e+01
1.096542965700560046e+01
1.495284027381592296e+01
1.389932016678268667e+01
1.444631499196900393e+01
1.460450952858886353e+01
1.413648581976937635e+01
1.276768677659553930e+01
1.391430701762034516e+01
1.381757370766811732e+01
1.399605347673491451e+01
1.399156246756133726e+01
1.531752031086587351e+01
1.339839603120844913e+01
1.417766181399004211e+01
1.327184040191256997e+01
1.277394391297221432e+01
1.257235310793352312e+01
1.406826284895277013e+01
1.367613214908904240e+01
1.420687860400691704e+01
1.385456145737859401e+01
1.535445759979911884e+01
1.304224386551057080e+01
1.232817340691168795e+01
1.336448638890907148e+01
1.325145424791115545e+01
1.440307010588186643e+01
1.340853864743192503e+01
1.344608146569194673e+01
1.308074543853797422e+01
1.268619262136712678e+01
1.351869452412765327e+01
1.451973542284042651e+01
1.358187141722113722e+01
1.303472520970311166e+01
1.340949740219932096e+01
1.297457596324350959e+01
1.967546441488497067e+01
1.391289411585788116e+01
1.313645413660123040e+01
1.360331724754441041e+01
1.334919677340801059e+01
1.289464609210926938e+01
1.292451887223015206e+01
1.144278860961286171e+01
1.379865091620642659e+01
1.404989512604062440e+01
1.332593435510443669e+01
1.393423902462667741e+01
1.344527409325624490e+01
1.534865461041754031e+01
1.403960112748544020e+01
1.410984252939128680e+01
1.417402863802941226e+01
1.370918395817547264e+01
1.325372498288656686e+01
1.210029253693554097e+01
1.405574857619943430e+01
1.265026454797850874e+01
1.320790659716062976e+01
1.363213035134342022e+01
1.500431026659175870e+01
1.341318103893719638e+01
1.293965710539950464e+01
1.287753988862789356e+01
1.346258213984654617e+01
1.822824932389383434e+01
1.351243738775099246e+01
1.365090176047343107e+01
1.318994256046632074e+01
1.346439872782687530e+01
1.157817487492420128e+01
1.426707831124375048e+01
1.452881836274204375e+01
1.391445839995205347e+01
1.421015855452694154e+01
1.368561877520851056e+01
1.347671115747128567e+01
1.383457898959504462e+01
1.373320328813753122e+01
1.425819721445105870e+01
1.236228489231999106e+01
1.341716744033845998e+01
1.287168643846906946e+01
1.318726813927305841e+01
1.308538783004324557e+01
1.301923375109312531e+01
1.251381860634532472e+01
1.299985681263635229e+01
1.629075732132426424e+01
1.451105616915666019e+01
1.397607100895135090e+01
1.302947728887106393e+01
1.330050212337989990e+01
1.406362045744751299e+01
1.345491210170740715e+01
1.419380926270403620e+01
1.337705112243963868e+01
1.325957843304539097e+01
1.354553965761465406e+01
1.457019620007163496e+01
1.373951088529143760e+01
1.383579004824858316e+01
1.303169756306922977e+01
1.182336379149066374e+01
1.364297941844812101e+01
1.275295222964403763e+01
1.394821665991972282e+01
1.306722195024001110e+01
1.324161439635106774e+01
1.395099200266744788e+01
1.916369121220603233e+01
1.294515733011770919e+01
1.507152402186372342e+01
1.571535307855675967e+01
1.404141771546578354e+01
1.381858292321274462e+01
1.323232961334053925e+01
1.315784950614727222e+01
1.340551100079805735e+01
1.332593435510442248e+01
1.285170397068550585e+01
1.423649908024160027e+00
1.361679027506512796e+01
1.381595896279672786e+01
1.332613619821334794e+01
1.408824531673633373e+01
1.402809607027673167e+01
1.271868936190402621e+01
1.363374509621482389e+01
1.376978735163015699e+01
1.310718688580712410e+01
1.380748155222188700e+01
1.335257764548251203e+01
1.356632949783391950e+01
1.398268137076864548e+01
1.310476476850003280e+01
1.350441412417121967e+01
1.310839794446069106e+01
1.353423644351487098e+01
1.341136445095686724e+01
1.322546694763708786e+01
1.382307393238632187e+01
1.377982904629917016e+01
1.408844715984527340e+01
1.394195952354304779e+01
1.497953402497121544e+01
1.320286051943749328e+01
1.405130802780308841e+01
1.366644367986064879e+01
1.367169160069268230e+01
1.412054021416430771e+01
1.488340624434576398e+01
1.348826667545722557e+01
1.238307473253924229e+01
1.314432601784929489e+01
1.593874293935932940e+01
1.419037792985231761e+01
1.509776362602394784e+01
1.393469317162175969e+01
1.519197389711462165e+01
1.170674893530933502e+01
1.188820589023275431e+01
1.356693502716069588e+01
1.991263006787167456e+01
1.288798526951474344e+01
1.326563372631312632e+01
1.126072612536263762e+01
1.401396705265199216e+01
1.504427520215887171e+01
1.571873395063123269e+01
1.478011303335347293e+01
1.420349773193242982e+01
1.453351121502454646e+01
1.368193513847063514e+01
9.080416862756479190e+00
1.359075251401382900e+01
1.378326037915088875e+01
1.350496919272076468e+01
1.261696043500590747e+01
1.394433118007292194e+01
1.348579409737290291e+01
1.462630858435275627e+01
1.321557663529976878e+01
1.330600234809810445e+01
1.729013301438838823e+01
1.326946874538271004e+01
1.368380218722818142e+01
1.312091221721401268e+01
1.359963361080652078e+01
1.278751786204740881e+01
1.346056370875730579e+01
1.414133005438357316e+01
1.453653886165842835e+01
1.346944480554999757e+01
1.519908886670421566e+01
1.354008989367369509e+01
1.361618474573836579e+01
1.691556266500110439e+01
1.430719462914255757e+01
1.360790917827243618e+01
1.369308697023872412e+01
1.337195458393928504e+01
1.335444469424007252e+01
1.442088276024448135e+01
1.361598290262944033e+01
1.396941018635683918e+01
1.414269249536882000e+01
1.362506584253105757e+01
1.317359326864340119e+01
1.280134411500874592e+01
1.128696572952287625e+01
1.248132186580842529e+01
1.377417743924927152e+01
1.428034949565555678e+01
1.327128533336302496e+01
1.444288365911728533e+01
1.390340748973841301e+01
1.328420329233422592e+01
1.296513979790127280e+01
1.385597435914107223e+01
1.300066418507203991e+01
1.731178068782057267e+01
1.391748604658592114e+01
1.364605752585923426e+01
1.427898705467032414e+01
1.228876353989411996e+01
1.423316866894437283e+01
1.368501324588173418e+01
1.711034126511358977e+01
1.382468867725772554e+01
1.452457965745462332e+01
1.281799617149505366e+01
1.353524565905949828e+01
1.415122036672089223e+01
1.533528250445125707e+01
1.323717384795472185e+01
1.326543188320421507e+01
1.368077454059431375e+01
1.421661753401254202e+01
1.417705628466326573e+01
1.441603852563028454e+01
1.441805695671953913e+01
1.328541435098776446e+01
1.370479387055637233e+01
1.360124835567792445e+01
1.501803559799864729e+01
1.438051413845950322e+01
1.416999177585088887e+01
1.330680972053379207e+01
1.719107850868351761e+01
1.636195747799747835e+01
1.383715248923383001e+01
1.389306303040601165e+01
1.339602437467857499e+01
1.392717451581431476e+01
1.391027015544186440e+01
1.296049740639598724e+01
1.429372160162182581e+01
1.585967090143800817e+01
1.338386332736585871e+01
1.403778453950512528e+01
1.336473869279522830e+01
1.341620868557106405e+01
1.317011147501445123e+01
1.267423341716333596e+01
1.312171958964971452e+01
1.252169048759338921e+01
1.403193108934630118e+01
1.409268586513269383e+01
1.294162507571151366e+01
1.382665664756974877e+01
1.301555011435524989e+01
1.364121329124503745e+01
1.398757606616007365e+01
1.305834085344731932e+01
1.416434016880100444e+01
1.380551358190986377e+01
1.749924247523452436e+01
1.383901953799139051e+01
1.303149571996031852e+01
1.435906830813624424e+01
1.414415585790851537e+01
1.332775094308476582e+01
1.393731713203779066e+01
1.396814866692605506e+01
1.414879824941378672e+01
1.307186434174528245e+01
1.451796929563732874e+01
1.405877622283331618e+01
1.520489185608582261e+01
1.409490613933085967e+01
1.436936230669142844e+01
1.372618924010239994e+01
1.365231466223590928e+01
1.422726475800833157e+01
1.341191951950641226e+01
1.307186434174528245e+01
1.374980488384660759e+01
1.706734868291259488e+01
1.339678128633704546e+01
1.384865754644255276e+01
1.428458820094299142e+01
1.361376262843126028e+01
2.216035492885875158e+01
1.337705112243965289e+01
1.404424351899072576e+01
1.339900156053522551e+01
1.475508448784680127e+01
1.296367643536156322e+01
1.383008798042146736e+01
1.370580308610098541e+01
1.327330376445227955e+01
1.284156135446202995e+01
1.373184084715228437e+01
1.442471777931405086e+01
1.263088760952172152e+01
1.404989512604062440e+01
1.308664934947402969e+01
1.486887354050317356e+01
1.651984924995394977e+01
1.282137704356955510e+01
1.352374060185077553e+01
1.723709873751839439e+01
1.361214788355987082e+01
1.552183599787505841e+01
1.930922009374084780e+01
1.387696604246926313e+01
1.280144503656322286e+01
1.388821879579181484e+01
1.338608360156402455e+01
1.384890985032870958e+01
1.270693200080916085e+01
1.307670857635947925e+01
1.351223554464206700e+01
1.519485016141679523e+01
1.404484904831750214e+01
1.331543851344034124e+01
1.399701223150231044e+01
1.344123723107774993e+01
1.397909865558523279e+01
1.285488299965106762e+01
1.371811551574540999e+01
1.392535792783399984e+01
1.686111548636863233e+01
1.717230709955350676e+01
1.399141108522964316e+01
1.397708022449597820e+01
1.396168968744045458e+01
1.466284218706813647e+01
1.375802999053529163e+01
1.371508786911152811e+01
1.258426185136009678e+01
1.325211023801516319e+01
1.414072452505679678e+01
1.456737039654669275e+01
1.213697752198262947e+01
1.356350369430896308e+01
1.388665451169765674e+01
1.591028306100091072e+01
1.349628993903699836e+01
1.343154876184935631e+01
1.311041637554993144e+01
1.316693244604888946e+01
1.342448425303697945e+01
1.370883073273486730e+01
1.503721069334650906e+01
1.357642165328016404e+01
1.409107112026129016e+01
1.295605685799965556e+01
1.425834859678275279e+01
1.340001077607985280e+01
1.310153527875723967e+01
1.530500603811253768e+01
1.225202809406980009e+01
1.253218632925747045e+01
1.418149683305961162e+01
1.291407349134327376e+01
1.492054537638794898e+01
1.263593368724485799e+01
1.396638253972295729e+01
1.393227105431466839e+01
1.278671048961170698e+01
1.483778970172875233e+01
1.405312461578341754e+01
1.392742681970047158e+01
1.370539939988313449e+01
1.401194862156273757e+01
1.383134949985223727e+01
1.328299223368067317e+01
1.246941312238185162e+01
1.395523070795486831e+01
1.407149233869557747e+01
1.318873150181276799e+01
1.390355887207010710e+01
1.316668014216273264e+01
1.383957460654093552e+01
1.363334140999697297e+01
1.360871655070813802e+01
1.350194154608689701e+01
1.256084805072480037e+01
1.429710247369632725e+01
1.422368204282490467e+01
1.374314406125209587e+01
2.163864095306524860e+01
1.343356719293859669e+01
1.341757112655631090e+01
1.321900796815150159e+01
1.344668699501872311e+01
1.511552581960933139e+01
1.300404505714654135e+01
1.356532028228930642e+01
1.520837364971477257e+01
1.345092570030614354e+01
1.373910719907358668e+01
1.384583174291759633e+01
1.212572476866006355e+01
1.353968620745584417e+01
1.455586533933797000e+01
1.366987501271236738e+01
1.350799683935464657e+01
1.488648435175686302e+01
1.441497884930844009e+01
1.308357124206293065e+01
1.353262169864346731e+01
1.305995559831872299e+01
1.327471666621475777e+01
1.433812708558529891e+01
1.340445132447618448e+01
1.391526577238775531e+01
1.292578039166093617e+01
1.458412337458744901e+01
1.387232365096399178e+01
1.268114654364401872e+01
1.381918845253952099e+01
1.417241389315799438e+01
1.231217734052940216e+01
1.335081151827941426e+01
2.041723784018377330e+01
1.467878779267320510e+01
1.474337758752916727e+01
1.284297425622450817e+01
1.418856134187198847e+01
9.694726364769238103e+00
1.366563630742494695e+01
1.353827330569336596e+01
1.457524227779477144e+01
1.346858697233706437e+01
1.406866653517062105e+01
1.394049616100335243e+01
1.492478408167536941e+01
1.502590747924671177e+01
1.361093682490631807e+01
1.436068305300764791e+01
1.313806888147263408e+01
1.359922992458866986e+01
2.752842287149223921e+01
1.353807146258444050e+01
1.458896760920164581e+01
1.307832332123088293e+01
1.320810844026955522e+01
1.346783006067859390e+01
2.645411292423975169e+01
1.424623801024725367e+01
1.275401190596588208e+01
1.351364844640454521e+01
1.366947132649451646e+01
1.295101078027653330e+01
1.287244335012752572e+01
1.295237322126178015e+01
1.392233028120011795e+01
1.355563181306091280e+01
1.395422149241024101e+01
1.352091479832583332e+01
1.418775396943628664e+01
1.383619373446643408e+01
1.304623026691182019e+01
1.366417294488523737e+01
1.420470879058598257e+01
1.242586547163132593e+01
1.399277352621489001e+01
1.368905010806022915e+01
1.419643322312005296e+01
2.467511822295337254e+01
1.255438907123921410e+01
1.502853143966272853e+01
1.311970115856045993e+01
1.337235827015715017e+01
1.388700773713827630e+01
1.307726364490901005e+01
1.328864384073057181e+01
1.364222250678966475e+01
1.358671565183533403e+01
1.372437265212207080e+01
1.368905010806022915e+01
1.500476441358684099e+01
1.108915948277652319e+01
1.454516765456496330e+01
1.360629443340104672e+01
1.385395592805181764e+01
1.296347459225265197e+01
1.282864339549084320e+01
1.383417530337719370e+01
2.367624713766157640e+01
1.397400211708487916e+01
1.334899493029909934e+01
1.725889779328225870e+01
1.444061292414188813e+01
1.309366339750917518e+01
1.321719138017117245e+01
1.492236196436826390e+01
1.212088053404588095e+01
1.375762630431745492e+01
1.328374914533914364e+01
1.334551313667013517e+01
1.367956348194076099e+01
1.095387413901964635e+01
1.318247436543610718e+01
1.261756596433268385e+01
1.387953954210804852e+01
1.347111001119863261e+01
1.446382488166824487e+01
1.411408123467870723e+01
1.210977916305499491e+01
1.537691264566701932e+01
1.382589973591127830e+01
1.407149233869557747e+01
1.392460101617551516e+01
1.324782107195051140e+01
1.285049291203195310e+01
1.393686298504269416e+01
1.953705050293976342e+01
1.443884679693879036e+01
1.362365294076857936e+01
1.466773688245957885e+01
1.344769621056333619e+01
1.363657089973976611e+01
1.381096334585083696e+01
1.348079848042702622e+01
1.260101482940085305e+01
1.297624116889214463e+01
1.465153897296835339e+01
1.441639175107090409e+01
1.403218339323247221e+01
1.743465268037857641e+01
1.342019508697234187e+01
1.222821060721665276e+01
1.530762999852856865e+01
1.347247245218386524e+01
1.421379173048759981e+01
1.387151627852828994e+01
1.348362428395196844e+01
1.311344402218379912e+01
1.351465766194917251e+01
1.328178117502712041e+01
1.532867214263397670e+01
1.394740928748403519e+01
1.219652123911546937e+01
1.341999324386341641e+01
1.358913776914242533e+01
1.341136445095686724e+01
1.299698054833416450e+01
1.374798829586627846e+01
1.377902167386348253e+01
1.379234331905250599e+01
1.385113012452688963e+01
1.376797076364984207e+01
1.473449649073646128e+01
1.324080702391538011e+01
1.206113497380411559e+01
1.402370598265761714e+01
1.246966542626800845e+01
1.380490805258308740e+01
1.606085802025884846e+01
1.366866395405881462e+01
