7.399999049084726721e-07
1.759999975092796376e-06
1.192000001992710168e-05
7.000000437074049842e-07
1.206000001729989890e-05
6.200000370881753042e-07
1.469999995151738403e-05
2.760000000989748514e-06
3.599999445214052685e-07
3.039999995735342964e-06
8.400000410802022088e-07
1.080000004094472388e-06
2.660000006926566130e-06
7.200000027296482585e-07
5.200000003924287739e-07
2.499999936844687909e-06
7.400000185953103937e-07
3.399999997100167093e-06
1.220000058310688473e-06
3.339999977924890118e-06
4.860000004214271030e-06
8.200000252145400736e-07
9.199999908560130280e-07
1.880000013443350326e-06
9.540000007746129995e-06
4.799999828719592188e-07
6.200000370881753042e-07
3.419999984544119798e-06
4.799999997473491931e-07
5.399999736255267635e-07
4.999999987376213539e-07
4.720000049474037951e-06
6.799999709983239882e-07
4.800000397153780796e-07
1.979999979084823281e-06
1.281999999491745257e-05
8.200000110036853584e-07
3.120000002354572644e-06
2.539999996997721610e-06
1.753999998754807166e-05
1.160000010713702068e-06
4.999999987376213539e-07
1.699999984339228831e-06
8.000000004670937415e-07
1.169999995909165591e-05
3.319999962059227983e-06
1.560000043809850467e-06
1.610000003893219400e-05
1.780000047801877372e-06
3.659999990190954122e-06
5.999999928008037386e-07
1.839999981712026056e-06
1.600000018697755877e-06
2.219999998942512320e-06
1.760000003514505806e-06
4.859999990003416315e-06
1.600000018697755877e-06
1.819999994268073351e-06
1.833999999689694960e-05
1.019999999130050128e-06
5.999999928008037386e-07
1.940000004196917871e-06
7.999999809271685081e-07
2.859999995052930899e-06
1.879999999232495611e-06
6.799999709983239882e-07
1.399999973727972247e-06
1.839999981712026056e-06
1.911999993353674654e-05
6.599999551326618530e-07
4.300000000512227416e-06
6.359999993321707734e-06
1.913999994940240867e-05
2.559999984441674314e-06
6.200000001399530447e-06
3.619999972670484567e-06
1.700000012760938262e-06
3.899999995837788447e-06
9.400000067216751631e-07
2.399999999624924385e-06
4.399998942972160876e-07
5.420000036338024074e-06
1.460000021324958652e-06
7.400000008317419997e-07
1.699999984339228831e-06
3.259999999727369868e-06
4.199999978027335601e-06
6.999999868639861234e-07
1.801999999884174031e-05
1.315999999462746928e-05
1.060000045072229113e-06
3.419999984544119798e-06
8.400000979236210696e-07
5.160000000614672899e-06
3.419999998754974513e-06
9.340000019619765226e-06
8.600000001024454832e-07
1.566000003094814019e-05
9.499999976014805725e-06
7.000000039170117816e-06
2.620000032038660720e-06
7.080000017367638065e-06
2.300000005561742000e-06
7.599999776175536681e-07
4.600000011123484001e-06
3.120000030776282074e-06
8.579999999369647412e-06
