1.159999996502847353e-06
3.400000423425808549e-07
8.500000035382981878e-06
9.999999974752427079e-07
9.799999816095805727e-07
1.822000000029078137e-05
1.120000035825796658e-06
1.091999996560844011e-05
5.400000020472361939e-07
1.480000000242398528e-05
4.340000032243551686e-06
2.120000001326616257e-06
4.840000002559463610e-06
1.740000016070553102e-06
2.099999960591958370e-06
1.819999965846363921e-06
9.599999657439184375e-07
8.399999842367833480e-07
6.139999982224253472e-06
6.799999709983239882e-07
4.679999960899294820e-06
1.119999978982377797e-06
1.799999949980701786e-06
6.599999995415828380e-07
5.820000012590753613e-06
3.799999888087768340e-07
3.600000582082429901e-07
1.459999907638120931e-06
8.239999999659630703e-06
4.400000079840538092e-07
2.460000018800201360e-06
3.399999854991619941e-07
1.534000000447122147e-05
1.799999949980701786e-06
6.399999961104185786e-07
1.059999988228810253e-06
1.359999998840066837e-06
4.400000079840538092e-07
1.882000003661232768e-05
6.600000119760807138e-07
8.480000005306465027e-06
4.039999993210585671e-06
1.746000000935055141e-05
2.320000021427404135e-06
1.420000046437053243e-06
1.859999997577688191e-06
1.157999999890080289e-05
1.679999996895276126e-06
5.799999996725091478e-06
6.199999802447564434e-07
6.900000016685226001e-06
1.179999912892526481e-06
1.442000007045862731e-05
5.600000037020436139e-07
4.000000330961483996e-07
2.820000020165025489e-06
4.400000079840538092e-07
1.300000008086499292e-06
4.600000096388612292e-07
1.979999993295677996e-06
3.399999854991619941e-07
6.820000010065996321e-06
1.120000035825796658e-06
2.480000034665863495e-06
4.600000238497159444e-07
4.400000079840538092e-07
3.399999854991619941e-07
1.020000013340904843e-06
4.399999795623443788e-07
9.199999908560130280e-07
1.403999999638472218e-05
1.080000004094472388e-06
7.259999989628340700e-06
2.520000009553768905e-06
4.199999921183916740e-07
1.092000002245185897e-05
1.519999997867671482e-06
5.999999928008037386e-07
7.200000027296482585e-07
2.839999979187268764e-06
7.400000185953103937e-07
1.215999998294137185e-05
1.420000000962318154e-05
6.000000212225131691e-07
2.880000010918593034e-06
2.939999994566733221e-06
2.920000000017353159e-06
6.199999802447564434e-07
2.460000018800201360e-06
1.119999978982377797e-06
4.000000046744389692e-07
4.400000079840538092e-07
1.099999991538425093e-06
4.400000079840538092e-07
3.480000003719396773e-06
3.399999854991619941e-07
1.800000006824120646e-06
5.400000304689456243e-07
8.200000252145400736e-07
4.999999418942024931e-07
5.800000053568510339e-07
4.419999996230217221e-06
1.240000003122077032e-06
1.568000000418123818e-05
4.000000330961483996e-07
3.599999445214052685e-07
1.979999979084823281e-06
8.180000008906063158e-06
1.599999961854337016e-06
1.660000066294742282e-06
2.680000079635647126e-06
2.399999999846968990e-06
4.999999987376213539e-07
2.440000002934539225e-06
3.480000003719396773e-06
5.840000028456415748e-06
4.799999828719592188e-07
4.999999987376213539e-07
9.080000000327714815e-06
2.819999991743316059e-06
3.999999762527295388e-07
5.400000304689456243e-07
4.799999828719592188e-07
6.800000278417428490e-07
6.199999802447564434e-07
4.540000020369916456e-06
8.160000049883819884e-06
8.659999934934603516e-06
2.380000012180971680e-06
5.380000001053986125e-06
4.239999981336950441e-06
3.799999888087768340e-07
1.280000020642546588e-06
5.400000304689456243e-07
5.200000146032834891e-07
1.699999984339228831e-06
1.666000002842338290e-05
5.199999577598646283e-07
5.400000020472361939e-07
7.600000003549212124e-06
1.430000008895149222e-05
6.060000032448442653e-06
1.073999999334773747e-05
5.200000003924287739e-07
5.800000053568510339e-07
4.399999937731990940e-07
2.840000007608978194e-06
1.240000000279906089e-05
4.000000330961483996e-07
3.600000013648241293e-07
1.320000001214793883e-05
7.799999366397969425e-07
1.915999996526807081e-05
3.739999996810183802e-06
7.439999997416180122e-06
6.600000006073969416e-06
1.240000017332931748e-06
6.199999802447564434e-07
5.239999950390483718e-06
1.497999998889554263e-05
5.399999736255267635e-07
4.339999975400132826e-06
6.799999709983239882e-07
1.620000006141708582e-06
3.879999979972126312e-06
4.600000238497159444e-07
4.000000330961483996e-07
2.859999995052930899e-06
3.079999942201538943e-06
4.800000056093267631e-06
5.319999999642277544e-06
4.199999921183916740e-07
3.440000000409781933e-06
6.000000212225131691e-07
1.284000001078311470e-05
1.199999928758188616e-06
3.800000030196315493e-07
4.599999954280065140e-07
6.560000002764354576e-06
8.000000093488779385e-07
7.599999989338357409e-07
4.979999999932260835e-06
1.059999988228810253e-06
4.400000079840538092e-07
2.040000026681809686e-06
3.800000058618024923e-06
1.282000005176087143e-05
9.599999657439184375e-07
5.400000304689456243e-07
4.400000079840538092e-07
6.600000119760807138e-07
3.319999962059227983e-06
3.359999936947133392e-06
4.400000079840538092e-07
4.600000238497159444e-07
7.400000043844556785e-07
4.539999991948207025e-06
3.800000030196315493e-07
5.399999736255267635e-07
1.340000039817823563e-06
4.000000046744389692e-07
1.480000037190620787e-06
2.000000051793904277e-06
3.599999445214052685e-07
3.400000423425808549e-07
4.799999828719592188e-07
4.799999828719592188e-07
7.599999207741348073e-07
3.800000030196315493e-07
8.799999875463981880e-07
1.797999999553212547e-05
3.640000045379565563e-06
9.580000000397603799e-06
3.799999888087768340e-07
2.899999998362545739e-06
6.320000011328374967e-06
7.460000006176414900e-06
6.199999234013375826e-07
6.000000212225131691e-07
5.000000555810402147e-07
9.399999996162478055e-07
9.600000794307561591e-07
4.999999987376213539e-07
3.779999985908943927e-06
1.918000003797715181e-05
4.799999970828139340e-07
7.560000028661306715e-06
4.599999670062970836e-07
3.399999854991619941e-07
8.680000007643684512e-06
8.999999963066329656e-07
1.814000000877058483e-05
3.399999997100167093e-07
3.600000013648241293e-07
1.953999998249855707e-05
2.719999997680133674e-06
1.414000001886961400e-05
3.540000022894673748e-06
1.700000007076596376e-05
4.060000037497957237e-06
2.619999918351822998e-06
3.400000423425808549e-07
4.800000112936686492e-07
3.300000003036984708e-06
9.000000318337697536e-07
5.719999990105861798e-06
1.799999995455436874e-05
1.340000039817823563e-06
7.000000010748408386e-07
4.079999996520200511e-06
1.424000004135450581e-05
1.355999995666934410e-05
1.397999994878773578e-05
3.399999854991619941e-07
3.600000013648241293e-07
3.939999999147403287e-06
3.460000016275444068e-06
4.799999828719592188e-07
6.000000212225131691e-07
9.000000318337697536e-07
4.380000063974875957e-06
4.340000003821842256e-06
1.394000003074324923e-05
9.599999657439184375e-07
6.799999709983239882e-07
2.639999998166331352e-06
4.300000000512227416e-06
2.759999972568039084e-06
1.920000045174674597e-06
2.000000051793904277e-06
3.399999997100167093e-07
1.322000002801360097e-05
1.820000022689782782e-06
8.800000159681076184e-07
8.520000051248644013e-06
4.400000079840538092e-07
4.000000330961483996e-07
6.180000013955577742e-06
4.000000899395672604e-07
5.199999577598646283e-07
8.199999683711212128e-07
1.400000087414809968e-06
4.899999908047902863e-06
1.279999992220837157e-06
4.300000000512227416e-06
3.399999286557431333e-07
1.380000071549147833e-06
3.399999997100167093e-07
4.039999993210585671e-06
3.799999603870674036e-07
6.360000043059699237e-06
4.800000397153780796e-07
1.366000003599765478e-05
6.739999999977319689e-06
1.634000000194646418e-05
1.440000005459296517e-06
2.460000018800201360e-06
4.779999926540767774e-06
8.600000001024454832e-07
7.199999991769345797e-07
6.519999999454739736e-06
4.100000012385862647e-06
8.000000093488779385e-07
7.940000045891792979e-06
6.000000212225131691e-07
6.599999835543712834e-07
1.019999984919195413e-06
1.806000000215135515e-05
1.980000007506532711e-06
7.240000002184387995e-06
8.999999749903508928e-07
5.599999894911888987e-07
2.620000003616951290e-06
6.299999995462712832e-06
6.200000086664658738e-07
1.040000000784857548e-06
6.200000370881753042e-07
1.595999999892683263e-05
1.639999993585661286e-06
3.400000423425808549e-07
3.339999977924890118e-06
7.399999617518915329e-07
1.660000009451323422e-06
3.600000013648241293e-07
1.080000004094472388e-06
3.719999995155376382e-06
2.400000028046633815e-06
6.599999551326618530e-07
6.000000212225131691e-07
3.239999955439998303e-06
2.160000001083517418e-06
5.800000053568510339e-07
1.940000004196917871e-06
9.500000032858224586e-06
7.399999049084726721e-07
1.926000001617467206e-05
1.024000000882097083e-05
1.139999994848039933e-06
5.800000053568510339e-07
5.440000009571122064e-06
2.719999997680133674e-06
5.599999894911888987e-07
2.300000005561742000e-06
4.999999987376213539e-07
3.400000423425808549e-07
5.400000020472361939e-07
3.220000053261173889e-06
1.962000004596120561e-05
1.840000004449393600e-05
5.999999075356754474e-07
2.980000090246903710e-06
7.280000000164932317e-06
5.999999999062310962e-07
1.640000007796516002e-06
1.643999996758793714e-05
1.320000002635879355e-06
3.419999998754974513e-06
2.219999998942512320e-06
1.472000002422646503e-05
8.259999958681873977e-06
8.699999995087637217e-06
3.800000172304862645e-07
5.199999577598646283e-07
1.317999999628227670e-05
2.999999992425728124e-06
6.780000035178090911e-06
7.599999998220141606e-07
4.599999954280065140e-07
3.319999990480937413e-06
5.399999736255267635e-07
6.719999987581104506e-06
4.400000008786264516e-07
5.999999999062310962e-07
3.820000003429413482e-06
5.600000463346077595e-07
1.359999998840066837e-06
2.480000034665863495e-06
1.259999976355175022e-06
4.000000046744389692e-07
2.539999996997721610e-06
3.800000172304862645e-07
2.400000028046633815e-06
2.779999931590282358e-06
4.400000079840538092e-07
1.120000092669215519e-06
3.999999904635842540e-07
6.159999998089915607e-06
1.640000050429080147e-06
8.279999974547536112e-06
3.539999966051254887e-06
1.015999998799088644e-05
6.100000007336348062e-06
3.999999762527295388e-07
6.240000004709145287e-06
3.800000172304862645e-07
1.154000000269661541e-05
8.000000093488779385e-07
2.059999985704052961e-06
2.139999992323282640e-06
9.640000001809312380e-06
4.999999418942024931e-07
3.300000003036984708e-06
3.799999603870674036e-07
9.420000083082413767e-06
4.200000489618105348e-07
4.800000397153780796e-07
1.560000001177286322e-06
5.760000000520903995e-06
6.399999961104185786e-07
3.399999854991619941e-07
6.000000212225131691e-07
6.400000529538374394e-07
1.727999999445728463e-05
8.400000126584927784e-07
4.999999987376213539e-07
4.739999951652862364e-06
1.753999993070465280e-05
6.880000000819563866e-06
1.399999973727972247e-06
5.999999999062310962e-07
1.839999995922880771e-06
1.539999971100769471e-06
1.158000000245351657e-05
3.600000013648241293e-07
5.599999894911888987e-07
1.160000010713702068e-06
1.019999956497485982e-06
1.359999998840066837e-06
9.000000318337697536e-07
3.240000012283417163e-06
1.160000010713702068e-06
6.400000003736749932e-06
1.848000000137517418e-05
1.366000000757594535e-05
5.600000463346077595e-07
3.279999987171322573e-06
9.879999993245291989e-06
7.599999207741348073e-07
3.600000582082429901e-07
5.099999953017686494e-06
1.059999931385391392e-06
6.199999944556111586e-07
3.600000013648241293e-06
4.000000046744389692e-07
8.540000067114306148e-06
2.239999957964755595e-06
5.499999986113834893e-06
3.800000172304862645e-07
1.099999963116715662e-06
7.480000022042077035e-06
1.818000001208019967e-05
4.199999921183916740e-07
1.160000010713702068e-06
5.600000001493299351e-07
3.600000013648241293e-07
3.399999854991619941e-07
3.399999854991619941e-07
9.400000067216751631e-07
9.600000225873372983e-07
5.200000146032834891e-07
2.359999939471890684e-06
1.093999992463068338e-05
1.182000000099492354e-05
5.799999911459963187e-07
1.380000000494874257e-06
1.919999988331255736e-06
2.060000042547471821e-06
2.639999991060903994e-06
4.460000013750686776e-06
7.399999617518915329e-07
3.760000026886700653e-06
6.559999974342645146e-06
5.199999577598646283e-07
4.660000001877051545e-06
2.200000039920269046e-06
5.800000053568510339e-07
1.940000004196917871e-06
3.399999286557431333e-07
8.399999842367833480e-07
6.000000070116584538e-07
1.680000000092718437e-05
4.199999921183916740e-07
1.828000000614338205e-05
4.600000238497159444e-07
1.779999990958458511e-06
9.199999908560130280e-07
1.688000003241540981e-05
1.478000001498003257e-05
1.839999981712026056e-06
3.799999888087768340e-07
6.459999994490317476e-06
3.600000013648241293e-07
7.599999776175536681e-07
9.660000046096683946e-06
2.060000042547471821e-06
6.700000000137151801e-06
6.399999961104185786e-07
8.999999749903508928e-07
5.279999982121807989e-06
6.399999961104185786e-07
5.799999485134321731e-07
1.606000000720086973e-05
1.300000008086499292e-06
3.600000013648241293e-07
4.059999980654538376e-06
4.660000001877051545e-06
5.399999984945225151e-07
1.320000002635879355e-06
2.219999998942512320e-06
1.160000010713702068e-06
1.179999998157654773e-06
1.080000004094472388e-06
3.399999854991619941e-07
6.399999961104185786e-07
3.039999995735342964e-06
1.645999998345359927e-05
4.600000238497159444e-07
2.819999963321606629e-06
2.420000100755714811e-06
6.000000212225131691e-07
3.999999762527295388e-07
4.719999992630619090e-06
4.799999260285403579e-07
5.680000072061375249e-06
8.200000820579589345e-07
3.999999904635842540e-07
9.199999908560130280e-07
5.400000020472361939e-07
1.699999984339228831e-06
4.400000079840538092e-07
2.179999967211188050e-06
1.453999993827892467e-05
6.999999868639861234e-07
2.179999995632897480e-06
1.460000021324958652e-06
3.300000003036984708e-06
7.599999776175536681e-07
1.051999999646113793e-05
4.240000009758659871e-06
1.637999997683436959e-05
6.279999979597050697e-06
5.599999894911888987e-07
4.800000397153780796e-07
6.000000212225131691e-07
1.451999992241326254e-05
2.279999989696079865e-06
3.799999603870674036e-07
1.559999986966431607e-06
1.880000013443350326e-06
3.719999995155376382e-06
9.360000007063717931e-06
1.320000023952161428e-06
5.399999736255267635e-07
1.239999960489512887e-06
3.600000582082429901e-07
1.419999989593634382e-06
4.199999921183916740e-07
6.380000002081942512e-06
4.000000899395672604e-07
1.159999996502847353e-06
1.539999999522478902e-06
1.391999995803416823e-05
4.400000079840538092e-07
4.800000397153780796e-07
3.600000013648241293e-07
1.330000003463283065e-05
4.400000079840538092e-07
2.519999995342914190e-06
1.521999999454237695e-05
3.999999762527295388e-07
2.780000045277120080e-06
2.519999999783806288e-06
1.015999998799088644e-05
6.000000212225131691e-07
1.771999995980877429e-05
3.099999958067201078e-06
4.419999982019362506e-06
6.600000013179396774e-07
2.560000012863383745e-06
1.780000019380167942e-06
1.679999996895276126e-06
2.079999944726296235e-06
8.579999985158792697e-06
1.814000000166515747e-05
6.999999939694134810e-07
1.069999999003812263e-05
4.199999921183916740e-07
7.960000004914036253e-06
2.679999965948809404e-06
3.999999762527295388e-07
4.599999989807201928e-07
7.000000010748408386e-07
6.599999977652259986e-07
5.999999928008037386e-07
2.420000001279731805e-06
1.168000000006941264e-05
1.610000003893219400e-05
2.740000013545795809e-06
5.200000146032834891e-07
3.399999854991619941e-07
3.219999996417755028e-06
2.899999969940836309e-06
1.399999973727972247e-06
7.800000503266346641e-07
1.709999997956401785e-05
2.859999995052930899e-06
4.039999964788876241e-06
3.799999603870674036e-07
8.000000661922967993e-07
1.779999934115039650e-06
3.399999997100167093e-07
9.520000020302177290e-06
2.480000034665863495e-06
2.580000000307336450e-06
2.520000009553768905e-06
1.484000006257701898e-05
2.979999976560065988e-06
7.879999998294806574e-06
5.999999999062310962e-07
9.000000034120603232e-07
6.000000212225131691e-07
3.740000011021038517e-06
6.200000370881753042e-07
2.340000037293066271e-06
3.999999993453684510e-07
1.280000006431691872e-06
9.779999999182109605e-06
3.960000000802210707e-06
6.600000119760807138e-07
2.620000032038660720e-06
5.020000003241875675e-06
1.321999997117018211e-05
6.620000021939631552e-06
8.800000159681076184e-07
3.399999286557431333e-07
9.220000038112630136e-06
1.217999999880703399e-05
5.400000020472361939e-07
5.160000000614672899e-06
6.600000119760807138e-07
1.287999998567102011e-05
1.283999995393969584e-05
7.799999934832158033e-07
5.000000005139781933e-07
1.140000001953467290e-06
3.899999995837788447e-06
5.500000042957253754e-06
1.639999993585661286e-06
7.659999937459360808e-06
3.999999762527295388e-07
9.000000318337697536e-07
1.220000058310688473e-06
8.560000001267553671e-06
1.100000019960134523e-06
6.200000086664658738e-07
7.400000185953103937e-07
1.448000000436877599e-05
2.779999988433701219e-06
2.340000037293066271e-06
1.404000000349014954e-05
4.400000079840538092e-07
3.999999762527295388e-07
4.199999921183916740e-07
4.499999988638592185e-06
5.900000019209983293e-06
9.200000476994318888e-07
1.238000004377681762e-05
4.599999989807201928e-07
1.559999999756200850e-05
1.223999998956060153e-05
3.999999762527295388e-07
1.154000000269661541e-05
4.799999828719592188e-07
3.999999762527295388e-07
2.240000014808174456e-06
3.359999993790552253e-06
1.484000000573360012e-05
5.599999894911888987e-07
4.999999418942024931e-07
4.999999999810711415e-06
6.059999989815878507e-06
3.120000002354572644e-06
3.600000013648241293e-07
1.460000021324958652e-06
1.399999973727972247e-06
3.899999995837788447e-06
6.400000245321280090e-07
7.800000503266346641e-07
1.180000003841996659e-05
7.519999996929982444e-06
1.580000002832093742e-06
6.800000846851617098e-07
2.020000010816147551e-06
1.580000002832093742e-06
3.820000017640268197e-06
5.200000714467023499e-07
3.480000003719396773e-06
3.600000013648241293e-07
3.800000172304862645e-07
1.737999997430961230e-05
2.759999972568039084e-06
6.600000119760807138e-07
3.300000003036984708e-06
2.839999979187268764e-06
1.188000010188261513e-05
1.014000000054693373e-05
3.600000013648241293e-07
1.099999963116715662e-06
3.399999854991619941e-07
1.460000021324958652e-06
6.199999980083248374e-07
2.960000003326967999e-06
1.280000006431691872e-06
1.644000002443135600e-05
2.800000004299363354e-06
1.680000025316985557e-06
1.725999999280247721e-05
4.639999986011389410e-06
5.800000053568510339e-07
1.832000000945299689e-05
3.679999991845761542e-06
2.860000023474640329e-06
7.939999989048374118e-06
8.800000045994238462e-06
3.519999950185592752e-06
2.799999947455944493e-06
6.200000015610385162e-07
5.999999999062310962e-06
5.200000146032834891e-07
2.779999988433701219e-06
3.799999603870674036e-07
2.880000010918593034e-06
3.600000013648241293e-07
2.040000026681809686e-06
1.480000001663483999e-06
9.000000034120603232e-07
3.600000013648241293e-07
1.499999996212864062e-06
4.799999828719592188e-07
3.800000172304862645e-07
4.600000238497159444e-07
4.660000058720470406e-06
1.360000055683485698e-06
1.064000002770626452e-05
2.520000009553768905e-06
3.800000001774606062e-06
1.580000002832093742e-06
5.599999894911888987e-07
1.720000000204890966e-06
1.360000055683485698e-06
3.799999603870674036e-07
2.980000004981775419e-06
2.080000001569715096e-06
5.279999982121807989e-06
8.199999683711212128e-07
1.459999907638120931e-06
7.000000010748408386e-07
1.359999998840066837e-06
1.380000014705728972e-06
9.400000010373332771e-06
1.636000001781212632e-05
2.639999934217485134e-06
8.400000126584927784e-07
3.600000013648241293e-07
9.400000635650940239e-07
3.399999997100167093e-07
3.600000013648241293e-07
2.499999993688106770e-06
3.499999991163349478e-06
8.579999985158792697e-06
1.970000005258043529e-05
4.800000112936686492e-07
4.800000112936686492e-07
1.159999996502847353e-06
4.000000046744389692e-07
3.299999889350146987e-06
4.400000079840538092e-07
5.599999894911888987e-06
7.400000043844556785e-07
2.600000016172998585e-06
9.800000100312900031e-07
3.600000013648241293e-07
3.060000011601005099e-06
2.480000034665863495e-06
5.800000053568510339e-07
4.559999979392159730e-06
1.040000000784857548e-06
3.860000020949883037e-06
9.000000034120603232e-07
3.800000172304862645e-07
3.799999603870674036e-07
8.199999683711212128e-07
9.200000476994318888e-07
3.579999997782579158e-06
3.999999762527295388e-07
1.819999994268073351e-06
7.799999934832158033e-07
4.599999954280065140e-07
5.800000053568510339e-07
1.813999995192716597e-05
3.899999995837788447e-06
9.999999974752427079e-07
3.859999992528173607e-06
1.420000000251775418e-06
7.000000437074049842e-07
5.399999736255267635e-07
8.200000252145400736e-07
2.599999959329579724e-06
1.540000084787607193e-06
1.982000003408757038e-05
3.799999888087768340e-07
1.559999986966431607e-06
6.999999868639861234e-07
3.619999972670484567e-06
3.999999762527295388e-07
4.199999921183916740e-07
1.917999998113373294e-05
3.199999980552092893e-06
3.540000079738092609e-06
8.199999683711212128e-07
1.839999981712026056e-06
3.600000582082429901e-07
3.799999603870674036e-07
4.400000079840538092e-07
3.959999986591355992e-06
1.520000012078526197e-06
1.819999965846363921e-06
1.185999997233011527e-05
1.999999994950485416e-06
1.859999997577688191e-06
3.799999603870674036e-07
1.940000004196917871e-06
1.839999981712026056e-06
4.000000046744389692e-07
2.420000015490586520e-06
4.120000085094943643e-06
2.020000010816147551e-06
6.399999392669997178e-07
2.080000058413133956e-06
1.539999999522478902e-06
6.400000032158459362e-07
5.799999769351416035e-07
2.940000001672160579e-06
3.600000013648241293e-07
1.414000007571303286e-05
6.799999709983239882e-07
7.060000029923685361e-06
8.399999956054671202e-06
3.180000000213567546e-06
6.979999998435459929e-06
4.999999987376213539e-07
3.440000000409781933e-06
4.800000397153780796e-07
4.199999921183916740e-07
3.220000003523182386e-06
1.239999988911222317e-06
1.440000005459296517e-06
2.240000000597319740e-06
9.199999908560130280e-07
9.000000034120603232e-07
4.599999954280065140e-07
7.600000060392630985e-07
6.999999868639861234e-07
5.680000015217956388e-06
3.999999762527295388e-07
7.599999918284083833e-07
1.139999994848039933e-06
6.800000278417428490e-07
2.879999897231755313e-06
6.799999709983239882e-07
1.020000013340904843e-06
6.199999802447564434e-07
2.980000004981775419e-06
1.319999995530451997e-06
3.380000009656214388e-06
4.480000029616348911e-06
5.719999990105861798e-06
2.580000000307336450e-06
5.479999970248172758e-06
3.399999854991619941e-07
5.280000010543517419e-06
3.039999995735342964e-06
1.132000002712629794e-05
4.600000238497159444e-07
3.319999962059227983e-06
1.960000076905998867e-06
6.400000005513106771e-07
9.399999782999657327e-07
4.600000238497159444e-07
5.800000053568510339e-07
2.499999936844687909e-06
1.066000004357192665e-05
3.999999762527295388e-07
4.199999921183916740e-07
9.199999908560130280e-07
3.800000172304862645e-07
2.019999953972728690e-06
1.080000004094472388e-06
3.919999983281741152e-06
6.399999961104185786e-07
3.339999977924890118e-06
3.180000021529849619e-06
7.200000027296482585e-07
5.680000015217956388e-06
3.179999993108140188e-06
1.374000004261688446e-05
8.000000093488779385e-07
4.999999987376213539e-07
6.399999961104185786e-07
6.999999868639861234e-07
2.820000077008444350e-06
6.000000212225131691e-07
5.800000053568510339e-07
7.799999934832158033e-07
8.920000027501373552e-06
1.338000004125206033e-05
3.619999986881339282e-06
3.399999854991619941e-07
7.260000018050050130e-06
5.060000034973199945e-06
1.220000001467269612e-06
1.020000013340904843e-06
6.799999709983239882e-07
4.400000079840538092e-07
3.540000079738092609e-06
4.000000046744389692e-07
6.899999988263516570e-06
8.739999998397252057e-06
3.600000013648241293e-07
3.599999445214052685e-07
9.799999816095805727e-07
5.599999894911888987e-07
3.419999984544119798e-06
6.980000080147874542e-06
8.000000661922967993e-07
1.539999999522478902e-06
7.859999982429144438e-06
6.399999392669997178e-07
4.800000397153780796e-07
2.980000033403484849e-06
3.399999286557431333e-07
3.400000423425808549e-07
1.180000026579364203e-06
3.399999286557431333e-07
5.399999736255267635e-07
6.400000529538374394e-07
4.199999921183916740e-07
4.800000397153780796e-07
5.800000053568510339e-07
3.799999603870674036e-07
1.399999973727972247e-06
4.199999921183916740e-07
3.440000000409781933e-06
1.259999976355175022e-06
4.799999828719592188e-07
1.740000016070553102e-06
8.000000093488779385e-07
1.379999957862310112e-06
4.119999971408105921e-06
3.760000026886700653e-06
4.540000077213335317e-06
2.679999994370518834e-06
2.020000010816147551e-06
9.400000067216751631e-07
2.080000058413133956e-06
1.379999986284019542e-06
2.999999992425728124e-06
1.159999999345018296e-05
2.340000037293066271e-06
1.080000004094472388e-06
2.219999998942512320e-06
4.659999987666196830e-06
5.160000000614672899e-06
4.400000079840538092e-07
9.999999974752427079e-07
2.239999957964755595e-06
1.099999963116715662e-06
3.920000040125160012e-06
6.599999977652259986e-07
5.999999928008037386e-07
5.600000463346077595e-07
5.200000146032834891e-07
4.659999945033632684e-06
2.699999981814471539e-06
1.800000006824120646e-05
6.600000119760807138e-07
6.000000212225131691e-07
1.068000000259416993e-05
3.999999762527295388e-07
4.600000238497159444e-07
1.548000000184401870e-05
3.919999926438322291e-06
2.700000010236180970e-06
1.711999999542967998e-05
5.099999953017686494e-06
2.100000017435377231e-06
1.760000031936215237e-06
4.600000025334338716e-07
1.120000007404087228e-06
7.280000033915712265e-06
8.600000001024454832e-07
5.600000008598726708e-06
3.600000582082429901e-07
3.699999979289714247e-06
3.419999984544119798e-06
5.799999999722693644e-07
4.859999997108843672e-06
1.759999996409078449e-06
8.499999978539563017e-06
8.400000126584927784e-07
4.799999828719592188e-07
9.600000225873372983e-07
1.880000013443350326e-06
1.326000000290150638e-05
4.799999828719592188e-07
4.199999921183916740e-07
1.459999992903249222e-06
4.000000330961483996e-07
1.519999955235107336e-06
5.599999894911888987e-07
4.600000238497159444e-07
3.999999762527295388e-07
1.420000000251775418e-06
3.419999984544119798e-06
4.400000079840538092e-07
5.399999736255267635e-07
1.699999984339228831e-06
6.200000370881753042e-07
3.319999905215809122e-06
6.400000529538374394e-07
3.180000000213567546e-06
7.180000011430820450e-06
1.213999999549741915e-05
5.999999928008037386e-07
3.800000172304862645e-07
6.199999802447564434e-07
1.371999996990780346e-05
1.985999999476462108e-05
4.319999987956180121e-06
1.156000001856227755e-05
6.000000212225131691e-07
2.419999987068877090e-06
4.780000040227605496e-06
4.559999979392159730e-06
3.100000000699765224e-06
8.780000030128576327e-06
5.799998916700133123e-07
1.279999992220837157e-06
7.600000003549212124e-06
1.628000001119289664e-05
2.039999969838390825e-06
5.200000003924287739e-07
4.000000046744389692e-07
6.399999961104185786e-07
2.160000008188944776e-06
2.720000011890988389e-06
1.224000001798231096e-05
4.960000012488308130e-06
1.378000001750478987e-05
4.000000899395672604e-07
5.200000003924287739e-07
1.119999993193232513e-06
7.479999965198658174e-06
1.764000001003296347e-05
2.179999967211188050e-06
5.600000001493299351e-07
5.199999999483395641e-07
2.199999997287704900e-06
3.399999854991619941e-07
8.320000006278860383e-06
2.859999995052930899e-06
6.000000212225131691e-07
5.639999983486632118e-06
1.349999990907235770e-05
1.478000001498003257e-05
4.199999921183916740e-07
4.940000053466064855e-06
2.439999974512829795e-06
4.999999987376213539e-07
3.400000139208714245e-07
2.699999981814471539e-06
6.500000040432496462e-06
3.539999999802034836e-06
4.999999987376213539e-07
3.800000172304862645e-07
4.199999921183916740e-07
1.168000000006941264e-05
7.300000007148810255e-06
2.380000012180971680e-06
2.599999987751289154e-06
4.600000238497159444e-07
2.500000000793534127e-06
4.599999954280065140e-07
6.000000212225131691e-07
5.200000146032834891e-07
3.399999286557431333e-07
2.059999985704052961e-06
3.600000013648241293e-07
2.659999950083147269e-06
1.413999996202619513e-05
2.239999957964755595e-06
3.600000582082429901e-07
7.799999934832158033e-07
1.380000071549147833e-06
1.179999998157654773e-05
1.384000000825835741e-05
5.800000053568510339e-07
5.600000463346077595e-07
2.960000017537822714e-06
4.599999954280065140e-07
3.219999996417755028e-06
4.000000330961483996e-07
1.959999963219161145e-06
5.400000304689456243e-07
2.979999976560065988e-06
4.599999954280065140e-07
4.800000006355276128e-07
1.760000003514505806e-06
1.822000001538981451e-05
1.819999999952415237e-05
4.799999828719592188e-07
5.400000873123644851e-07
8.999999181469320320e-07
7.600000344609725289e-07
2.859999995052930899e-06
3.999999762527295388e-07
6.020000000717118382e-06
3.079999942201538943e-06
3.799999603870674036e-07
3.900000024259497877e-06
8.399999984476380632e-07
7.400000185953103937e-07
3.399999286557431333e-07
3.400000423425808549e-07
4.760000024361943360e-06
1.812000004974834155e-05
7.400000185953103937e-07
9.999999974752427079e-07
3.800000172304862645e-07
3.139999989798525348e-06
1.859999997577688191e-06
5.800000053568510339e-07
8.199999967928306432e-07
1.764000001003296347e-05
3.259999999727369868e-06
5.559999976867402438e-06
3.719999995155376382e-06
3.800000172304862645e-07
6.999999868639861234e-07
1.475999999911437044e-05
6.400000245321280090e-07
6.619999993517922121e-06
6.939999991573131410e-06
3.799999603870674036e-07
7.200000027296482585e-07
6.200000370881753042e-07
4.999999418942024931e-07
3.799999603870674036e-07
3.800000030196315493e-07
3.800000030196315493e-07
1.639999993585661286e-06
3.579999997782579158e-06
8.799999591246887576e-07
2.460000018800201360e-06
5.199999577598646283e-07
7.599999998220141606e-07
7.000000010748408386e-07
8.399999842367833480e-07
1.800000063667539507e-06
1.519999955235107336e-06
6.240000004709145287e-06
4.920000037600402720e-06
3.199999994762947608e-06
5.700000002661909093e-06
1.104000000395899406e-05
3.600000582082429901e-07
1.039999915519729257e-06
8.600000001024454832e-07
5.659999999352294253e-06
4.000000046744389692e-06
3.799999603870674036e-07
2.880000010918593034e-06
2.500000000793534127e-06
1.221999997369493940e-05
3.600000013648241293e-07
1.639999993585661286e-06
4.799999828719592188e-07
5.000000058430487115e-07
3.619999993986766640e-06
1.462000000174157321e-05
4.799999828719592188e-07
3.499999991163349478e-06
4.899999964891321724e-06
3.139999989798525348e-06
9.000000318337697536e-07
2.480000034665863495e-06
3.799999603870674036e-07
5.200000003924287739e-07
4.199999992238190316e-07
2.659999999821138772e-06
3.479999975297687342e-06
4.380000063974875957e-06
6.200000015610385162e-07
7.799999934832158033e-07
1.619999977719999151e-06
3.380000009656214388e-06
2.739999985124086379e-06
3.560000038760335883e-06
9.339999962776346365e-06
2.480000034665863495e-06
1.480000037190620787e-06
2.219999998942512320e-06
3.400000423425808549e-07
1.180000026579364203e-06
3.599999445214052685e-07
7.799999934832158033e-07
6.759999962469009915e-06
1.600000018697755877e-06
4.880000005869078450e-06
7.199999998874773155e-06
1.040000000784857548e-06
6.399999961104185786e-07
4.799999828719592188e-07
3.799999994669178704e-07
1.974000000259934495e-05
4.820000015115510905e-06
1.279999992220837157e-06
1.913999994940240867e-05
2.620000003616951290e-06
1.620000006141708582e-06
1.660000009451323422e-06
4.199999921183916740e-07
3.799999603870674036e-07
8.800000017572529032e-07
6.559999974342645146e-06
4.799999828719592188e-07
1.440000005459296517e-06
3.379999952812795527e-06
4.079999996520200511e-06
2.859999995052930899e-06
1.820000008478928066e-06
4.439999997885024641e-06
3.240000012283417163e-06
1.930000001948428690e-05
5.139999984749010764e-06
1.440000005459296517e-06
6.800000278417428490e-07
9.400000067216751631e-07
7.400000185953103937e-07
1.155999999014056812e-05
1.675999999406485585e-05
1.165999998420375050e-05
3.600000013648241293e-07
1.079999947251053527e-06
3.999999762527295388e-07
3.600000582082429901e-07
8.800000017572529032e-07
7.200000027296482585e-07
5.999999928008037386e-07
3.479999975297687342e-06
4.599999670062970836e-07
5.400000304689456243e-07
3.780000000119798642e-06
9.799999816095805727e-07
1.178000002255430445e-05
1.011999999889212631e-05
4.500000002849446901e-06
5.199999861815740587e-07
4.240000009758659871e-06
4.999999987376213539e-07
3.600000013648241293e-07
2.700000038657890400e-06
3.399999854991619941e-07
1.680000082160404418e-06
4.199999992238190316e-07
3.400000139208714245e-07
1.876000004585876013e-05
3.539999999802034836e-06
6.800000003082118383e-07
8.739999998397252057e-06
5.259999994677855284e-06
3.799999888087768340e-07
7.939999989048374118e-06
9.400000067216751631e-07
1.119999978982377797e-06
8.199999967928306432e-07
2.219999998942512320e-06
3.799999603870674036e-07
2.659999950083147269e-06
3.320000004691792128e-06
1.964000000498344889e-05
5.400000304689456243e-07
7.799999934832158033e-07
5.199999577598646283e-07
1.839999998765051714e-05
1.919999988331255736e-06
3.199999980552092893e-06
4.799999828719592188e-07
9.000000318337697536e-07
3.399999286557431333e-07
1.500000010423718777e-06
2.940000001672160579e-06
4.599999954280065140e-07
8.199999967928306432e-07
1.279999992220837157e-06
7.000000010748408386e-07
1.839999995922880771e-06
3.600000013648241293e-07
7.000000152856955538e-07
1.720000000204890966e-06
3.399999854991619941e-07
8.520000008616079867e-06
6.000000212225131691e-07
3.600000013648241293e-07
1.330000009147624951e-05
1.441999999940435373e-05
1.095999999733976438e-05
1.880000013443350326e-06
2.660000006926566130e-06
9.800000384529994335e-07
3.660000004401808837e-06
4.999999987376213539e-07
2.100000003224522516e-06
7.000000010748408386e-07
1.879999999232495611e-06
6.799999994200334186e-07
1.420000018015343812e-06
3.399999854991619941e-07
6.839999997509949026e-06
4.020000005766632967e-06
6.199999234013375826e-07
6.599999977652259986e-07
1.160000000055561031e-06
1.480000001663483999e-06
1.029999999957453838e-05
3.800000172304862645e-07
6.199999802447564434e-07
8.800000159681076184e-07
2.999999992425728124e-06
1.305999990108830389e-05
4.179999990583382896e-06
3.800000172304862645e-07
1.179999969735945342e-06
3.399999854991619941e-07
4.799999828719592188e-07
1.047999990078096744e-05
1.190000000406143954e-05
3.400000423425808549e-07
3.400000423425808549e-07
3.599999995884672899e-07
4.599999989807201928e-07
2.500000000793534127e-06
4.799999828719592188e-07
5.600000008598726708e-06
8.400000979236210696e-07
3.999999762527295388e-07
6.600000688194995746e-07
9.000000318337697536e-07
1.860000001130401870e-06
6.199999802447564434e-07
4.680000017742713680e-06
4.600000238497159444e-07
9.120000072471157182e-06
4.199999921183916740e-07
6.200000001399530447e-06
2.300000005561742000e-06
1.027999996949802153e-05
2.960000017537822714e-06
3.600000582082429901e-07
2.639999991060903994e-06
7.999999525054590777e-07
8.079999986421171343e-06
4.199999921183916740e-07
1.419999989593634382e-06
6.079999934627267066e-06
4.599999101628782228e-07
3.400000423425808549e-07
7.100000004811590770e-06
3.400000423425808549e-07
9.800000100312900031e-07
1.929999999106257746e-05
1.240000017332931748e-06
7.560000085504725575e-06
3.059999997390150384e-06
3.380000009656214388e-06
4.000000011217252904e-07
4.000000046744389692e-07
2.739999999334941094e-06
3.600000582082429901e-07
1.939999947353499010e-06
5.599999894911888987e-07
3.399999997100167093e-07
4.599999954280065140e-07
1.659999952607904561e-06
1.456000001098800567e-05
1.100000076803553384e-06
4.800000397153780796e-07
2.700000003130753612e-06
5.400000304689456243e-07
5.199999577598646283e-07
5.100000009861105355e-06
1.387999998314626282e-05
4.480000029616348911e-06
8.399999842367833480e-07
9.199999979614403856e-07
3.780000000119798642e-06
1.465999997662947862e-05
4.999999987376213539e-07
6.200000370881753042e-07
5.999999643790943082e-07
6.999999868639861234e-07
3.340000006346599548e-06
4.559999979392159730e-06
1.020000013340904843e-06
1.900000029309012461e-06
3.399999997100167093e-07
3.600000013648241293e-07
6.999999868639861234e-07
1.875999998901534127e-05
1.657999996496073436e-05
2.580000000307336450e-06
1.080000004094472388e-06
2.420000015490586520e-06
1.880000013443350326e-06
1.960000000167383405e-05
3.799999603870674036e-07
3.579999997782579158e-06
4.179999962161673466e-06
6.399999961104185786e-07
3.180000000213567546e-06
6.399999961104185786e-07
2.719999997680133674e-06
5.200000146032834891e-07
6.999999982326698955e-06
4.199999921183916740e-07
2.559999984441674314e-06
4.600000238497159444e-07
1.159999982291992637e-06
4.319999987956180121e-06
5.200000714467023499e-07
6.000000212225131691e-07
5.059999999446063157e-06
4.039999907945457380e-06
6.979999994882746250e-06
6.399999961104185786e-07
8.600000001024454832e-07
3.600000582082429901e-07
1.066000004357192665e-05
2.840000007608978194e-06
4.400000079840538092e-07
3.800000172304862645e-07
3.800000740739051253e-07
3.999999975690116116e-07
1.029999999957453838e-05
5.200000146032834891e-07
2.119999976457620505e-06
4.920000037600402720e-06
2.739999985124086379e-06
1.020000013340904843e-06
1.679999968473566696e-06
5.200000146032834891e-07
3.440000000409781933e-06
1.879999985021640896e-06
3.120000030776282074e-06
3.679999963424052112e-06
3.019999979869680828e-06
3.319999990480937413e-06
1.337999998440864147e-05
1.668000001586733561e-05
9.400000067216751631e-07
4.999999987376213539e-07
4.720000006841473805e-06
3.399999854991619941e-07
2.140000106010120362e-06
1.280000049064256018e-06
7.799999934832158033e-07
7.040000014058023226e-06
9.439999985261238180e-06
7.400000185953103937e-07
3.020000001185962901e-06
1.722000000370371708e-05
1.259999976355175022e-06
2.679999965948809404e-06
1.340000005711772246e-05
1.603999999133520760e-05
9.600000225873372983e-07
2.560000041285093175e-06
2.920000042649917305e-06
3.499999991163349478e-06
1.639999993585661286e-06
3.600000013648241293e-07
1.580000002832093742e-06
3.800000172304862645e-07
3.799999888087768340e-07
3.799999888087768340e-07
3.800000172304862645e-07
3.600000013648241293e-07
3.600000013648241293e-07
3.399999854991619941e-07
1.040000000784857548e-06
6.000000212225131691e-07
3.619999972670484567e-06
4.020000005766632967e-06
2.419999987068877090e-06
5.199999861815740587e-07
4.400000079840538092e-07
1.475999999911437044e-05
1.301999998304381734e-05
9.400000067216751631e-07
5.320000013853132259e-06
7.679999981746732374e-06
3.999999762527295388e-07
1.859999997577688191e-06
3.240000012283417163e-06
2.760000029411457945e-06
4.599999989807201928e-07
4.080000003625627869e-06
6.519999999454739736e-06
5.199999861815740587e-07
5.599999894911888987e-07
1.833999999689694960e-05
8.600000001024454832e-07
4.799999828719592188e-07
6.619999965096212691e-06
1.353999999764710083e-05
4.999999987376213539e-07
4.600000238497159444e-07
4.400000079840538092e-07
2.559999984441674314e-06
5.999999928008037386e-07
2.660000006926566130e-06
2.099999999671808837e-06
7.440000004521607480e-06
3.399999854991619941e-07
3.399999968678457662e-06
1.679999968473566696e-06
8.600000001024454832e-07
4.000000046744389692e-07
6.519999999454739736e-06
7.200000027296482585e-07
1.999999994950485416e-06
4.599999670062970836e-07
5.599999894911888987e-07
5.399999736255267635e-07
4.799999970828139340e-07
7.220000014740435290e-06
3.399999286557431333e-07
4.600000238497159444e-07
5.800000053568510339e-07
1.160000010713702068e-06
1.400000000373324838e-06
2.339999994660502125e-06
3.399999997100167093e-07
6.799999994200334186e-07
5.679999986796246958e-06
1.904000001218264515e-05
5.800000053568510339e-07
1.619999991930853867e-06
6.799999994200334186e-07
4.600000011123484001e-06
6.799999709983239882e-07
1.399999996465339791e-05
2.399999999846968990e-06
7.600000060392630985e-07
2.699999981814471539e-06
1.179999998157654773e-06
4.999999987376213539e-07
3.820000017640268197e-06
5.599999894911888987e-07
1.720000000204890966e-06
3.100000014910619939e-06
1.340000039817823563e-06
1.769999994394311216e-05
1.664000001255772077e-05
8.399999842367833480e-07
5.980000082672631834e-06
3.400000139208714245e-07
3.279999987171322573e-06
2.139999992323282640e-06
1.399999973727972247e-06
1.060000045072229113e-06
4.800000041882412916e-07
3.399999997100167093e-07
5.999999999062310962e-07
1.980000000401105353e-06
1.119999993193232513e-06
1.940000004196917871e-06
4.399999795623443788e-07
6.399999961104185786e-07
8.000000093488779385e-07
5.399999736255267635e-07
6.199999802447564434e-07
1.500000024634573492e-06
1.679999996895276126e-06
8.400000410802022088e-07
4.239999952915241010e-06
1.673999997819919372e-05
1.331999999365507392e-05
3.600000013648241293e-07
3.779999985908943927e-06
3.800000030196315493e-07
3.600000013648241293e-07
5.579999992733064573e-06
2.719999997680133674e-06
4.199999921183916740e-07
3.219999999970468707e-06
4.000000046744389692e-07
1.819999994268073351e-06
1.239999994595564203e-05
1.434000000699597877e-05
6.600000119760807138e-07
7.200000027296482585e-07
1.220000001467269612e-06
5.599999894911888987e-07
1.092000000113557689e-05
1.040000000784857548e-06
1.199999985601607477e-06
6.400000529538374394e-07
3.399999997100167093e-06
8.559999969293130562e-06
4.800000397153780796e-07
4.799999828719592188e-07
2.440000002934539225e-06
7.600000344609725289e-07
6.200000370881753042e-07
3.799999888087768340e-07
3.200000008973802323e-06
2.339999980449647410e-06
1.898000000721822289e-05
4.799999828719592188e-07
1.680000025316985557e-06
1.714000001129534212e-05
6.000000212225131691e-07
2.099999960591958370e-06
1.181999999744220986e-05
3.799999603870674036e-07
1.740000016070553102e-06
8.399999842367833480e-07
4.400000079840538092e-07
9.999999974752427079e-07
3.399999997100167093e-07
7.000000010748408386e-07
1.299999999559986463e-05
4.000000046744389692e-07
2.940000001672160579e-06
1.359999998840066837e-06
6.400000529538374394e-07
8.000000661922967993e-07
8.199999967928306432e-07
6.600000119760807138e-07
1.259999976355175022e-06
3.600000582082429901e-07
3.600000013648241293e-07
1.400000002149681677e-06
2.139999992323282640e-06
9.999999974752427079e-07
4.839999974137754180e-06
5.020000003241875675e-06
2.719999997680133674e-06
1.440000005459296517e-06
4.599999954280065140e-07
6.600000688194995746e-07
1.270000007025373634e-05
3.800000740739051253e-07
2.419999999947464175e-06
4.399999795623443788e-07
1.342000001613996574e-05
4.799999828719592188e-07
1.236000002791115548e-05
1.780000002327142283e-05
2.359999996315309545e-06
3.079999999044957804e-06
5.999999075356754474e-07
5.800000053568510339e-07
3.600000013648241293e-07
4.999999418942024931e-07
1.740000001859698386e-06
5.500000014535544324e-06
4.599999670062970836e-07
9.600000225873372983e-07
1.480000037190620787e-06
4.599999101628782228e-07
3.600000582082429901e-07
1.685999995970632881e-05
3.079999999044957804e-06
2.499999993688106770e-06
4.100000012385862647e-06
9.999999974752427079e-07
4.440000012095879356e-06
1.783999999815932824e-05
6.339999998772327672e-06
2.160000008188944776e-06
8.980000018254941097e-06
3.140000004009380064e-06
1.760000003514505806e-06
6.999999868639861234e-07
5.800000053568510339e-07
6.799999709983239882e-07
1.903999998376093572e-05
1.300000000981071935e-06
5.800000053568510339e-07
3.399999854991619941e-07
4.999999987376213539e-07
3.999999762527295388e-07
5.800000053568510339e-07
5.800000053568510339e-07
3.060000040022714529e-06
3.719999995155376382e-06
5.199999577598646283e-07
3.600000013648241293e-06
5.199999861815740587e-07
4.599999954280065140e-07
1.262000000679108780e-05
1.260000090042012744e-06
9.600000083764825831e-07
6.280000008018760127e-06
3.700000007711423677e-06
8.600000001024454832e-07
3.600000013648241293e-07
1.100000019960134523e-06
2.879999954075174173e-06
5.599999894911888987e-07
4.040000021632295102e-06
6.399999392669997178e-07
3.800000030196315493e-07
1.940000004196917871e-06
1.039999986574002833e-06
2.120000004879329936e-06
3.399999997100167093e-07
1.655999994909507222e-05
9.199999340125941671e-07
8.199999985691874826e-07
3.800000030196315493e-07
9.599999941656278679e-07
2.639999991060903994e-06
1.220000058310688473e-06
6.599999977652259986e-07
2.119999999550259417e-06
4.719999992630619090e-06
1.675999999406485585e-05
2.819999963321606629e-06
6.120000023202010198e-06
4.200000489618105348e-07
4.599999101628782228e-07
1.847999999426974682e-05
4.400000079840538092e-07
1.859999997577688191e-06
4.639999986011389410e-06
1.620000034563418012e-06
2.719999997680133674e-06
5.800000053568510339e-07
3.359999993790552253e-06
3.600000582082429901e-07
8.600000001024454832e-07
1.439999977037587087e-06
1.359999998840066837e-06
3.139999989798525348e-06
8.200000252145400736e-07
5.439999995360267349e-06
3.179999964686430758e-06
4.600000238497159444e-07
1.392000001487758709e-05
2.559999998652529030e-06
2.260000002252127160e-06
3.999999989900970832e-06
3.600000013648241293e-07
1.336000002538639819e-05
5.699999999997373834e-06
8.999999749903508928e-07
4.520000004504254321e-06
5.800000053568510339e-07
3.800000740739051253e-07
5.399999736255267635e-07
5.200000146032834891e-07
4.999999987376213539e-07
4.999999987376213539e-06
3.400000423425808549e-07
6.400000103212732938e-07
3.999999762527295388e-07
2.680000079635647126e-06
1.660000009451323422e-06
1.059999988228810253e-06
3.399999997100167093e-07
3.979999988246163412e-06
6.600000119760807138e-07
3.859999992528173607e-06
7.560000028661306715e-06
4.600000238497159444e-07
1.799999992613265931e-06
4.000000046744389692e-07
7.799999934832158033e-07
4.640000000222244125e-06
4.300000000512227416e-06
6.199999944556111586e-07
1.460000007114103937e-06
4.000000011217252904e-07
2.940000001672160579e-06
4.800000397153780796e-07
4.599999954280065140e-07
1.464000000339638063e-05
1.459999992903249222e-06
4.200000063292463892e-07
2.019999996605292836e-06
6.599999551326618530e-07
1.080000060937891249e-06
1.646000001187530870e-05
1.413999996202619513e-05
2.580000000307336450e-06
4.699999998081239028e-06
4.400000079840538092e-07
5.599999894911888987e-07
3.599999445214052685e-07
2.459999990378491930e-06
1.099999991538425093e-06
2.900000026784255169e-06
1.215999998294137185e-05
1.659999952607904561e-06
9.799999816095805727e-07
4.920000037600402720e-06
4.060000009076247807e-06
7.200000027296482585e-07
3.120000002354572644e-06
6.400000529538374394e-07
5.140000002512579158e-06
3.600000013648241293e-07
1.960000005851725291e-06
8.999999749903508928e-07
1.440000005459296517e-06
4.279999984646565281e-06
3.380000066499633249e-06
9.499999919171386864e-06
6.200000015610385162e-07
3.999999762527295388e-07
2.279999989696079865e-06
2.699999996025326254e-06
1.699999984339228831e-06
6.600000688194995746e-07
9.600000012710552255e-07
2.180000002738324838e-06
4.000000011217252904e-07
3.399999997100167093e-07
3.800000030196315493e-07
1.976000000070143869e-05
2.119999976457620505e-06
8.080000000632026058e-06
6.799999709983239882e-07
3.399999854991619941e-07
5.600000008598726708e-06
7.999999525054590777e-07
5.200000146032834891e-07
8.320000006278860383e-06
3.399999997100167093e-07
8.800000017572529032e-07
3.800000172304862645e-07
1.479999980347201927e-06
3.400000423425808549e-07
2.539999996997721610e-06
1.219999999335641405e-05
3.440000000409781933e-06
1.374000001419517503e-05
3.799999603870674036e-07
2.600000016172998585e-06
1.060000045072229113e-06
3.800000172304862645e-07
7.399999617518915329e-07
6.399999961104185786e-07
8.999999998593466444e-06
8.200000038982580008e-07
1.400000002149681677e-06
6.799999994200334186e-07
2.019999982394438121e-06
9.199999908560130280e-07
3.219999996417755028e-06
1.460000021324958652e-06
2.600000000185787030e-06
9.400000067216751631e-07
2.359999996315309545e-06
4.799999970828139340e-07
2.359999996315309545e-06
5.999999643790943082e-07
6.799999709983239882e-07
9.239999997134873411e-06
3.179999964686430758e-06
4.000000330961483996e-07
1.640000050429080147e-06
4.199999992238190316e-07
1.791999999056770321e-05
5.499999986113834893e-06
1.399999973727972247e-06
2.719999997680133674e-06
1.569999994899262674e-05
5.160000000614672899e-06
6.799999994200334186e-07
1.001999999061808921e-05
3.399999854991619941e-07
3.400000423425808549e-07
1.159999996502847353e-06
3.399999854991619941e-07
2.840000036030687625e-06
3.739999999474719061e-06
4.400000079840538092e-07
7.680000010168441804e-06
9.200000022246968001e-06
4.539999991948207025e-06
6.799999709983239882e-07
1.359999998840066837e-06
5.040000019107537810e-06
4.199999921183916740e-07
6.400000529538374394e-07
3.959999958169646561e-06
8.600000001024454832e-07
2.900000026784255169e-06
9.200000476994318888e-07
1.819999965846363921e-06
8.600000001024454832e-06
8.239999942816211842e-06
5.399999736255267635e-07
7.399999049084726721e-07
6.399999392669997178e-07
1.600000018697755877e-06
7.600000007101925803e-07
5.200000146032834891e-07
1.279999992220837157e-06
5.800000053568510339e-07
4.000000002335468707e-07
3.399999997100167093e-07
6.400000032158459362e-07
5.199999861815740587e-07
6.799999994200334186e-07
5.800000053568510339e-07
4.400000079840538092e-07
4.199999921183916740e-07
3.799999888087768340e-07
5.400000020472361939e-07
4.200000205401011044e-07
4.000000046744389692e-07
5.199999861815740587e-07
8.000000093488779385e-07
8.799999875463981880e-07
1.400000002149681677e-06
5.400000020472361939e-07
3.399999854991619941e-07
8.800000159681076184e-07
3.259999971305660438e-06
4.040000021632295102e-06
9.999999974752427079e-07
9.460000001126900315e-06
8.040000011533265933e-06
3.519999950185592752e-06
9.839999961513967719e-06
7.039999999847168510e-06
2.460000018800201360e-06
2.059999985704052961e-06
6.200000086664658738e-07
6.200000086664658738e-07
3.999999762527295388e-07
2.960000017537822714e-06
1.412000000300395186e-05
6.800000278417428490e-07
3.599999445214052685e-07
1.937999999768180714e-05
1.693999999474726792e-05
5.200000146032834891e-07
1.040000000784857548e-06
2.459999990378491930e-06
1.130000003968234523e-05
3.300000003036984708e-06
1.039999972363148117e-06
