3.559999999680485416e-06
2.000000002055912773e-06
7.539999998584789864e-06
6.099999993125493347e-06
2.800000000746649675e-07
3.799999959142041916e-07
7.800000005886431609e-07
4.399999937731990940e-07
4.800000112936686492e-07
3.999999989900970832e-06
3.199999980552092893e-07
2.240000000597319740e-06
1.539999999522478902e-06
8.800000017572529032e-07
3.459999987853734638e-06
4.600000238497159444e-07
3.199999980552092893e-07
2.139999992323282640e-06
2.659999992715711414e-06
2.800000004299363354e-06
3.600000013648241293e-07
2.419999987068877090e-06
5.199999861815740587e-07
3.639999988536146702e-06
5.400000020472361939e-07
1.380000014705728972e-06
6.600000119760807138e-07
9.239999997134873411e-06
3.039999995735342964e-06
5.999999928008037386e-07
9.080000012318123481e-06
3.800000172304862645e-07
1.300000008086499292e-06
1.019999984919195413e-06
7.179999954587401589e-06
6.860000041797320591e-06
6.700000028558861231e-06
6.599999551326618530e-07
1.280000049064256018e-06
3.579999997782579158e-06
1.320000023952161428e-06
3.760000026886700653e-06
6.540000015320401872e-06
9.999999974752427079e-07
5.900000019209983293e-06
9.579999982634035405e-06
6.799999709983239882e-07
4.999999987376213539e-07
8.760000014262914192e-06
7.799999934832158033e-07
3.520000007029011613e-06
5.800000053568510339e-07
2.599999788799323142e-07
1.700000041182647692e-06
2.840000036030687625e-06
1.419999989593634382e-06
2.660000006926566130e-06
5.000000555810402147e-07
9.800000952964182943e-07
2.979999976560065988e-06
8.199999683711212128e-07
6.400000529538374394e-07
5.840000085299834609e-06
3.620000029513903428e-06
8.260000072368711699e-06
3.359999936947133392e-06
6.599999551326618530e-07
5.000000555810402147e-07
2.359999939471890684e-06
5.199999577598646283e-07
2.659999950083147269e-06
1.859999997577688191e-06
2.600000016172998585e-06
6.020000000717118382e-06
4.400000079840538092e-07
9.739999995872494765e-06
2.460000018800201360e-06
9.999999974752427079e-07
1.459999907638120931e-06
2.399999630142701790e-07
5.420000000366798076e-06
5.800000000277805157e-06
8.399999984476380632e-07
6.399999996631322574e-07
3.959999997249497028e-06
9.959999999864521669e-06
1.639999993585661286e-06
8.400000002239949026e-07
2.980000001429061740e-06
7.140000001015778253e-06
6.680000005587771739e-06
3.399999997100167093e-07
1.040000000784857548e-06
2.059999999914907676e-06
6.399999961104185786e-07
6.599999977652259986e-07
1.599999990276046447e-06
4.419999982019362506e-06
4.979999999932260835e-06
3.380000009656214388e-06
4.239999995547805156e-06
4.000000046744389692e-07
9.599999941656278679e-07
3.419999998754974513e-06
3.980000002457018127e-06
4.820000015115510905e-06
4.000000046744389692e-07
8.600000001024454832e-07
3.640000016957856133e-06
4.599999954280065140e-07
3.600000013648241293e-07
8.400000126584927784e-07
9.799999986626062309e-06
3.639999988536146702e-06
3.600000013648241293e-07
3.400000139208714245e-07
2.660000006926566130e-06
5.200000146032834891e-07
4.839999974137754180e-06
4.000000330961483996e-07
1.339999982974404702e-06
6.800000278417428490e-07
4.719999992630619090e-06
3.399999854991619941e-07
1.339999982974404702e-06
4.559999979392159730e-06
5.800000053568510339e-07
2.639999991060903994e-06
1.080000004094472388e-06
3.800000001774606062e-06
6.800000278417428490e-07
3.380000009656214388e-06
3.339999977924890118e-06
1.580000002832093742e-06
9.439999985261238180e-06
4.600000238497159444e-07
8.399999842367833480e-07
5.219999991368240444e-06
9.259999956157116685e-06
6.800000278417428490e-07
7.200000027296482585e-07
7.839999966563482303e-06
7.100000004811590770e-06
8.540000010270887287e-06
4.419999982019362506e-06
1.379999957862310112e-06
1.380000014705728972e-06
1.759999975092796376e-06
8.200000252145400736e-07
1.099999963116715662e-06
7.999999525054590777e-07
1.500000053056282923e-06
2.279999989696079865e-06
6.400000529538374394e-07
3.400000423425808549e-07
1.180000026579364203e-06
1.980000092771661002e-06
5.880000003344321158e-06
6.000000212225131691e-07
3.800000740739051253e-07
7.800000503266346641e-07
8.859999979904387146e-06
4.139999987273768056e-06
4.620000026989146136e-06
3.800000740739051253e-07
6.599999551326618530e-07
6.599999551326618530e-07
3.839999976662511472e-06
6.859999984953901730e-06
5.440000109047105070e-06
9.999999974752427079e-07
4.359999998371222318e-06
1.359999998840066837e-06
2.359999999868023224e-06
3.399999854991619941e-07
1.220000001467269612e-06
8.719999996742444637e-06
9.880000007456146704e-06
7.999999951380232233e-07
3.899999995837788447e-06
2.840000007608978194e-06
1.279999992220837157e-06
5.259999994677855284e-06
6.180000013955577742e-06
2.839999979187268764e-06
6.000000013273165678e-06
6.979999994882746250e-06
7.799999934832158033e-07
3.499999991163349478e-06
8.799999875463981880e-07
2.599999788799323142e-07
7.979999992357988958e-06
4.739999980074571795e-06
8.600000001024454832e-07
3.739999954177619657e-06
2.099999960591958370e-06
2.799999947455944493e-07
2.439999946091120364e-06
1.400000030571391108e-06
6.799999709983239882e-07
7.560000028661306715e-06
7.259999961206631269e-06
7.200000027296482585e-07
7.200000027296482585e-07
1.320000023952161428e-06
4.480000029616348911e-06
4.219999993892997736e-06
1.720000000204890966e-06
1.279999992220837157e-06
4.579999995257821865e-06
2.619999975195241859e-06
3.600000013648241293e-07
5.599999894911888987e-07
3.800000172304862645e-07
5.740000005971523933e-06
5.999999643790943082e-07
6.199999802447564434e-07
1.279999992220837157e-06
1.759999975092796376e-06
1.920000045174674597e-06
3.600000013648241293e-07
5.199999577598646283e-07
3.000000106112565845e-07
3.800000172304862645e-07
8.920000027501373552e-06
5.039999962264118949e-06
3.440000000409781933e-06
1.220000058310688473e-06
1.760000031936215237e-06
6.419999976969847921e-06
3.399999286557431333e-07
5.199999577598646283e-07
3.979999974035308696e-06
6.799999709983239882e-07
1.139999994848039933e-06
3.999999989900970832e-06
9.920000024976616260e-06
1.079999947251053527e-06
1.759999918249377515e-06
3.359999936947133392e-06
3.839999976662511472e-06
5.400000873123644851e-07
3.279999987171322573e-06
4.600000238497159444e-07
1.860000111264525913e-06
1.539999999522478902e-06
3.199999980552092893e-07
6.939999998678558768e-06
4.000000046744389692e-07
7.000000010748408386e-07
6.000000070116584538e-07
1.820000008478928066e-06
1.220000001467269612e-06
8.640000000781355993e-06
2.600000001962143870e-07
3.720000009366231097e-06
2.540000011208576325e-06
6.640000009383584256e-06
1.220000001467269612e-06
4.999999987376213539e-07
3.600000013648241293e-07
8.800000017572529032e-07
2.800000004299363354e-06
1.619999977719999151e-06
3.680000006056616257e-06
1.939999989986063156e-06
3.600000013648241293e-07
4.279999998857419996e-06
2.240000000597319740e-06
4.640000000222244125e-06
3.200000008973802323e-06
2.260000002252127160e-06
3.460000016275444068e-06
1.400000002149681677e-06
3.020000008291390259e-06
7.199999743079388281e-07
1.660000009451323422e-06
8.000000093488779385e-07
2.420000015490586520e-06
2.839999979187268764e-06
2.679999965948809404e-06
2.099999960591958370e-06
1.999995902224327438e-08
1.800000006824120646e-06
1.639999993585661286e-06
1.800000006824120646e-06
3.660000004401808837e-06
6.559999974342645146e-06
3.600000013648241293e-07
4.660000001877051545e-06
3.000000106112565845e-07
1.720000000204890966e-06
3.199999696334998589e-07
8.799999591246887576e-07
4.799999828719592188e-07
3.999999762527295388e-07
1.039999972363148117e-06
4.479999972772930050e-06
4.899999964891321724e-06
2.999999992425728124e-06
2.480000034665863495e-06
1.859999997577688191e-06
1.519999955235107336e-06
2.999999992425728124e-06
3.660000004401808837e-06
4.800000397153780796e-07
2.300000005561742000e-06
7.400000185953103937e-07
3.939999999147403287e-06
2.860000051896349760e-06
6.880000000819563866e-06
1.740000016070553102e-06
6.999999868639861234e-07
9.400000067216751631e-07
2.219999998942512320e-06
3.960000015013065422e-06
6.199999802447564434e-07
3.000000106112565845e-07
1.160000010713702068e-06
3.799999603870674036e-07
1.960000020062580006e-06
3.600000013648241293e-07
6.900000016685226001e-06
7.059999916236847639e-06
4.000000899395672604e-07
2.139999992323282640e-06
5.680000072061375249e-06
2.799999947455944493e-07
7.800000503266346641e-07
2.340000037293066271e-06
3.800000740739051253e-07
9.820000059335143305e-06
3.000000106112565845e-07
2.400000084890052676e-06
1.760000031936215237e-06
1.040000029206566978e-06
1.880000013443350326e-06
8.399999842367833480e-07
3.600000582082429901e-07
1.020000013340904843e-06
8.199999683711212128e-07
2.799999947455944493e-06
2.139999992323282640e-06
4.000000899395672604e-07
3.480000032141106203e-06
7.600000344609725289e-07
3.599999445214052685e-07
3.599999445214052685e-07
2.320000021427404135e-06
6.399999996631322574e-07
1.099999998643852450e-06
6.900000002474371286e-06
9.920000003660334187e-06
2.600000073016417446e-07
7.000000010748408386e-07
6.400000103212732938e-07
3.340000006346599548e-06
3.740000011021038517e-06
1.139999994848039933e-06
1.279999992220837157e-06
9.000000034120603232e-07
9.999999974752427079e-07
5.860000001689513738e-06
1.659999981029613991e-06
5.460000011225929484e-06
3.680000020267470973e-06
2.699999981814471539e-06
8.400000012898090063e-06
2.600000073016417446e-07
2.799999947455944493e-07
9.999999974752427079e-07
7.920000001604421414e-06
4.359999991265794961e-06
4.259999997202612576e-06
9.200000022246968001e-06
1.819999994268073351e-06
6.399999961104185786e-07
1.319999995530451997e-06
3.000000106112565845e-07
6.759999962469009915e-06
3.859999992528173607e-06
4.799999828719592188e-07
5.659999999352294253e-06
1.459999964481539791e-06
1.180000026579364203e-06
1.120000035825796658e-06
7.280000033915712265e-06
5.680000015217956388e-06
2.440000002934539225e-06
1.799999949980701786e-06
2.080000001569715096e-06
4.000000330961483996e-07
5.200000146032834891e-07
2.380000012180971680e-06
4.740000008496281225e-06
7.680000010168441804e-06
6.219999988843483152e-06
2.179999967211188050e-06
1.540000027944188332e-06
5.380000004606699804e-06
6.200000370881753042e-07
1.020000013340904843e-06
1.300000008086499292e-06
6.159999998089915607e-06
2.779999988433701219e-06
4.799999828719592188e-07
3.200000264769187197e-07
1.220000001467269612e-06
6.199999802447564434e-07
1.279999992220837157e-06
1.080000004094472388e-06
1.160000010713702068e-06
2.799999947455944493e-07
1.199999985601607477e-06
3.399999286557431333e-07
7.599999207741348073e-07
2.679999965948809404e-06
4.400000079840538092e-07
6.200000370881753042e-07
8.299999990413198248e-06
8.399999842367833480e-07
3.000000106112565845e-07
6.599999551326618530e-07
1.899999915622174740e-06
3.180000021529849619e-06
9.999999974752427079e-06
2.599999788799323142e-07
9.399999498782563023e-07
2.119999976457620505e-06
7.659999937459360808e-06
2.480000034665863495e-06
2.559999984441674314e-06
3.600000582082429901e-07
3.099999958067201078e-06
3.640000045379565563e-06
1.379999957862310112e-06
1.780000047801877372e-06
3.599999978121104505e-07
3.019999997633249222e-06
4.060000001970820449e-06
1.359999998840066837e-06
3.199999980552092893e-07
7.999999995789153218e-07
3.999999975690116116e-08
6.939999998678558768e-06
4.079999996520200511e-06
5.799999982514236763e-07
4.359999991265794961e-06
1.740000016070553102e-06
3.100000014910619939e-06
5.199999861815740587e-07
4.340000003821842256e-06
5.200000003924287739e-07
1.259999990566029737e-06
5.800000053568510339e-07
3.800000030196315493e-07
5.160000000614672899e-06
2.899999998362545739e-06
8.539999996060032572e-06
9.800000015047771740e-06
4.400000079840538092e-07
1.060000016650519683e-06
5.640000011908341548e-06
8.000000093488779385e-07
2.379999983759262250e-06
4.600000238497159444e-07
8.600000001024454832e-07
6.399999961104185786e-07
2.080000001569715096e-06
8.199999683711212128e-07
6.200000370881753042e-07
1.100000019960134523e-06
5.219999991368240444e-06
5.479999970248172758e-06
3.919999983281741152e-06
5.219999991368240444e-06
3.620000029513903428e-06
5.300000054830888985e-06
2.180000024054606911e-06
5.120000025726767490e-06
1.759999975092796376e-06
2.539999968576012179e-06
3.399999854991619941e-07
3.399999854991619941e-07
9.199999908560130280e-07
5.199999975502578309e-06
1.960000020062580006e-06
3.319999962059227983e-06
1.220000001467269612e-06
7.599999776175536681e-07
2.600000357233511750e-07
5.599999894911888987e-07
2.799999947455944493e-07
8.600000001024454832e-07
1.800000006824120646e-06
2.339999980449647410e-06
8.600000001024454832e-07
2.359999939471890684e-06
2.859999995052930899e-06
3.859999992528173607e-06
3.460000016275444068e-06
2.499999936844687909e-06
6.999999868639861234e-07
2.599999788799323142e-07
3.599999445214052685e-07
3.500000048006768338e-06
1.400000087414809968e-06
3.279999987171322573e-06
3.399999286557431333e-07
7.039999900371185504e-06
8.600000001024454832e-07
2.599999788799323142e-07
4.400000079840538092e-07
1.679999968473566696e-06
6.599999551326618530e-07
6.400000529538374394e-07
3.000000106112565845e-07
3.839999976662511472e-06
3.620000029513903428e-06
7.099999947968171909e-06
9.000000318337697536e-07
4.180000019005092327e-06
2.780000045277120080e-06
8.279999974547536112e-06
5.439999995360267349e-06
6.199999997846816768e-07
2.799999982983081281e-07
7.999999986907369021e-07
1.839999999475594450e-06
4.499999999296733222e-06
2.160000001083517418e-06
2.600000001962143870e-07
1.939999997091490513e-06
2.719999997680133674e-06
1.019999984919195413e-06
8.399999842367833480e-07
1.099999991538425093e-06
9.800000100312900031e-07
2.779999988433701219e-06
1.699999984339228831e-06
4.000000046744389692e-07
3.399999854991619941e-07
3.600000013648241293e-07
6.419999976969847921e-06
3.600000013648241293e-07
9.800000100312900031e-07
3.399999997100167093e-06
1.419999989593634382e-06
1.779999990958458511e-06
3.200000008973802323e-06
4.199999921183916740e-07
9.699999992562879925e-06
5.460000011225929484e-06
3.800000172304862645e-07
6.399999961104185786e-07
8.000000093488779385e-07
7.799999934832158033e-07
2.020000010816147551e-06
1.940000004196917871e-06
2.580000000307336450e-06
3.680000020267470973e-06
4.120000028251524782e-06
2.600000357233511750e-07
3.000000106112565845e-07
3.260000028149079299e-06
6.399999961104185786e-07
7.799999934832158033e-07
1.859999997577688191e-06
2.080000001569715096e-06
2.239999957964755595e-06
1.479999980347201927e-06
5.100000009861105355e-06
2.599999788799323142e-07
5.999999984851456247e-06
1.799999949980701786e-06
9.799999816095805727e-07
1.740000016070553102e-06
3.800000001774606062e-06
8.320000006278860383e-06
6.600000119760807138e-07
2.840000036030687625e-06
2.599999788799323142e-07
3.880000008393835742e-06
3.199999696334998589e-07
6.600000119760807138e-07
2.040000026681809686e-06
7.400000185953103937e-07
1.960000020062580006e-06
7.400000185953103937e-07
2.560000041285093175e-06
4.480000029616348911e-06
3.379999952812795527e-06
3.799999603870674036e-07
3.399999286557431333e-07
1.979999979084823281e-06
1.620000034563418012e-06
2.399999630142701790e-07
2.559999984441674314e-06
6.800000051043753047e-06
4.379999950288038235e-06
3.259999971305660438e-06
4.200000034870754462e-06
4.800000397153780796e-07
5.060000034973199945e-06
4.760000024361943360e-06
7.200000027296482585e-07
2.300000005561742000e-06
4.859999990003416315e-06
1.160000010713702068e-06
8.799999022812698968e-07
7.400000185953103937e-07
5.380000061450118665e-06
5.000000005139781933e-07
3.600000013648241293e-07
9.020000000248273864e-06
4.119999999829815351e-06
1.939999997091490513e-06
4.320000002167034836e-06
1.380000000494874257e-06
4.440000001437738320e-06
3.600000013648241293e-07
5.900000004999128578e-06
7.599999918284083833e-07
1.640000007796516002e-06
7.999999951380232233e-07
4.399999937731990940e-07
5.600000037020436139e-07
3.199999980552092893e-07
3.399999854991619941e-07
5.119999997305058059e-06
2.179999995632897480e-06
1.160000010713702068e-06
8.000000093488779385e-07
7.200000027296482585e-07
9.200000192777224584e-07
3.880000008393835742e-06
2.799999975877653924e-06
5.999999928008037386e-07
1.999998744395270478e-08
3.600000013648241293e-07
2.080000001569715096e-06
4.259999997202612576e-06
3.440000000409781933e-06
6.600000119760807138e-07
4.199999921183916740e-07
9.220000009690920706e-06
5.399999736255267635e-07
5.199999975502578309e-06
3.060000040022714529e-06
4.000000330961483996e-07
7.600000344609725289e-07
2.419999987068877090e-06
1.139999994848039933e-06
2.900000026784255169e-06
9.000000318337697536e-07
9.000000318337697536e-07
9.400000067216751631e-07
6.039999959739361657e-06
1.240000017332931748e-06
1.039999972363148117e-06
1.499999996212864062e-06
9.400000067216751631e-07
4.699999976764956955e-06
6.639999980961874826e-06
7.200000027296482585e-07
7.779999975809914758e-06
1.599999961854337016e-06
5.600000463346077595e-07
4.720000049474037951e-06
2.779999988433701219e-06
2.499999993688106770e-06
1.080000004094472388e-06
1.699999984339228831e-06
3.399999854991619941e-07
1.999999994950485416e-06
5.000000555810402147e-07
3.199999696334998589e-07
4.999999987376213539e-07
1.099999963116715662e-06
1.320000023952161428e-06
2.719999997680133674e-06
2.139999992323282640e-06
4.779999926540767774e-06
5.199999577598646283e-07
2.399999630142701790e-07
4.600000238497159444e-07
6.599999551326618530e-07
7.700000082877522800e-06
4.320000016377889551e-06
6.600000688194995746e-07
3.599999445214052685e-07
2.399999971203214955e-06
6.000000212225131691e-07
3.499999934319930617e-06
5.999999984851456247e-06
8.199999683711212128e-07
7.200000027296482585e-07
5.000000555810402147e-07
4.700000090451794676e-06
2.079999944726296235e-06
3.800000740739051253e-07
3.260000000615548288e-06
5.620000000483571512e-06
3.400000014863735487e-07
4.800000006355276128e-07
1.300000000981071935e-06
2.640000005271758710e-06
3.700000000605996320e-06
4.240000002653232514e-06
2.980000004981775419e-06
4.219999993892997736e-06
5.200000003924287739e-07
3.460000002064589353e-06
2.679999994370518834e-06
5.920000006653935998e-06
4.000000046744389692e-07
8.000000093488779385e-07
5.319999999642277544e-06
5.979999997407503542e-06
2.800000004299363354e-06
5.939999994097888703e-06
6.139999982224253472e-06
8.199999967928306432e-07
8.199999967928306432e-07
2.999999821895471541e-07
3.160000005664187483e-06
5.999999928008037386e-07
3.459999987853734638e-06
6.439999992835510056e-06
5.400000020472361939e-07
1.099999991538425093e-06
1.800000006824120646e-06
5.800000053568510339e-07
4.400000079840538092e-07
2.799999947455944493e-07
6.999999982326698955e-06
6.600000119760807138e-07
4.999999987376213539e-07
2.300000005561742000e-06
3.139999989798525348e-06
8.799999591246887576e-07
2.399999630142701790e-07
1.119999978982377797e-06
1.260000033198593883e-06
2.600000357233511750e-07
2.400000028046633815e-06
2.160000008188944776e-06
2.600000357233511750e-07
3.880000008393835742e-06
2.779999988433701219e-06
5.639999983486632118e-06
4.599999670062970836e-07
2.380000012180971680e-06
8.800000159681076184e-07
2.999999537678377237e-07
9.599999657439184375e-07
1.399999973727972247e-06
6.579999990208307281e-06
1.219999944623850752e-06
1.120000092669215519e-06
1.419999989593634382e-06
6.999999868639861234e-07
2.799999947455944493e-07
6.539999958476983011e-06
8.279999974547536112e-06
6.480000024566834327e-06
8.000000661922967993e-07
8.399999842367833480e-07
8.239999942816211842e-06
3.780000042752362788e-06
9.399999953529913910e-06
7.859999982429144438e-06
4.700000090451794676e-06
3.460000016275444068e-06
3.799999994669178704e-07
2.279999996801507223e-06
6.199999997846816768e-06
1.219999994361842255e-06
1.320000002635879355e-06
5.820000001932612577e-06
6.319999997117520252e-06
6.599999998968542059e-06
4.140000001484622771e-06
5.340000001297084964e-06
5.960000009963550838e-06
6.540000001109547156e-06
3.800000030196315493e-07
5.599999894911888987e-07
1.380000014705728972e-06
4.000000046744389692e-07
9.000000034120603232e-07
5.299999997987470124e-06
2.040000026681809686e-06
8.000000093488779385e-07
7.799999934832158033e-07
7.980000020779698389e-06
3.700000007711423677e-06
1.179999969735945342e-06
1.519999983656816767e-06
7.000000152856955538e-07
2.539999996997721610e-06
2.999999992425728124e-06
6.800000278417428490e-07
2.200000039920269046e-07
8.800000159681076184e-07
5.799999996725091478e-06
2.599999788799323142e-07
7.200000027296482585e-07
1.520000012078526197e-06
2.539999968576012179e-06
9.500000032858224586e-06
2.080000001569715096e-06
6.999999868639861234e-07
7.000000437074049842e-07
1.059999988228810253e-06
2.100000017435377231e-06
4.199999921183916740e-07
8.799999591246887576e-07
1.259999976355175022e-06
2.139999992323282640e-06
2.999999537678377237e-07
2.599999788799323142e-07
1.179999969735945342e-06
2.739999956702376949e-06
2.799999947455944493e-07
2.100000017435377231e-06
5.400000020472361939e-06
8.640000032755779102e-06
2.819999963321606629e-06
3.199999696334998589e-07
1.660000009451323422e-06
8.600000001024454832e-07
2.119999976457620505e-06
7.239999945340969134e-06
4.800000397153780796e-07
6.799999709983239882e-07
2.239999957964755595e-06
4.340000032243551686e-06
3.799999603870674036e-07
4.000000899395672604e-07
3.099999958067201078e-06
4.620000026989146136e-06
3.360000050633971114e-06
1.479999923503783066e-06
2.400000084890052676e-06
3.780000042752362788e-06
5.399999736255267635e-07
6.119999966358591337e-06
8.200000820579589345e-07
1.580000002832093742e-06
9.399999498782563023e-07
3.800000740739051253e-07
1.920000000765753612e-06
4.459999999539832061e-06
3.399999997100167093e-07
8.600000001024454832e-07
4.900000000418458512e-06
3.999999904635842540e-07
5.379999990395845089e-06
3.600000013648241293e-07
9.340000000079839992e-06
8.999999998593466444e-07
1.120000000298659870e-06
7.600000060392630985e-07
4.440000004990451998e-06
7.000000010748408386e-07
2.400000056468343246e-07
6.799999994200334186e-07
4.399999937731990940e-07
8.399999984476380632e-07
3.799999888087768340e-07
2.799999947455944493e-07
6.600000119760807138e-07
4.480000001194639481e-06
3.960000015013065422e-06
8.600000001024454832e-06
3.460000016275444068e-06
3.939999999147403287e-06
2.160000008188944776e-06
8.459999975229948177e-06
3.499999991163349478e-06
1.020000013340904843e-06
2.359999996315309545e-06
7.399999617518915329e-07
5.719999990105861798e-06
4.800000397153780796e-07
5.800000053568510339e-07
1.080000004094472388e-06
4.160000003139430191e-06
3.100000014910619939e-06
2.020000010816147551e-06
1.160000010713702068e-06
3.399999854991619941e-07
2.940000001672160579e-06
3.679999963424052112e-06
3.240000012283417163e-06
7.799999934832158033e-07
4.400000079840538092e-07
4.400000079840538092e-07
3.600000013648241293e-07
7.420000031288509490e-06
2.160000008188944776e-06
2.900000026784255169e-06
1.639999936742242426e-06
2.620000032038660720e-06
5.299999997987470124e-06
1.459999907638120931e-06
2.599999788799323142e-07
7.799999366397969425e-07
6.599999551326618530e-07
3.200000264769187197e-07
6.000000212225131691e-07
2.699999981814471539e-06
3.079999942201538943e-06
3.459999902588606346e-06
6.299999995462712832e-06
2.999999992425728124e-06
5.399999736255267635e-07
6.060000032448442653e-06
7.600000344609725289e-07
2.959999960694403853e-06
1.760000031936215237e-06
4.119999999829815351e-06
2.800000018510218069e-07
7.520000000482696123e-06
3.840000001531507223e-06
3.800000030196315493e-07
2.600000001962143870e-07
1.460000000008676579e-06
7.359999999678734639e-06
4.919999998520552253e-06
3.600000013648241293e-07
3.399999997100167093e-07
2.440000002934539225e-06
9.039999994797653926e-06
4.799999970828139340e-07
2.800000089564491645e-07
8.800000017572529032e-07
3.600000013648241293e-07
2.979999976560065988e-06
3.800000172304862645e-07
4.080000024941909942e-06
2.480000006244154065e-06
4.699999990975811670e-06
4.520000004504254321e-06
1.740000016070553102e-06
2.799999947455944493e-07
6.399999961104185786e-07
1.100000019960134523e-06
1.720000000204890966e-06
3.400000139208714245e-07
2.219999998942512320e-06
7.200000027296482585e-07
1.799999978402411216e-06
8.339999993722813088e-06
2.940000001672160579e-06
9.839999989935677149e-06
4.979999999932260835e-06
5.200000146032834891e-07
8.239999999659630703e-06
3.600000013648241293e-07
9.000000318337697536e-07
6.499999983589077601e-06
3.399999854991619941e-07
6.399999961104185786e-07
7.980000020779698389e-06
7.200000027296482585e-06
3.199999696334998589e-07
6.399999961104185786e-07
4.999999987376213539e-07
8.200000252145400736e-07
3.620000029513903428e-06
3.960000015013065422e-06
8.000000093488779385e-07
4.599999670062970836e-07
5.059999978129781084e-06
7.440000047154171625e-06
9.180000006381305866e-06
4.600000238497159444e-07
3.999999762527295388e-07
2.799999947455944493e-07
4.759999967518524500e-06
1.179999969735945342e-06
6.539999958476983011e-06
6.800000278417428490e-07
4.040000021632295102e-06
2.180000024054606911e-06
3.600000013648241293e-07
1.999999994950485416e-06
2.599999788799323142e-07
1.859999997577688191e-06
3.879999894706998020e-06
3.040000024157052394e-06
7.940000045891792979e-06
7.600000344609725289e-07
8.400000979236210696e-07
2.500000050531525631e-06
3.880000008393835742e-06
6.999999868639861234e-07
6.399999961104185786e-06
3.400000423425808549e-07
1.600000018697755877e-06
1.039999915519729257e-06
7.999999525054590777e-07
3.160000005664187483e-06
1.900000029309012461e-06
2.399999630142701790e-07
2.480000034665863495e-06
9.999999974752427079e-07
6.400000529538374394e-07
2.799999947455944493e-07
8.440000101472833194e-06
6.399999392669997178e-07
1.740000016070553102e-06
3.719999995155376382e-06
1.999999994950485416e-06
9.339999998303483153e-06
1.199999999812462192e-06
6.799999994200334186e-07
7.519999996929982444e-06
6.139999996435108187e-06
3.399999997100167093e-07
6.960000000333366188e-06
2.800000089564491645e-07
3.799999888087768340e-07
9.200000050668677432e-07
1.619999991930853867e-06
1.220000001467269612e-06
1.539999999522478902e-06
3.359999993790552253e-06
4.100000012385862647e-06
8.199999967928306432e-07
3.139999989798525348e-06
8.940000000734471541e-06
8.600000001024454832e-07
2.600000073016417446e-07
4.180000019005092327e-06
5.999999928008037386e-07
2.539999996997721610e-06
3.000000106112565845e-07
2.459999990378491930e-06
3.400000139208714245e-07
5.600000179128983291e-07
1.999999994950485416e-06
9.779999999182109605e-06
1.700000041182647692e-06
2.459999961956782499e-06
3.399999854991619941e-07
5.880000003344321158e-06
1.339999982974404702e-06
4.219999993892997736e-06
1.180000026579364203e-06
2.679999965948809404e-06
6.399999961104185786e-07
1.460000021324958652e-06
3.600000013648241293e-07
3.200000264769187197e-07
9.999999974752427079e-07
7.740000000922009349e-06
5.399999736255267635e-07
9.799999816095805727e-07
8.600000001024454832e-07
5.939999994097888703e-06
3.980000030878727557e-06
3.600000013648241293e-07
7.200000027296482585e-07
5.419999979494605213e-06
1.919999988331255736e-06
5.599999894911888987e-07
1.580000002832093742e-06
1.620000034563418012e-06
5.800000053568510339e-07
3.620000029513903428e-06
1.139999994848039933e-06
7.200000027296482585e-07
3.740000011021038517e-06
3.259999971305660438e-06
5.799999939881672617e-06
7.600000344609725289e-07
1.200000042445026338e-06
1.880000013443350326e-06
3.080000055888376664e-06
2.999999992425728124e-06
4.979999971510551404e-06
2.599999788799323142e-07
6.740000003446766641e-06
2.300000005561742000e-06
4.180000019005092327e-06
3.200000264769187197e-07
1.539999971100769471e-06
3.579999997782579158e-06
5.800000053568510339e-07
2.559999984441674314e-06
2.419999987068877090e-06
2.780000045277120080e-06
4.199999921183916740e-07
5.579999992733064573e-06
1.379999957862310112e-06
1.999999994950485416e-06
8.819999948173062876e-06
3.799999603870674036e-07
1.460000021324958652e-06
6.399999999961991648e-07
4.800000006355276128e-07
2.580000000307336450e-06
1.899999999999124611e-06
1.820000001373500709e-06
2.519999995342914190e-06
3.800000030196315493e-07
5.800000053568510339e-07
9.800000100312900031e-07
8.559999997714839992e-06
8.799999875463981880e-07
9.999999974752427079e-07
6.239999990498290572e-06
1.339999997185259417e-06
2.060000014125762391e-06
9.400000067216751631e-07
5.200000146032834891e-07
8.399999842367833480e-07
9.200000192777224584e-07
3.660000004401808837e-06
7.399999901736009633e-07
1.919999988331255736e-06
7.600000060392630985e-07
5.080000022417152650e-06
6.600000119760807138e-07
7.799999934832158033e-07
3.579999997782579158e-06
3.419999984544119798e-06
2.600000357233511750e-07
7.400000185953103937e-07
7.379999999557185220e-06
9.860000034223048715e-06
1.060000045072229113e-06
7.599999776175536681e-07
1.659999952607904561e-06
3.199999696334998589e-07
5.139999984749010764e-06
5.060000034973199945e-06
4.120000028251524782e-06
2.020000010816147551e-06
2.580000000307336450e-06
1.960000020062580006e-06
2.520000009553768905e-06
6.600000119760807138e-07
3.799999603870674036e-07
9.480000016992562450e-06
1.840000038555444917e-06
6.399999961104185786e-07
9.999999974752427079e-07
1.519999955235107336e-06
2.439999946091120364e-06
3.819999960796849336e-06
3.600000013648241293e-07
1.359999998840066837e-06
6.799999709983239882e-07
1.499999996212864062e-06
3.139999989798525348e-06
4.400000079840538092e-06
3.400000423425808549e-07
7.940000045891792979e-06
2.880000010918593034e-06
4.620000026989146136e-06
1.440000005459296517e-06
2.399999630142701790e-07
8.379999940189009067e-06
1.399999973727972247e-06
6.079999934627267066e-06
4.600000011123484001e-06
2.599999788799323142e-07
1.919999995436683093e-06
1.699999998550083546e-06
3.119999995249145286e-06
1.100000005749279808e-06
9.200000050668677432e-07
2.979999990770920704e-06
1.260000004776884452e-06
4.099999999951364771e-06
1.900000000887303031e-06
2.420000001279731805e-06
2.600000001962143870e-07
2.599999987751289154e-06
3.519999992818156898e-06
1.220000001467269612e-06
2.000000165480741998e-08
4.459999999539832061e-06
3.540000008683819033e-06
4.300000000512227416e-06
1.879999985021640896e-06
4.000000330961483996e-08
6.239999990498290572e-06
1.699999998550083546e-06
4.460000013750686776e-06
1.760000003514505806e-06
4.619999998567436705e-06
7.000000152856955538e-07
4.119999999829815351e-06
2.039999998260100256e-06
8.000000093488779385e-07
7.400000185953103937e-07
5.319999985431422829e-06
2.399999999624924385e-06
9.000000318337697536e-07
5.800000053568510339e-07
5.639999983486632118e-06
2.039999969838390825e-06
8.879999995770049281e-06
6.100000007336348062e-06
3.000000106112565845e-07
1.220000001467269612e-06
6.620000021939631552e-06
4.059999980654538376e-06
3.819999960796849336e-06
3.680000020267470973e-06
2.460000018800201360e-06
7.439999990310752764e-06
4.360000048109213822e-06
3.800000172304862645e-07
7.799999934832158033e-07
2.799999947455944493e-07
9.199999908560130280e-07
4.399999511406349484e-07
2.599999788799323142e-07
3.739999954177619657e-06
9.400000067216751631e-07
3.239999955439998303e-06
1.759999975092796376e-06
3.179999964686430758e-06
1.179999969735945342e-06
6.000000212225131691e-07
4.880000005869078450e-06
3.399999854991619941e-07
9.759999898051319178e-06
7.200000027296482585e-07
2.059999928860634100e-06
2.799999947455944493e-07
1.959999963219161145e-06
1.220000058310688473e-06
1.060000045072229113e-06
1.600000018697755877e-06
4.439999997885024641e-06
1.119999978982377797e-06
1.699999984339228831e-06
9.200000476994318888e-07
2.100000074278796092e-06
3.079999942201538943e-06
9.600000794307561591e-07
4.080000053363619372e-06
3.079999942201538943e-06
7.400000185953103937e-07
1.720000000204890966e-06
5.599999894911888987e-07
4.200000000009751489e-07
2.800000000746649675e-07
2.600000001962143870e-07
4.020000005766632967e-06
4.539999999053634383e-06
2.899999998362545739e-06
4.680000003531858965e-06
3.299999999484271029e-06
3.799999959142041916e-07
1.059999988228810253e-06
4.000000046744389692e-07
2.480000006244154065e-06
3.380000009656214388e-06
8.199999967928306432e-07
8.919999999079664121e-06
1.760000003514505806e-06
8.400000126584927784e-07
5.400000020472361939e-07
1.959999991640870576e-06
3.359999993790552253e-06
9.799999816095805727e-07
3.259999999727369868e-06
7.300000021359664970e-06
3.600000013648241293e-07
5.160000000614672899e-06
2.759999972568039084e-06
4.199999921183916740e-07
7.400000185953103937e-07
5.200000146032834891e-07
7.200000027296482585e-07
5.480000027091591619e-06
3.399999854991619941e-07
4.520000004504254321e-06
7.399999617518915329e-07
4.300000000512227416e-06
4.799999828719592188e-07
1.540000027944188332e-06
3.400000423425808549e-07
3.600000013648241293e-07
1.959999963219161145e-06
2.200000039920269046e-06
4.600000238497159444e-07
3.160000005664187483e-06
4.999999987376213539e-07
1.840000038555444917e-06
2.199999983076850185e-06
2.599999788799323142e-07
4.540000020369916456e-06
7.599999776175536681e-07
2.800000515890133101e-07
3.160000005664187483e-06
4.400000079840538092e-07
2.600000925667700358e-07
2.599999788799323142e-07
3.360000050633971114e-06
5.419999979494605213e-06
7.280000090759131126e-06
7.679999953325022943e-06
6.999999868639861234e-07
2.180000024054606911e-06
6.599999551326618530e-07
7.799999366397969425e-07
1.139999994848039933e-06
4.039999907945457380e-06
5.880000003344321158e-06
9.799999816095805727e-07
9.400000635650940239e-07
3.600000582082429901e-07
3.400000423425808549e-07
2.100000074278796092e-06
4.920000037600402720e-06
4.800000397153780796e-07
2.600000925667700358e-07
4.200001058052293956e-07
4.599999101628782228e-07
2.039999912994971965e-06
3.859999992528173607e-06
3.759999913199862931e-06
9.999999974752427079e-07
6.599999551326618530e-07
7.100000061655009631e-06
7.719999985056347214e-06
2.180000024054606911e-06
2.120000004879329936e-06
3.399999997100167093e-07
9.600000012710552255e-07
2.920000000017353159e-06
9.459999997574186636e-06
3.799999994669178704e-07
1.779999998063885869e-06
6.120000001885728125e-06
2.180000002738324838e-06
2.940000001672160579e-06
5.299999997987470124e-06
7.460000006176414900e-06
2.240000000597319740e-06
1.059999988228810253e-06
5.979999997407503542e-06
4.739999994285426510e-06
1.259999990566029737e-06
4.899999993313031155e-06
1.440000005459296517e-06
2.179999995632897480e-06
8.600000001024454832e-07
2.500000022109816200e-06
1.459999992903249222e-06
4.039999993210585671e-06
6.399999961104185786e-07
2.999999992425728124e-06
6.799999994200334186e-07
7.799999934832158033e-07
4.599999954280065140e-07
6.799999709983239882e-07
4.180000019005092327e-06
6.600000119760807138e-07
1.940000004196917871e-06
3.499999991163349478e-06
6.799999709983239882e-07
5.680000015217956388e-06
9.000000318337697536e-07
8.840000020882143872e-06
1.379999957862310112e-06
5.339999972875375533e-06
6.800000278417428490e-07
2.599999788799323142e-07
3.279999987171322573e-06
1.359999998840066837e-06
7.900000014160468709e-06
8.999999749903508928e-07
2.900000026784255169e-06
3.399999854991619941e-07
1.740000016070553102e-06
2.599999788799323142e-07
4.859999990003416315e-06
5.320000013853132259e-06
2.400000198576890398e-07
4.600000238497159444e-07
2.999999537678377237e-07
3.600000013648241293e-06
2.340000037293066271e-06
2.400000028046633815e-06
5.200000146032834891e-07
1.580000002832093742e-06
1.600000018697755877e-06
2.740000013545795809e-06
7.159999995565158315e-06
2.100000074278796092e-06
1.379999957862310112e-06
1.039999915519729257e-06
1.479999923503783066e-06
3.259999971305660438e-06
1.080000060937891249e-06
1.200000042445026338e-06
2.700000095501309261e-06
2.799999947455944493e-06
5.020000003241875675e-06
7.400000185953103937e-07
3.939999942303984426e-06
5.020000003241875675e-06
6.799999709983239882e-07
5.340000001297084964e-06
6.399999961104185786e-07
3.719999995155376382e-06
2.999999992425728124e-06
6.200000086664658738e-07
4.380000007131457096e-06
1.000000004580670065e-06
1.799999992613265931e-06
4.719999992630619090e-06
1.479999994558056642e-06
9.859999991590484569e-06
2.519999995342914190e-06
8.800000017572529032e-07
2.799999947455944493e-07
2.600000073016417446e-07
3.400000139208714245e-07
4.899999993313031155e-06
4.480000001194639481e-06
1.019999999130050128e-06
4.399999937731990940e-07
5.220000019789949874e-06
4.999999987376213539e-07
1.380000014705728972e-06
7.999999809271685081e-07
5.679999986796246958e-06
7.200000027296482585e-07
2.800000004299363354e-06
9.340000019619765226e-06
3.400000139208714245e-07
5.399999736255267635e-07
1.259999976355175022e-06
7.999999525054590777e-07
9.600000225873372983e-07
9.999999974752427079e-07
6.180000013955577742e-06
1.119999978982377797e-06
8.220000040637387428e-06
6.380000002081942512e-06
4.740000008496281225e-06
4.599999670062970836e-07
5.399999736255267635e-07
2.600000357233511750e-07
6.800000278417428490e-07
7.599999776175536681e-07
3.279999987171322573e-06
3.800000172304862645e-07
3.400000423425808549e-07
6.800000278417428490e-07
3.800000172304862645e-07
8.600000001024454832e-07
6.999999868639861234e-07
1.240000017332931748e-06
8.939999986523616826e-06
2.119999976457620505e-06
1.400000030571391108e-06
4.199999921183916740e-07
1.359999998840066837e-06
3.559999981916917022e-06
6.480000024566834327e-06
2.020000010816147551e-06
5.800000053568510339e-07
4.900000021734740585e-06
2.599999788799323142e-07
4.000000899395672604e-07
3.000000106112565845e-07
1.279999992220837157e-06
5.979999968985794112e-06
7.600000344609725289e-07
2.660000063769984990e-06
3.480000032141106203e-06
5.000000555810402147e-07
3.599999445214052685e-07
2.520000066397187766e-06
2.000001586566213518e-08
2.799999947455944493e-07
3.599999445214052685e-07
2.339999923606228549e-06
5.400000873123644851e-07
2.020000010816147551e-06
8.800000159681076184e-07
1.180000026579364203e-06
2.940000058515579440e-06
5.420000093181442935e-06
3.600000582082429901e-07
2.899999913097417448e-06
8.600000001024454832e-07
2.999999999531155481e-07
1.840000001251951289e-06
3.659999997296381480e-06
7.000000010748408386e-07
6.600000013179396774e-07
8.899999997424856701e-06
1.279999999326264515e-06
3.619999999981970973e-06
7.380000000001274429e-06
2.519999998895627868e-06
1.960000005851725291e-06
6.100000007336348062e-06
1.420000003804489097e-06
5.779999995070284058e-06
1.120000007404087228e-06
9.439999985261238180e-06
1.260000004776884452e-06
5.939999994097888703e-06
6.400000245321280090e-07
2.560000012863383745e-06
4.199999921183916740e-07
9.399999782999657327e-07
3.600000013648241293e-07
3.560000010338626453e-06
2.080000001569715096e-06
3.240000012283417163e-06
2.039999998260100256e-06
1.720000000204890966e-06
2.780000016855410649e-06
4.719999992630619090e-06
8.960000002389278961e-06
5.639999983486632118e-06
3.000000106112565845e-07
5.800000053568510339e-07
1.659999981029613991e-06
5.939999994097888703e-06
3.600000013648241293e-07
9.919999968133197399e-06
1.160000010713702068e-06
7.200000027296482585e-07
9.180000006381305866e-06
9.999999974752427079e-07
9.460000001126900315e-06
4.200000034870754462e-06
3.640000045379565563e-06
1.920000045174674597e-06
1.839999981712026056e-06
8.560000026136549423e-06
9.219999981269211276e-06
1.399999973727972247e-06
3.399999854991619941e-07
2.739999956702376949e-06
1.619999977719999151e-06
1.139999994848039933e-06
8.199999683711212128e-07
5.599999894911888987e-07
1.179999969735945342e-06
3.799999603870674036e-07
4.079999996520200511e-06
1.319999967108742567e-06
4.199999921183916740e-07
3.600000013648241293e-07
3.039999967313633533e-06
5.339999972875375533e-06
4.400000022997119231e-06
1.020000013340904843e-06
4.979999971510551404e-06
2.380000012180971680e-06
2.219999942099093460e-06
3.959999958169646561e-06
1.799999949980701786e-06
2.699999981814471539e-06
3.560000095603754744e-06
4.679999960899294820e-06
3.799999603870674036e-07
7.799999366397969425e-07
2.919999928963079583e-06
4.220000050736416597e-06
3.899999910572660156e-06
1.060000045072229113e-06
4.199999921183916740e-07
3.000000106112565845e-07
5.860000101165496744e-06
6.919999999688286607e-06
1.120000000298659870e-06
6.359999993321707734e-06
3.600000013648241293e-07
4.340000003821842256e-06
4.599999989807201928e-07
6.599999977652259986e-07
9.059999996452461346e-06
7.599999918284083833e-07
1.939999989986063156e-06
2.660000006926566130e-06
4.360000005476649676e-06
1.440000005459296517e-06
2.480000006244154065e-06
2.399999999624924385e-06
2.399999999624924385e-06
4.799999970828139340e-07
5.519999987768642313e-06
6.799999994200334186e-07
1.420000018015343812e-06
2.359999996315309545e-06
3.200000264769187197e-07
5.240000007233902579e-06
3.060000011601005099e-06
9.479999988570853020e-06
1.179999998157654773e-06
1.560000015388141037e-06
7.119999992255543475e-06
2.139999992323282640e-06
7.000000039170117816e-06
9.799999816095805727e-07
9.840000018357386580e-06
2.739999956702376949e-06
4.599999670062970836e-07
5.380000004606699804e-06
2.599999788799323142e-07
3.539999966051254887e-06
1.759999975092796376e-06
9.400000067216751631e-07
3.000000106112565845e-07
2.580000000307336450e-06
6.219999988843483152e-06
6.659999996827536961e-06
4.319999959534470690e-06
7.600000344609725289e-07
3.740000011021038517e-06
8.239999999659630703e-06
4.059999980654538376e-06
3.399999854991619941e-07
3.399999854991619941e-07
1.020000013340904843e-06
2.839999979187268764e-06
2.039999969838390825e-06
6.799999709983239882e-07
4.400000079840538092e-07
3.400000423425808549e-07
1.539999971100769471e-06
8.320000006278860383e-06
3.320000018902646843e-06
4.360000048109213822e-06
3.500000048006768338e-06
1.119999978982377797e-06
4.199999921183916740e-07
3.399999286557431333e-07
3.440000000409781933e-06
9.200000476994318888e-07
1.499999939369445201e-06
6.320000011328374967e-06
3.799999603870674036e-07
3.600000582082429901e-07
2.419999987068877090e-06
2.399999971203214955e-06
4.300000000512227416e-06
5.859999999913156898e-06
4.979999999932260835e-06
1.040000000784857548e-06
3.600000013648241293e-07
3.199999998315661287e-06
3.200000016079229681e-07
1.699999998550083546e-06
2.800000018510218069e-07
9.220000002585493348e-06
1.359999998840066837e-06
1.359999998840066837e-06
1.399999987938826962e-06
8.799999875463981880e-07
1.600000004486901162e-06
5.559999991078257153e-06
1.199999999812462192e-06
2.639999991060903994e-06
6.600000119760807138e-07
4.380000007131457096e-06
4.000000046744389692e-07
1.999999994950485416e-06
8.239999999659630703e-06
3.679999991845761542e-06
3.400000139208714245e-07
8.000000093488779385e-07
4.319999987956180121e-06
1.080000004094472388e-06
5.360000017162747099e-06
3.319999990480937413e-06
1.459999992903249222e-06
4.560000007813869161e-06
3.260000028149079299e-06
6.000000212225131691e-07
3.000000106112565845e-07
2.400000198576890398e-07
7.519999996929982444e-06
2.980000033403484849e-06
6.799999994200334186e-06
2.040000026681809686e-06
5.999999643790943082e-07
2.419999987068877090e-06
3.540000022894673748e-06
1.299999951243080432e-06
8.800000159681076184e-07
7.919999973182711983e-06
1.399999973727972247e-06
5.399999736255267635e-07
1.199999985601607477e-06
1.899999972465593601e-06
9.780000027603819035e-06
4.119999971408105921e-06
1.099999963116715662e-06
2.019999953972728690e-06
5.380000004606699804e-06
1.020000013340904843e-06
1.359999998840066837e-06
1.879999956599931465e-06
3.300000003036984708e-06
6.199999802447564434e-07
1.820000022689782782e-06
4.439999997885024641e-06
3.400000423425808549e-07
4.400000079840538092e-07
2.740000013545795809e-06
2.580000000307336450e-06
2.599999788799323142e-07
3.999999762527295388e-07
2.399999971203214955e-06
1.479999923503783066e-06
3.600000582082429901e-07
9.199999340125941671e-07
4.400000079840538092e-07
1.780000047801877372e-06
5.199999577598646283e-07
6.259999963731388561e-06
2.760000029411457945e-06
3.799999603870674036e-07
5.180000016480335034e-06
9.599999998499697540e-06
8.000000661922967993e-07
3.399999286557431333e-07
8.800000159681076184e-07
1.040000029206566978e-06
9.999999974752427079e-07
2.640000047904322855e-06
6.600000006073969416e-06
2.499999936844687909e-06
2.980000090246903710e-06
3.599999445214052685e-07
9.999999974752427079e-07
2.559999984441674314e-06
3.740000011021038517e-06
7.000000010748408386e-07
9.779999999182109605e-06
1.179999998157654773e-06
2.780000002644555934e-06
5.860000001689513738e-06
3.440000000409781933e-06
1.040000000784857548e-06
4.599999954280065140e-07
1.019999984919195413e-06
4.759999995940233930e-06
2.700000010236180970e-06
2.200000011498559616e-06
3.279999987171322573e-06
3.799999888087768340e-07
7.200000027296482585e-07
6.799999994200334186e-07
1.799999978402411216e-06
2.799999947455944493e-07
2.740000013545795809e-06
2.740000013545795809e-06
2.140000020744992071e-06
4.480000001194639481e-06
1.579999974410384311e-06
7.379999999557185220e-06
1.760000031936215237e-06
3.600000013648241293e-07
2.080000001569715096e-06
1.039999972363148117e-06
2.339999980449647410e-06
3.000000106112565845e-07
3.600000013648241293e-07
7.399999617518915329e-07
1.959999963219161145e-06
5.380000004606699804e-06
5.119999968883348629e-06
1.680000025316985557e-06
9.879999993245291989e-06
7.999999525054590777e-07
1.139999994848039933e-06
3.979999974035308696e-06
4.559999979392159730e-06
3.399999854991619941e-07
4.339999975400132826e-06
6.040000016582780518e-06
2.039999969838390825e-06
4.320000016377889551e-06
2.460000018800201360e-06
3.600000013648241293e-07
7.800000503266346641e-07
4.999999987376213539e-07
6.080000048314104788e-06
5.439999995360267349e-06
1.479999980347201927e-06
2.080000001569715096e-06
2.799999947455944493e-07
7.180000011430820450e-06
2.760000029411457945e-06
2.379999955337552819e-06
7.600000344609725289e-07
9.599999657439184375e-07
1.440000005459296517e-06
8.200000820579589345e-07
6.200000370881753042e-07
3.920000040125160012e-06
1.160000010713702068e-06
3.399999286557431333e-07
3.959999958169646561e-06
7.400000185953103937e-07
3.400000423425808549e-07
3.699999979289714247e-06
1.239999960489512887e-06
2.340000037293066271e-06
6.000000212225131691e-07
3.600000582082429901e-07
2.340000037293066271e-06
5.199999577598646283e-07
1.699999984339228831e-06
6.199999980083248374e-07
1.440000005459296517e-06
4.599999954280065140e-07
2.999999999531155481e-07
5.339999997744371285e-06
5.999999999062310962e-07
1.019999999130050128e-06
3.340000006346599548e-06
5.999999928008037386e-07
2.059999999914907676e-06
1.280000006431691872e-06
4.739999980074571795e-06
4.999999987376213539e-07
4.000000046744389692e-07
3.420000012965829228e-06
1.519999997867671482e-06
3.799999888087768340e-07
4.619999998567436705e-06
3.399999854991619941e-07
4.140000015695477487e-06
3.440000000409781933e-06
1.480000008768911357e-06
6.280000008018760127e-06
7.000000152856955538e-07
3.600000013648241293e-07
3.600000013648241293e-07
2.600000073016417446e-07
7.100000004811590770e-06
1.280000049064256018e-06
6.000000212225131691e-07
3.800000172304862645e-07
1.759999975092796376e-06
9.200000022246968001e-06
8.299999990413198248e-06
7.799999934832158033e-07
8.419999971920333337e-06
5.200000146032834891e-07
2.339999980449647410e-06
1.019999956497485982e-06
5.200000146032834891e-07
1.139999994848039933e-06
8.499999978539563017e-06
1.480000037190620787e-06
5.999999643790943082e-07
4.000000330961483996e-07
6.760000019312428776e-06
7.559999971817887854e-06
4.180000019005092327e-06
2.240000014808174456e-06
1.159999953870283207e-06
1.440000005459296517e-06
3.859999992528173607e-06
1.840000038555444917e-06
1.100000019960134523e-06
9.659999989253265085e-06
3.399999854991619941e-07
5.740000005971523933e-06
4.800000397153780796e-07
9.339999962776346365e-06
4.800000397153780796e-07
9.400000067216751631e-07
3.800000172304862645e-07
1.739999959227134241e-06
4.679999960899294820e-06
6.999999868639861234e-07
1.420000103280472104e-06
6.000000212225131691e-07
8.960000059232697822e-06
6.360000043059699237e-06
4.759999910675105639e-06
2.239999957964755595e-06
5.500000042957253754e-06
9.999999974752427079e-07
2.599999788799323142e-07
1.080000060937891249e-06
9.660000046096683946e-06
1.219999944623850752e-06
2.000001586566213518e-08
2.500000050531525631e-06
4.679999960899294820e-06
4.020000005766632967e-06
4.579999998810535544e-06
1.640000000691088644e-06
1.620000006141708582e-06
9.219999995480065991e-06
5.459999997015074769e-06
5.159999999726494480e-06
2.379999997970116965e-06
1.740000001859698386e-06
6.799999994200334186e-07
9.000000034120603232e-07
2.199999997287704900e-06
4.799999970828139340e-07
3.399999997100167093e-07
6.799999994200334186e-07
8.800000159681076184e-07
4.199999921183916740e-07
2.980000004981775419e-06
1.300000008086499292e-06
1.339999997185259417e-06
5.680000001007101673e-06
3.859999992528173607e-06
8.800000159681076184e-07
5.380000004606699804e-06
4.860000018425125745e-06
2.659999978504856699e-06
9.120000015627738321e-06
2.620000003616951290e-06
1.620000006141708582e-06
8.800000159681076184e-07
3.599999985226531862e-06
7.599999776175536681e-07
2.779999988433701219e-06
2.279999989696079865e-06
2.419999987068877090e-06
1.019999984919195413e-06
3.200000264769187197e-07
2.160000008188944776e-06
1.620000034563418012e-06
3.399999854991619941e-07
6.800000278417428490e-07
1.520000012078526197e-06
5.120000025726767490e-06
3.500000048006768338e-06
3.800000172304862645e-07
4.799999828719592188e-07
5.200000146032834891e-07
2.399999630142701790e-07
7.719999985056347214e-06
1.499999996212864062e-06
3.000000106112565845e-07
4.219999993892997736e-06
5.200000146032834891e-07
4.160000003139430191e-06
3.359999993790552253e-06
9.199999965403549140e-06
3.600000013648241293e-07
1.160000010713702068e-06
3.460000016275444068e-06
4.619999970145727275e-06
2.760000029411457945e-06
8.340000022144522518e-06
7.400000185953103937e-07
2.219999998942512320e-06
3.960000015013065422e-06
4.199999921183916740e-07
6.199999972977821017e-06
5.200000146032834891e-07
6.999999868639861234e-07
3.240000012283417163e-06
4.039999964788876241e-06
3.919999983281741152e-06
1.419999989593634382e-06
7.340000024669279810e-06
2.000000108637323137e-06
3.279999987171322573e-06
5.000000555810402147e-07
1.060000045072229113e-06
3.219999939574336167e-06
3.660000061245227698e-06
2.179999910367769189e-06
7.799999366397969425e-07
5.319999900166294537e-06
5.119999968883348629e-06
1.980000092771661002e-06
3.200000264769187197e-07
3.600000582082429901e-07
1.180000026579364203e-06
1.099999963116715662e-06
3.999999975690116116e-07
3.399999997100167093e-07
8.219999998004823283e-06
6.460000008701172192e-06
2.719999997680133674e-06
3.199999980552092893e-07
8.999999998593466444e-07
5.279999999885376383e-06
9.000000034120603232e-07
4.640000000222244125e-06
3.620000001092193997e-06
8.439999987785995472e-06
9.220000009690920706e-06
4.600000238497159444e-07
3.099999986488910508e-06
7.599999918284083833e-07
5.800000053568510339e-07
9.139999974649981596e-06
6.399999961104185786e-07
8.600000001024454832e-07
6.380000002081942512e-06
9.619999985943650245e-06
4.880000005869078450e-06
6.600000119760807138e-07
2.279999989696079865e-06
3.600000013648241293e-07
5.020000003241875675e-06
2.999999821895471541e-07
6.600000006073969416e-06
8.619999988468407537e-06
4.619999998567436705e-06
5.579999992733064573e-06
3.600000013648241293e-07
3.400000423425808549e-07
9.600000225873372983e-07
4.020000005766632967e-06
3.319999962059227983e-06
2.400000198576890398e-07
9.799999816095805727e-07
9.820000002491724445e-06
8.199999683711212128e-07
3.600000013648241293e-07
6.600000119760807138e-07
1.539999971100769471e-06
2.139999992323282640e-06
4.799999828719592188e-07
1.100000019960134523e-06
2.100000017435377231e-06
1.260000033198593883e-06
6.800000051043753047e-06
9.739999995872494765e-06
6.900000016685226001e-06
3.200000264769187197e-07
4.139999987273768056e-06
9.000000318337697536e-07
7.599999776175536681e-07
9.760000011738156900e-06
5.559999976867402438e-06
8.000000093488779385e-07
2.559999984441674314e-06
3.200000264769187197e-07
7.100000061655009631e-06
2.220000055785931181e-06
4.199999921183916740e-07
2.399999630142701790e-07
2.819999963321606629e-06
2.200000039920269046e-06
8.600000001024454832e-07
4.799999260285403579e-07
3.799999944931187201e-06
5.599999894911888987e-07
2.339999923606228549e-06
3.200000264769187197e-07
3.360000050633971114e-06
2.559999984441674314e-06
8.199999683711212128e-07
7.899999999949613994e-06
4.940000000175359673e-06
6.999999975221271598e-07
2.600000001962143870e-07
3.120000002354572644e-06
9.380000001613097993e-06
3.419999998754974513e-06
4.400000001680837158e-06
3.780000000119798642e-06
8.399999984476380632e-07
3.740000000362897481e-06
1.460000007114103937e-06
8.840000006671289157e-06
8.200000252145400736e-07
1.720000000204890966e-06
2.480000006244154065e-06
9.399999782999657327e-07
5.119999997305058059e-06
2.600000073016417446e-07
2.599999788799323142e-07
9.399999782999657327e-07
3.800000172304862645e-07
4.399999795623443788e-07
3.859999992528173607e-06
3.359999993790552253e-06
1.060000016650519683e-06
1.999999994950485416e-06
1.420000018015343812e-06
3.400000139208714245e-07
2.280000018117789296e-06
9.320000003754103091e-06
9.760000011738156900e-06
4.000000330961483996e-07
1.200000042445026338e-06
2.020000010816147551e-06
3.040000024157052394e-06
3.259999971305660438e-06
2.960000017537822714e-06
3.399999854991619941e-07
9.799999816095805727e-07
1.479999980347201927e-06
8.400000410802022088e-07
5.999999643790943082e-07
2.359999996315309545e-06
4.199999921183916740e-07
2.860000051896349760e-06
4.799999999249848770e-06
9.000000318337697536e-07
4.199999921183916740e-07
1.240000017332931748e-06
2.600000357233511750e-07
1.600000018697755877e-06
2.800000061142782215e-06
3.399999854991619941e-07
1.180000026579364203e-06
5.000000555810402147e-07
3.399999854991619941e-07
2.919999985806498444e-06
1.479999980347201927e-06
8.800000159681076184e-07
8.800000159681076184e-07
3.000000106112565845e-07
5.079999937152024359e-06
3.200000264769187197e-07
6.999999868639861234e-07
5.539999961001740303e-06
2.999999992425728124e-06
7.439999990310752764e-06
5.279999982121807989e-06
3.920000040125160012e-06
1.760000031936215237e-06
1.900000029309012461e-06
7.200000027296482585e-07
1.160000010713702068e-06
3.999999762527295388e-07
3.579999997782579158e-06
1.319999910265323706e-06
8.600000001024454832e-07
4.399999966153700370e-06
3.599999445214052685e-07
4.199999921183916740e-07
1.119999978982377797e-06
3.599999445214052685e-07
2.160000008188944776e-06
1.920000045174674597e-06
2.219999999830690740e-06
7.379999999557185220e-06
2.159999997530803739e-06
8.199999967928306432e-07
2.180000002738324838e-06
2.439999995829111867e-06
1.560000001177286322e-06
7.159999995565158315e-06
5.959999995752696123e-06
2.039999998260100256e-06
4.600000096388612292e-07
3.199999980552092893e-07
4.000000046744389692e-07
3.800000172304862645e-07
3.400000025521876523e-06
1.840000010133735486e-06
4.180000004794237611e-06
5.860000001689513738e-06
6.859999999164756446e-06
1.240000003122077032e-06
8.980000018254941097e-06
2.719999997680133674e-06
2.999999821895471541e-07
1.359999998840066837e-06
2.899999998362545739e-06
3.299999974615275278e-06
2.039999998260100256e-06
1.699999984339228831e-06
1.779999990958458511e-06
2.279999989696079865e-06
8.600000001024454832e-07
1.139999994848039933e-06
3.399999854991619941e-07
5.499999986113834893e-06
1.240000017332931748e-06
6.079999991470685927e-06
9.199999908560130280e-07
5.419999979494605213e-06
8.399999842367833480e-07
3.800000172304862645e-07
2.080000001569715096e-06
2.200000039920269046e-06
1.940000004196917871e-06
5.599999894911888987e-07
8.800000159681076184e-07
8.399999842367833480e-07
5.900000019209983293e-06
4.040000021632295102e-06
4.779999983384186635e-06
4.100000012385862647e-06
3.199999980552092893e-06
2.999999537678377237e-07
9.600000794307561591e-07
2.399999971203214955e-06
4.060000037497957237e-06
3.960000071856484283e-06
9.799999816095805727e-07
3.400000423425808549e-07
1.639999936742242426e-06
8.399999842367833480e-07
2.419999987068877090e-06
2.399999971203214955e-06
4.699999976764956955e-06
3.799999603870674036e-07
3.400000423425808549e-07
1.460000021324958652e-06
1.819999965846363921e-06
4.700000090451794676e-06
1.259999976355175022e-06
3.740000011021038517e-06
3.200000264769187197e-07
2.240000000597319740e-06
3.719999995155376382e-06
2.999999964004018693e-07
5.580000006943919288e-06
2.479999999138726707e-06
6.399999996631322574e-07
8.379999997032427927e-06
2.059999999914907676e-06
8.620000002679262252e-06
1.580000002832093742e-06
1.359999998840066837e-06
2.379999997970116965e-06
3.800000172304862645e-07
6.199999944556111586e-07
1.539999999522478902e-06
2.419999987068877090e-06
6.200000086664658738e-07
7.400000185953103937e-07
3.459999987853734638e-06
5.800000053568510339e-07
7.200000027296482585e-07
2.999999821895471541e-07
8.399999842367833480e-07
6.600000119760807138e-07
2.460000018800201360e-06
2.200000039920269046e-06
1.160000010713702068e-06
4.400000079840538092e-07
1.499999996212864062e-06
4.399999966153700370e-06
2.599999788799323142e-07
4.300000000512227416e-06
3.520000007029011613e-06
4.199999921183916740e-07
3.040000024157052394e-06
7.799999934832158033e-07
8.700000023509346647e-06
3.320000018902646843e-06
4.799999999249848770e-06
3.000000106112565845e-07
4.779999983384186635e-06
3.600000013648241293e-07
5.399999736255267635e-07
7.799999934832158033e-07
1.240000017332931748e-06
2.600000016172998585e-06
1.099999963116715662e-06
8.620000016890116967e-06
2.480000034665863495e-06
1.240000017332931748e-06
3.939999999147403287e-06
8.439999987785995472e-06
2.040000026681809686e-06
5.199999577598646283e-07
7.600000344609725289e-07
9.199999340125941671e-07
8.999999977277184371e-06
9.399999498782563023e-07
9.399999498782563023e-07
6.200000370881753042e-07
2.599999788799323142e-07
3.800000740739051253e-07
2.519999952710350044e-06
5.400000873123644851e-07
3.600000582082429901e-07
6.000000212225131691e-07
1.160000010713702068e-06
1.440000005459296517e-06
2.600000925667700358e-07
6.000000001282757012e-07
3.099999997147051545e-06
5.219999998473667802e-06
2.980000004981775419e-06
6.200000001399530447e-06
4.799999970828139340e-07
8.600000001024454832e-07
7.620000005204019544e-06
4.999999999588666810e-07
7.679999999510300768e-06
1.460000000008676579e-06
9.799999958204352879e-07
5.600000037020436139e-07
4.999999987376213539e-07
1.999998744395270478e-08
7.400000043844556785e-07
1.859999997577688191e-06
7.400000185953103937e-07
1.679999996895276126e-06
7.600000060392630985e-07
1.959999991640870576e-06
8.380000011243282643e-06
2.940000001672160579e-06
1.279999992220837157e-06
4.400000079840538092e-07
3.039999995735342964e-06
4.840000002559463610e-06
4.000000046744389692e-07
1.319999995530451997e-06
9.400000067216751631e-07
2.080000001569715096e-06
3.199999980552092893e-07
6.799999994200334186e-07
2.539999996997721610e-06
1.260000004776884452e-06
6.200000086664658738e-07
9.460000001126900315e-06
1.120000007404087228e-06
3.600000013648241293e-07
8.040000011533265933e-06
9.799999816095805727e-07
2.679999965948809404e-06
6.000000212225131691e-07
1.999995902224327438e-08
9.359999978642008500e-06
6.719999987581104506e-06
2.320000021427404135e-06
1.999999994950485416e-06
5.059999978129781084e-06
4.380000007131457096e-06
3.260000028149079299e-06
3.000000106112565845e-07
9.999999974752427079e-07
1.240000017332931748e-06
1.979999979084823281e-06
4.999999987376213539e-06
1.220000001467269612e-06
2.219999998942512320e-06
2.799999947455944493e-07
1.519999955235107336e-06
1.639999993585661286e-06
6.199999802447564434e-07
8.219999983793968568e-06
8.800000045994238462e-06
2.639999991060903994e-06
2.400000028046633815e-06
1.559999986966431607e-06
1.620000034563418012e-06
8.399999842367833480e-07
9.360000035485427361e-06
2.399999630142701790e-07
8.539999953427468427e-06
3.579999997782579158e-06
9.999999974752427079e-07
5.740000005971523933e-06
7.859999982429144438e-06
8.840000077725562733e-06
3.400000423425808549e-07
3.859999992528173607e-06
3.380000066499633249e-06
7.600000344609725289e-07
3.020000008291390259e-06
3.599999978121104505e-07
2.800000089564491645e-07
6.200000000067262818e-07
2.999999999531155481e-07
5.899999997893701220e-06
4.799999970828139340e-07
2.999999964004018693e-07
3.040000009946197679e-06
3.399999854991619941e-07
6.399999989525895217e-06
1.940000004196917871e-06
3.399999854991619941e-07
8.400000126584927784e-07
1.359999998840066837e-06
1.300000008086499292e-06
6.200000086664658738e-07
4.399999795623443788e-07
5.680000015217956388e-06
6.539999986898692441e-06
6.579999990208307281e-06
2.060000014125762391e-06
4.799999999249848770e-06
4.200000205401011044e-07
2.219999998942512320e-06
6.800000278417428490e-07
6.199999972977821017e-06
4.120000028251524782e-06
5.820000012590753613e-06
8.199999683711212128e-07
1.999999994950485416e-06
3.600000013648241293e-07
2.999999992425728124e-06
3.680000020267470973e-06
2.020000010816147551e-06
1.940000004196917871e-06
7.159999995565158315e-06
1.199999985601607477e-06
8.799999989150819601e-06
6.380000002081942512e-06
3.999999762527295388e-07
7.219999986318725860e-06
1.259999976355175022e-06
3.060000040022714529e-06
5.040000019107537810e-06
2.359999996315309545e-06
1.520000012078526197e-06
8.400000410802022088e-07
4.340000032243551686e-06
5.840000028456415748e-06
8.019999995667603798e-06
3.000000106112565845e-07
2.820000020165025489e-06
3.480000032141106203e-06
9.820000002491724445e-06
1.199999985601607477e-06
4.800000397153780796e-07
2.599999788799323142e-07
1.900000029309012461e-06
1.359999998840066837e-06
3.679999963424052112e-06
7.200000027296482585e-06
1.559999986966431607e-06
3.699999979289714247e-06
4.220000050736416597e-06
5.800000053568510339e-07
4.600000238497159444e-07
3.600000582082429901e-07
3.200000264769187197e-07
3.599999445214052685e-07
3.000000106112565845e-07
2.160000008188944776e-06
8.199999683711212128e-07
2.599999788799323142e-07
3.600000000325564997e-07
1.640000000691088644e-06
6.659999999492072220e-06
6.060000000474019544e-06
2.039999998260100256e-06
2.520000002448341547e-06
5.800000053568510339e-07
3.060000004495577741e-06
2.999999964004018693e-07
1.120000000298659870e-06
4.660000001877051545e-06
7.599999989338357409e-07
2.840000007608978194e-06
3.600000013648241293e-07
3.800000030196315493e-07
3.399999854991619941e-07
9.199999908560130280e-07
2.319999993005694705e-06
1.200000014023316908e-06
9.199999908560130280e-07
9.300000016310150386e-06
1.520000012078526197e-06
5.340000029718794394e-06
9.340000019619765226e-06
4.120000028251524782e-06
5.599999894911888987e-07
2.380000012180971680e-06
3.600000013648241293e-07
2.660000006926566130e-06
3.079999999044957804e-06
1.220000001467269612e-06
2.400000198576890398e-07
8.200000252145400736e-07
1.320000023952161428e-06
2.240000014808174456e-06
9.999999974752427079e-07
6.800000278417428490e-07
2.319999964583985275e-06
1.639999993585661286e-06
5.200000146032834891e-07
6.000000212225131691e-07
1.099999963116715662e-06
9.059999968030751916e-06
3.719999995155376382e-06
6.799999994200334186e-06
2.600000357233511750e-07
7.400000185953103937e-07
1.580000002832093742e-06
5.420000036338024074e-06
5.599999894911888987e-07
1.479999980347201927e-06
3.999999762527295388e-07
8.180000008906063158e-06
6.260000020574807422e-06
3.000000106112565845e-07
1.100000076803553384e-06
3.699999979289714247e-06
1.780000047801877372e-06
2.419999987068877090e-06
1.319999910265323706e-06
3.160000005664187483e-06
7.019999998192361090e-06
3.160000005664187483e-06
1.620000034563418012e-06
5.160000000614672899e-06
8.199999683711212128e-07
3.800000740739051253e-07
5.380000061450118665e-06
9.640000030231021810e-06
5.199999577598646283e-07
5.599999965966162563e-07
7.999999951380232233e-07
1.959999991640870576e-06
1.139999994848039933e-06
4.799999999249848770e-06
5.000000129484760691e-07
4.799999970828139340e-07
1.160000010713702068e-06
2.200000011498559616e-06
1.620000006141708582e-06
2.999999964004018693e-07
5.779999995070284058e-06
2.039999998260100256e-06
2.139999992323282640e-06
3.939999999147403287e-06
3.400000139208714245e-07
5.139999984749010764e-06
3.079999999044957804e-06
7.200000027296482585e-07
2.599999788799323142e-07
8.200000252145400736e-07
2.599999788799323142e-07
5.800000053568510339e-07
3.399999854991619941e-07
1.080000004094472388e-06
2.539999996997721610e-06
5.199999861815740587e-07
6.919999975707469275e-06
9.800000384529994335e-07
5.059999978129781084e-06
8.000000093488779385e-07
3.160000005664187483e-06
1.499999996212864062e-06
1.020000013340904843e-06
3.800000001774606062e-06
3.640000045379565563e-06
3.199999696334998589e-07
5.380000004606699804e-06
1.680000025316985557e-06
3.639999988536146702e-06
5.320000013853132259e-06
7.240000002184387995e-06
9.040000009008508641e-06
2.200000039920269046e-06
3.799999603870674036e-07
7.100000004811590770e-06
6.600000119760807138e-07
9.299999987888440955e-06
7.200000027296482585e-07
3.139999989798525348e-06
1.199999985601607477e-06
9.999999974752427079e-07
4.859999990003416315e-06
1.139999994848039933e-06
5.820000012590753613e-06
1.040000029206566978e-06
3.739999954177619657e-06
5.800000053568510339e-07
3.400000025521876523e-06
6.779999978334672051e-06
3.720000051998795243e-06
1.500000053056282923e-06
4.220000050736416597e-06
7.600000344609725289e-07
2.300000005561742000e-06
6.399999392669997178e-07
5.600001031780266203e-07
6.999999868639861234e-07
2.519999952710350044e-06
1.839999981712026056e-06
3.219999939574336167e-06
1.419999989593634382e-06
4.200001058052293956e-07
1.039999915519729257e-06
3.300000003036984708e-06
1.139999994848039933e-06
8.620000016890116967e-06
4.119999971408105921e-06
7.180000004325393093e-06
8.479999998201037670e-06
3.300000003036984708e-06
2.600000001962143870e-07
4.380000000026029738e-06
7.599999918284083833e-07
2.739999999334941094e-06
8.219999998004823283e-06
2.600000001962143870e-06
6.400000003736749932e-06
1.319999995530451997e-06
2.600000073016417446e-07
2.139999992323282640e-06
1.440000005459296517e-06
2.060000014125762391e-06
2.179999995632897480e-06
4.199999921183916740e-07
3.200000264769187197e-07
7.600000060392630985e-07
7.200000027296482585e-07
3.160000005664187483e-06
4.240000009758659871e-06
2.840000007608978194e-06
4.000000046744389692e-07
9.959999999864521669e-06
3.879999979972126312e-06
4.219999993892997736e-06
1.400000030571391108e-06
2.240000014808174456e-06
3.579999997782579158e-06
2.779999988433701219e-06
4.400000079840538092e-07
7.000000437074049842e-07
1.300000008086499292e-06
4.259999968780903146e-06
7.600000344609725289e-07
6.399999961104185786e-07
1.520000012078526197e-06
4.759999967518524500e-06
2.600000357233511750e-07
2.719999997680133674e-06
1.380000014705728972e-06
9.720000036850251490e-06
4.400000079840538092e-07
5.000000044219632400e-06
2.359999996315309545e-06
2.199999983076850185e-06
5.000000044219632400e-06
7.019999998192361090e-06
9.359999978642008500e-06
1.699999984339228831e-06
1.720000000204890966e-06
6.619999965096212691e-06
5.000000555810402147e-07
5.760000021837186068e-06
3.399999286557431333e-07
1.039999915519729257e-06
3.399999286557431333e-07
5.379999947763280943e-06
6.399999392669997178e-07
3.920000040125160012e-06
8.000000661922967993e-07
2.520000066397187766e-06
5.579999992733064573e-06
7.400000072266266216e-06
8.259999958681873977e-06
7.600000344609725289e-07
5.340000029718794394e-06
6.079999934627267066e-06
5.600000008598726708e-06
1.799999949980701786e-06
2.940000058515579440e-06
7.679999953325022943e-06
1.819999965846363921e-06
5.220000048211659305e-06
4.200000034870754462e-06
2.580000000307336450e-06
1.640000000691088644e-06
4.099999998175007931e-06
1.380000000494874257e-06
2.139999999428709998e-06
2.659999999821138772e-06
3.800000030196315493e-07
3.700000000605996320e-06
4.179999990583382896e-06
4.999999987376213539e-07
9.200000015141540644e-07
9.499999997331087798e-06
5.999999999062310962e-07
5.080000001100870577e-06
6.000000070116584538e-07
8.799999875463981880e-07
6.199999987188675732e-06
1.060000002439664968e-06
9.200000050668677432e-07
3.919999983281741152e-06
8.100000002286833478e-06
3.380000009656214388e-06
2.600000073016417446e-07
6.400000103212732938e-07
3.600000013648241293e-07
1.059999988228810253e-06
4.140000015695477487e-06
8.140000005596448318e-06
3.000000106112565845e-07
8.000000093488779385e-07
2.920000014228207874e-06
3.600000013648241293e-07
1.139999994848039933e-06
9.999999974752427079e-07
2.100000017435377231e-06
1.459999964481539791e-06
9.140000031493400456e-06
9.799999816095805727e-07
2.740000013545795809e-06
3.079999999044957804e-06
1.300000008086499292e-06
3.180000021529849619e-06
2.399999971203214955e-06
5.839999971612996887e-06
3.340000034768308979e-06
5.260000023099564714e-06
2.799999947455944493e-07
2.419999987068877090e-06
7.860000039272563299e-06
2.400000198576890398e-07
8.000000093488779385e-07
1.320000023952161428e-06
9.799999816095805727e-07
5.999999643790943082e-07
2.599999788799323142e-07
2.440000002934539225e-06
2.100000017435377231e-06
1.539999971100769471e-06
7.599999776175536681e-07
1.839999981712026056e-06
1.539999971100769471e-06
3.600000013648241293e-07
4.420000038862781366e-06
5.999999643790943082e-07
2.440000002934539225e-06
6.799999709983239882e-07
2.200000039920269046e-06
2.559999984441674314e-06
2.400000767011079006e-07
3.239999955439998303e-06
2.139999992323282640e-06
3.040000024157052394e-06
3.359999936947133392e-06
1.859999997577688191e-06
8.320000006278860383e-06
1.060000045072229113e-06
1.899999915622174740e-06
3.599999445214052685e-07
1.099999963116715662e-06
7.200000027296482585e-07
3.400000423425808549e-07
9.200000476994318888e-07
1.219999944623850752e-06
5.480000027091591619e-06
1.440000005459296517e-06
3.480000032141106203e-06
4.180000019005092327e-06
1.060000000663308128e-06
3.760000002017704901e-06
9.799999993731489667e-07
2.020000000158006515e-06
4.340000003821842256e-06
6.360000000427135092e-06
3.140000004009380064e-06
4.199999921183916740e-07
6.740000003446766641e-06
1.460000000008676579e-06
1.999999994950485416e-06
2.620000003616951290e-06
2.039999998260100256e-06
4.200000205401011044e-07
4.900000007523885870e-06
4.999999987376213539e-07
9.400000067216751631e-07
3.219999996417755028e-06
1.419999989593634382e-06
3.859999992528173607e-06
9.179999977959596436e-06
2.179999995632897480e-06
6.599999835543712834e-07
1.699999984339228831e-06
3.980000002457018127e-06
3.639999988536146702e-06
3.860000020949883037e-06
2.800000231673038797e-07
9.400000067216751631e-07
1.840000010133735486e-06
2.559999984441674314e-06
1.220000001467269612e-06
4.999999987376213539e-07
1.019999956497485982e-06
3.060000040022714529e-06
5.400000304689456243e-07
3.740000011021038517e-06
3.399999854991619941e-07
1.199999985601607477e-06
1.960000020062580006e-06
3.199999696334998589e-07
2.599999788799323142e-07
1.019999956497485982e-06
6.399999961104185786e-07
4.079999996520200511e-06
9.559999966768373270e-06
1.039999972363148117e-06
1.160000010713702068e-06
6.600000006073969416e-06
7.939999989048374118e-06
5.800000053568510339e-07
1.700000041182647692e-06
6.600000119760807138e-07
5.400000304689456243e-07
3.200000264769187197e-07
9.800000384529994335e-07
3.199999696334998589e-07
4.140000044117186917e-06
2.440000002934539225e-06
2.600000357233511750e-07
1.560000043809850467e-06
2.280000046539498726e-06
1.019999956497485982e-06
4.520000004504254321e-06
4.919999923913564999e-06
3.020000008291390259e-06
3.859999992528173607e-06
3.539999966051254887e-06
7.600000344609725289e-07
3.260000084992498159e-06
3.059999926335876808e-06
1.280000105907674879e-06
3.000000106112565845e-07
5.000000555810402147e-07
1.320000023952161428e-06
8.600000001024454832e-07
6.380000058925361373e-06
2.599999788799323142e-07
7.999999525054590777e-07
8.220000040637387428e-06
1.920000045174674597e-06
2.500000050531525631e-06
7.400000072266266216e-06
3.799999603870674036e-07
7.599999998220141606e-07
1.719999999316712547e-06
2.600000073016417446e-07
3.720000009366231097e-06
6.600000119760807138e-07
4.619999998567436705e-06
3.499999998268776835e-06
8.199999967928306432e-07
1.160000010713702068e-06
1.560000015388141037e-06
9.300000016310150386e-06
6.700000000137151801e-06
6.200000086664658738e-07
3.060000011601005099e-06
2.120000004879329936e-06
8.600000001024454832e-07
2.600000073016417446e-07
7.600000060392630985e-07
3.340000006346599548e-06
9.679999976697217789e-06
5.380000004606699804e-06
7.640000006858826964e-06
7.399999901736009633e-07
2.959999989116113284e-06
3.399999854991619941e-07
1.539999999522478902e-06
3.199999980552092893e-07
5.800000053568510339e-07
3.239999983861707733e-06
4.159999974717720761e-06
4.539999991948207025e-06
1.160000010713702068e-06
9.879999993245291989e-06
1.639999993585661286e-06
6.720000044424523367e-06
4.420000038862781366e-06
1.540000027944188332e-06
7.139999979699496180e-06
6.600000119760807138e-07
1.160000010713702068e-06
2.699999981814471539e-06
1.220000001467269612e-06
8.399999842367833480e-07
5.359999988741037669e-06
1.240000017332931748e-06
1.260000033198593883e-06
2.599999788799323142e-07
4.020000005766632967e-06
2.000001586566213518e-08
2.099999960591958370e-06
1.059999988228810253e-06
6.600000119760807138e-07
1.580000002832093742e-06
7.399999617518915329e-07
1.300000008086499292e-06
6.340000027194037102e-06
2.279999989696079865e-06
1.100000019960134523e-06
5.479999913404753897e-06
1.779999934115039650e-06
6.399999392669997178e-07
8.199999683711212128e-07
5.599999894911888987e-07
1.839999981712026056e-06
2.599999788799323142e-07
9.599999657439184375e-07
3.600000582082429901e-07
7.200000027296482585e-07
4.000000899395672604e-07
6.800000846851617098e-07
4.199999921183916740e-07
3.399999286557431333e-07
3.600000582082429901e-07
1.480000037190620787e-06
8.399999842367833480e-07
2.399999630142701790e-07
3.359999936947133392e-06
2.020000000158006515e-06
8.959999999724743702e-06
9.600000012710552255e-07
3.600000013648241293e-07
1.640000000691088644e-06
6.439999999940937414e-06
5.479999998669882189e-06
1.859999997577688191e-06
3.399999997100167093e-07
3.299999999484271029e-06
1.580000002832093742e-06
1.700000005655510904e-06
1.519999997867671482e-06
4.480000001194639481e-06
5.200000003924287739e-06
3.479999989508542058e-06
3.960000000802210707e-06
2.999999821895471541e-07
1.000000025896952138e-06
1.340000011396114132e-06
3.579999997782579158e-06
3.400000139208714245e-07
6.199999944556111586e-07
1.760000003514505806e-06
4.320000016377889551e-06
3.779999985908943927e-06
8.199999967928306432e-07
8.619999988468407537e-06
1.420000018015343812e-06
3.359999993790552253e-06
4.799999828719592188e-07
5.599999894911888987e-07
1.859999997577688191e-06
5.399999992050652509e-06
4.000000046744389692e-07
5.580000021154774004e-06
2.420000015490586520e-06
2.340000008871356840e-06
2.799999947455944493e-07
9.599999941656278679e-07
3.400000139208714245e-07
4.259999997202612576e-06
4.020000005766632967e-06
3.819999960796849336e-06
6.799999709983239882e-07
4.100000012385862647e-06
1.359999998840066837e-06
4.900000021734740585e-06
2.960000017537822714e-06
2.459999961956782499e-06
3.999997488790540956e-08
2.680000022792228265e-06
1.099999963116715662e-06
1.639999993585661286e-06
1.160000010713702068e-06
7.399999617518915329e-07
3.399999854991619941e-07
8.600000001024454832e-07
2.799999947455944493e-07
1.919999988331255736e-06
2.279999989696079865e-06
3.400000423425808549e-07
1.040000029206566978e-06
3.400000423425808549e-07
3.200000037395511754e-06
2.500000050531525631e-06
2.639999934217485134e-06
2.799999947455944493e-07
2.740000013545795809e-06
6.159999998089915607e-06
1.620000034563418012e-06
3.999999762527295388e-07
4.520000061347673181e-06
2.979999976560065988e-06
4.999999418942024931e-07
3.200000264769187197e-07
4.120000085094943643e-06
1.660000066294742282e-06
8.560000082979968283e-06
3.799999603870674036e-07
2.660000000709317192e-06
1.720000000204890966e-06
6.779999999650954123e-06
1.959999998746297933e-06
4.440000001437738320e-06
3.600000013648241293e-07
3.399999997100167093e-07
7.199999956242209009e-07
3.600000013648241293e-07
3.279999987171322573e-06
8.960000002389278961e-06
2.920000014228207874e-06
8.420000000342042767e-06
1.660000009451323422e-06
1.600000018697755877e-06
1.599999990276046447e-06
1.160000010713702068e-06
4.540000020369916456e-06
3.400000423425808549e-07
3.600000013648241293e-07
2.000001586566213518e-08
3.600000013648241293e-07
5.400000020472361939e-07
5.219999991368240444e-06
1.440000005459296517e-06
2.800000231673038797e-07
6.320000011328374967e-06
1.680000025316985557e-06
5.779999980859429343e-06
3.000000106112565845e-07
3.020000008291390259e-06
1.340000039817823563e-06
3.000000106112565845e-07
9.199999908560130280e-07
2.599999788799323142e-07
5.719999990105861798e-06
4.900000021734740585e-06
9.199999908560130280e-07
5.079999993995443219e-06
6.059999975605023792e-06
2.779999988433701219e-06
3.700000036133133108e-06
9.400000067216751631e-07
3.199999696334998589e-07
6.960000007438793546e-06
8.299999990413198248e-06
9.600000225873372983e-07
6.899999959841807140e-06
1.040000029206566978e-06
7.740000000922009349e-06
4.400000079840538092e-07
5.040000019107537810e-06
1.640000050429080147e-06
3.479999918454268482e-06
8.399999842367833480e-07
4.100000069229281507e-06
1.219999944623850752e-06
1.419999989593634382e-06
2.699999981814471539e-06
3.000000106112565845e-07
6.199999234013375826e-07
1.379999957862310112e-06
3.400000423425808549e-07
5.899999905523145571e-06
2.599999788799323142e-07
2.320000021427404135e-06
5.760000021837186068e-06
3.599999445214052685e-07
8.799999022812698968e-07
8.699999966665927786e-06
4.880000005869078450e-06
5.000000555810402147e-07
3.539999966051254887e-06
8.640000032755779102e-06
2.300000000232671482e-06
1.819999997820787030e-06
2.539999996997721610e-06
1.319999999083165676e-06
3.180000000213567546e-06
6.799999994200334186e-07
4.920000002073265932e-06
3.999999975690116116e-07
1.499999996212864062e-06
7.200000027296482585e-07
3.400000139208714245e-07
5.259999994677855284e-06
3.399999997100167093e-07
4.959999984066598699e-06
2.200000039920269046e-07
1.040000000784857548e-06
3.000000106112565845e-07
5.520000001979497029e-06
9.199999908560130280e-07
4.599999954280065140e-07
3.399999854991619941e-07
3.100000014910619939e-06
1.159999982291992637e-06
7.999999809271685081e-07
3.479999975297687342e-06
7.599999776175536681e-07
7.200000027296482585e-07
3.199999696334998589e-07
5.919999978232226567e-06
2.719999997680133674e-06
2.999999537678377237e-07
6.600000119760807138e-07
3.999999762527295388e-07
8.900000011635711417e-06
8.800000159681076184e-07
2.740000013545795809e-06
7.499999981064320309e-06
9.640000030231021810e-06
4.980000028353970265e-06
4.839999974137754180e-06
2.440000002934539225e-06
3.499999991163349478e-06
3.000000106112565845e-07
5.399999736255267635e-07
1.180000026579364203e-06
1.520000012078526197e-06
3.800000172304862645e-07
1.539999971100769471e-06
6.600000688194995746e-07
3.599999445214052685e-07
7.699999969190685079e-06
2.679999965948809404e-06
1.440000005459296517e-06
3.399999286557431333e-07
9.139999974649981596e-06
1.559999986966431607e-06
1.799999949980701786e-06
3.440000000409781933e-06
3.559999981916917022e-06
1.099999963116715662e-06
3.380000066499633249e-06
9.519999935037048999e-06
2.280000000354220901e-06
4.999999987376213539e-07
8.999999998593466444e-07
5.520000001979497029e-06
2.320000000111122063e-06
5.580000006943919288e-06
5.200000003924287739e-07
8.739999998397252057e-06
4.780000000259576609e-06
6.960000000333366188e-06
8.800000017572529032e-07
1.420000003804489097e-06
7.600000060392630985e-07
2.660000006926566130e-06
3.280000015593032003e-06
2.999999821895471541e-07
1.040000000784857548e-06
2.459999990378491930e-06
6.799999994200334186e-07
4.799999828719592188e-07
2.420000015490586520e-06
7.999999809271685081e-07
5.219999991368240444e-06
2.399999914359796094e-07
9.199999908560130280e-07
8.000000093488779385e-07
8.280000031390954973e-06
1.839999981712026056e-06
4.799999828719592188e-07
3.399999854991619941e-07
3.160000005664187483e-06
9.999999974752427079e-07
2.799999947455944493e-07
3.579999997782579158e-06
3.800000172304862645e-07
3.000000106112565845e-07
1.760000031936215237e-06
5.460000011225929484e-06
6.600000006073969416e-06
3.600000013648241293e-07
2.599999788799323142e-07
9.999999974752427079e-07
3.000000106112565845e-07
6.600000119760807138e-07
6.199999802447564434e-07
9.799999816095805727e-07
3.600000013648241293e-07
7.100000004811590770e-06
4.599999670062970836e-07
3.599999956804822432e-06
8.079999929577752482e-06
7.999999525054590777e-07
6.299999995462712832e-06
4.180000019005092327e-06
8.800000159681076184e-07
3.139999989798525348e-06
2.460000018800201360e-06
6.419999976969847921e-06
1.079999947251053527e-06
6.999999868639861234e-07
1.059999931385391392e-06
4.360000048109213822e-06
6.400000529538374394e-07
3.620000029513903428e-06
2.599999788799323142e-07
2.119999976457620505e-06
2.340000037293066271e-06
3.799999603870674036e-07
8.499999999855845090e-06
3.160000005664187483e-06
1.819999994268073351e-06
1.740000001859698386e-06
1.120000000298659870e-06
2.920000000017353159e-06
4.580000002363249223e-06
3.100000000699765224e-06
1.479999994558056642e-06
2.739999985124086379e-06
4.039999993210585671e-06
5.800000053568510339e-07
2.019999996605292836e-06
4.000000046744389692e-07
6.200000001399530447e-06
6.200000086664658738e-07
1.059999988228810253e-06
1.580000002832093742e-06
6.100000007336348062e-06
1.060000016650519683e-06
1.019999984919195413e-06
1.680000025316985557e-06
1.059999988228810253e-06
6.999999982326698955e-06
1.240000017332931748e-06
1.160000010713702068e-06
5.999999643790943082e-07
4.000003173132427037e-08
2.100000017435377231e-06
1.699999984339228831e-06
3.600000013648241293e-07
9.199999908560130280e-07
3.000000106112565845e-07
6.320000011328374967e-06
2.600000016172998585e-06
7.960000004914036253e-06
3.600000013648241293e-07
2.320000021427404135e-06
7.559999971817887854e-06
1.080000004094472388e-06
9.000000318337697536e-07
1.519999955235107336e-06
1.320000023952161428e-06
6.799999709983239882e-07
1.180000026579364203e-06
7.800000048518995754e-06
2.160000008188944776e-06
2.139999992323282640e-06
1.880000013443350326e-06
2.799999947455944493e-07
2.500000050531525631e-06
2.799999947455944493e-07
1.859999997577688191e-06
7.500000037907739170e-06
2.180000024054606911e-06
9.259999956157116685e-06
2.799999947455944493e-07
1.079999947251053527e-06
1.040000029206566978e-06
4.199999921183916740e-07
1.020000013340904843e-06
2.599999788799323142e-07
7.999999525054590777e-07
7.800000503266346641e-07
7.200000009532914191e-07
3.399999997100167093e-07
3.399999997100167093e-07
3.399999997100167093e-07
5.800000018041373551e-07
2.600000001962143870e-07
2.640000005271758710e-06
1.380000000494874257e-06
6.399999961104185786e-07
4.119999999829815351e-06
1.240000003122077032e-06
6.199999944556111586e-07
5.600000008598726708e-06
4.379999992920602381e-06
9.999999974752427079e-07
3.019999979869680828e-06
1.499999996212864062e-06
3.799999888087768340e-07
3.679999991845761542e-06
1.900000000887303031e-06
1.539999999522478902e-06
3.600000013648241293e-07
3.199999980552092893e-07
1.059999988228810253e-06
5.740000005971523933e-06
2.799999947455944493e-07
3.640000016957856133e-06
3.600000013648241293e-07
1.159999982291992637e-06
6.020000000717118382e-06
6.200000086664658738e-07
5.200000146032834891e-07
1.179999998157654773e-06
4.359999991265794961e-06
1.279999992220837157e-06
1.620000034563418012e-06
9.760000011738156900e-06
7.260000018050050130e-06
5.359999988741037669e-06
2.859999995052930899e-06
3.180000021529849619e-06
2.660000006926566130e-06
1.180000026579364203e-06
2.600000357233511750e-07
8.000000093488779385e-07
2.359999996315309545e-06
2.380000012180971680e-06
5.719999990105861798e-06
9.760000011738156900e-06
1.859999997577688191e-06
3.400000423425808549e-07
1.280000049064256018e-06
2.940000001672160579e-06
3.320000018902646843e-06
2.799999947455944493e-07
8.000000093488779385e-07
3.600000013648241293e-07
6.380000002081942512e-06
2.320000021427404135e-06
1.279999992220837157e-06
1.279999992220837157e-06
1.480000037190620787e-06
4.199999921183916740e-07
7.800000503266346641e-07
2.600000925667700358e-07
2.099999960591958370e-06
3.400000423425808549e-07
3.600000582082429901e-07
3.400000423425808549e-07
2.719999997680133674e-06
3.600000013648241293e-06
8.399999842367833480e-07
4.300000000512227416e-06
1.119999978982377797e-06
1.819999965846363921e-06
7.279999977072293404e-06
4.400000079840538092e-07
5.640000040330050979e-06
1.420000103280472104e-06
4.800000006355276128e-07
9.399999996162478055e-07
4.799999970828139340e-07
7.800000005886431609e-07
2.160000001083517418e-06
6.460000001595744834e-06
4.599999954280065140e-07
3.599999871539694141e-07
7.899999999949613994e-06
7.640000006858826964e-06
8.399999984476380632e-07
3.400000139208714245e-07
6.920000004129178706e-06
2.439999974512829795e-06
8.000000093488779385e-07
3.079999999044957804e-06
3.240000012283417163e-06
2.780000016855410649e-06
9.439999985261238180e-06
2.499999993688106770e-06
4.999999987376213539e-07
8.799999875463981880e-07
3.160000005664187483e-06
6.740000003446766641e-06
2.500000022109816200e-06
7.579999987683549989e-06
5.799999996725091478e-06
2.440000002934539225e-06
7.400000015422847355e-06
2.039999998260100256e-06
6.320000011328374967e-06
7.019999998192361090e-06
1.160000010713702068e-06
2.000001586566213518e-08
1.760000031936215237e-06
4.400000079840538092e-07
1.220000001467269612e-06
4.479999972772930050e-06
4.540000020369916456e-06
3.400000025521876523e-06
3.999999989900970832e-06
5.120000025726767490e-06
8.499999978539563017e-06
5.079999993995443219e-06
2.799999947455944493e-07
9.139999974649981596e-06
3.600000013648241293e-07
7.480000022042077035e-06
8.100000002286833478e-06
2.320000021427404135e-06
4.040000021632295102e-06
4.499999988638592185e-06
8.299999990413198248e-06
2.859999995052930899e-06
3.339999977924890118e-06
2.819999963321606629e-06
5.959999953120131977e-06
3.000000106112565845e-07
8.100000002286833478e-06
7.599999776175536681e-07
2.600000357233511750e-07
4.600000238497159444e-07
6.299999995462712832e-06
2.600000357233511750e-07
6.200000370881753042e-07
7.000000437074049842e-07
3.399999854991619941e-07
7.699999969190685079e-06
5.199999577598646283e-07
9.400000635650940239e-07
6.419999976969847921e-06
2.999998969244188629e-07
1.779999934115039650e-06
6.620000021939631552e-06
7.859999982429144438e-06
3.519999950185592752e-06
1.619999920876580290e-06
1.580000002832093742e-06
2.160000008188944776e-06
4.839999974137754180e-06
1.620000034563418012e-06
5.160000000614672899e-06
1.659999952607904561e-06
4.160000003139430191e-06
1.260000090042012744e-06
1.499999939369445201e-06
4.620000026989146136e-06
8.180000008906063158e-06
2.239999957964755595e-06
2.400000767011079006e-07
2.600000016172998585e-06
6.579999990208307281e-06
3.000000106112565845e-07
8.599999999248097993e-06
2.880000000260451998e-06
8.740000005502679414e-06
1.899999997334589352e-06
7.639999999753399607e-06
2.800000018510218069e-07
1.259999997671457095e-06
1.120000000298659870e-06
9.799999816095805727e-07
3.600000013648241293e-07
3.800000172304862645e-07
4.079999996520200511e-06
3.400000139208714245e-07
4.800000112936686492e-07
4.399999795623443788e-07
3.000000106112565845e-07
1.800000006824120646e-06
8.420000000342042767e-06
1.740000016070553102e-06
1.600000018697755877e-06
2.300000005561742000e-06
5.200000146032834891e-07
1.800000006824120646e-06
4.799999828719592188e-07
9.879999993245291989e-06
8.000000093488779385e-07
7.599999776175536681e-07
3.600000013648241293e-07
3.400000423425808549e-07
1.599999961854337016e-06
2.600000357233511750e-07
1.319999967108742567e-06
6.599999551326618530e-07
3.399999854991619941e-07
8.900000011635711417e-06
7.600000344609725289e-07
7.800000503266346641e-07
3.199999980552092893e-06
4.599999670062970836e-07
6.200000370881753042e-07
2.399999630142701790e-07
1.599999961854337016e-06
4.400000079840538092e-07
8.399999842367833480e-07
6.519999999454739736e-06
5.540000017845159164e-06
1.699999984339228831e-06
4.859999990003416315e-06
2.779999988433701219e-06
3.139999989798525348e-06
4.199999921183916740e-07
3.979999974035308696e-06
5.639999983486632118e-06
3.399999854991619941e-07
8.200000252145400736e-07
4.199999921183916740e-07
4.400000079840538092e-07
2.959999960694403853e-06
3.200000264769187197e-07
5.259999966256145854e-06
3.600000582082429901e-07
1.580000002832093742e-06
2.259999973830417730e-06
3.799999603870674036e-07
1.239999960489512887e-06
3.699999979289714247e-06
5.059999921286362223e-06
3.600000582082429901e-07
5.999999984851456247e-06
3.599999445214052685e-07
5.199999918659159448e-06
8.019999995667603798e-06
3.000000106112565845e-07
8.800000159681076184e-07
2.600000000185787030e-06
6.620000000623349479e-06
1.100000002196566129e-06
3.360000000895979611e-06
2.960000003326967999e-06
2.520000002448341547e-06
9.999999974752427079e-07
7.799999997004647412e-07
5.800000000277805157e-07
6.539999999333190317e-06
3.679999998951188900e-06
7.400000043844556785e-07
7.960000004914036253e-06
1.819999994268073351e-06
1.319999995530451997e-06
2.799999947455944493e-07
3.199999980552092893e-07
6.200000086664658738e-07
8.799999875463981880e-07
2.399999999624924385e-06
4.840000002559463610e-06
7.200000027296482585e-07
3.600000013648241293e-07
4.000000046744389692e-07
6.680000012693199096e-06
1.359999998840066837e-06
2.599999788799323142e-07
9.799999816095805727e-07
4.199999921183916740e-07
1.260000004776884452e-06
8.440000016207704903e-06
3.759999998464991222e-06
2.140000020744992071e-06
7.000000010748408386e-06
3.400000139208714245e-07
1.060000016650519683e-06
9.360000007063717931e-06
5.600000463346077595e-07
3.000000106112565845e-07
6.000000212225131691e-07
9.700000020984589355e-06
6.040000016582780518e-06
3.440000000409781933e-06
2.400000028046633815e-06
4.400000079840538092e-07
6.920000032550888136e-06
2.799999947455944493e-07
3.420000041387538658e-06
1.479999980347201927e-06
3.259999971305660438e-06
8.200000252145400736e-07
8.399999842367833480e-07
8.400000410802022088e-07
1.260000033198593883e-06
2.479999977822444635e-06
7.580000044526968850e-06
6.999999868639861234e-07
2.020000010816147551e-06
2.539999968576012179e-06
3.499999991163349478e-06
4.000000330961483996e-07
2.300000005561742000e-06
2.639999991060903994e-06
7.900000014160468709e-06
4.999999987376213539e-06
1.900000029309012461e-06
6.799999709983239882e-07
2.880000010918593034e-06
2.239999957964755595e-06
6.000000212225131691e-07
1.279999992220837157e-06
6.400000529538374394e-07
2.900000026784255169e-06
5.900000019209983293e-06
4.959999955644889269e-06
7.539999955952225719e-06
5.080000050838862080e-06
6.999999868639861234e-07
7.879999998294806574e-06
3.980000087722146418e-06
1.260000090042012744e-06
7.399999049084726721e-07
